,Residual_Hydro_Water_Reservoir_AT,Residual_Hydro_Run-of-river_and_poundage_AT,Residual_Other_AT,Biomass_AT,Fossil_Brown_coal/Lignite_AT,Fossil_Coal-derived_gas_AT,Fossil_Gas_AT,Fossil_Hard_coal_AT,Fossil_Oil_AT,Fossil_Oil_shale_AT,Fossil_Peat_AT,Geothermal_AT,Hydro_Pumped_Storage_AT,Hydro_Run-of-river_and_poundage_AT,Hydro_Water_Reservoir_AT,Marine_AT,Nuclear_AT,Other_fossil_AT,Other_renewable_AT,Solar_AT,Waste_AT,Wind_Offshore_AT,Wind_Onshore_AT
2018-01-01 00:00:00,0.0,0.0,0.0,0.003767063990745196,0.0,0.0,0.0052197041487448146,0.018258162145088158,0.0,0.0,0.0,5.831125725807676e-07,0.0,0.0015693155436885483,0.0001868039655944614,0.0,0.0,0.005146639935163721,0.0,0.0,0.0,0.0,0.0017869513785397212
2018-01-01 01:00:00,0.0,0.0,0.0,0.0037409610177177987,0.0,0.0,0.005074331750607726,0.01797523516848317,0.0,0.0,0.0,5.790720328417542e-07,0.0,0.0015381307287484472,0.0001640055922182733,0.0,0.0,0.005110977519091323,0.0,0.0,0.0,0.0,0.0019751226999920077
2018-01-01 02:00:00,0.0,0.0,0.0,0.003873670625578095,0.0,0.0,0.005231727144783653,0.01858798541597887,0.0,0.0,0.0,5.996144608535211e-07,0.0,0.0015657818721260387,0.00012513320320814916,0.0,0.0,0.005292288101887822,0.0,0.0,0.0,0.0,0.0015266073156206797
2018-01-01 03:00:00,0.0,0.0,0.0,0.0040735063087377855,0.0,0.0,0.005747372097651237,0.019520704180884262,0.0,0.0,0.0,6.305474897553293e-07,0.0,0.0016619952139509998,0.00010256655337536946,0.0,0.0,0.005565307702814997,0.0,0.0,0.0,0.0,0.0010523318124347144
2018-01-01 04:00:00,0.0,0.0,0.0,0.0040492327284987134,0.0,0.0,0.005957409321100737,0.01939135856134947,0.0,0.0,0.0,6.267901259691753e-07,0.0,0.0017097188170320714,0.0001543263465483763,0.0,0.0,0.005532144640617296,0.0,0.0,0.0,0.0,0.0007409700443557877
2018-01-01 05:00:00,0.0,0.0,0.0,0.003954794246391504,0.0,0.0,0.007096067136600294,0.018989980935845443,0.0,0.0,0.0,6.121717742800485e-07,0.0,0.0017224598987340973,9.261349009215867e-05,0.0,0.0,0.005403120853226557,0.0,0.0,0.0,0.0,0.0007288272996859723
2018-01-01 06:00:00,0.0,0.0,0.0,0.003918158582399116,0.0,0.0,0.007121833370328734,0.01875105760997367,0.0,0.0,0.0,6.065008548766911e-07,0.0,0.0017473642249352763,8.786962872870776e-05,0.0,0.0,0.00535306845915582,0.0,0.00010586949063722242,0.0,0.0,0.000740318355928937
2018-01-01 07:00:00,0.0,0.0,0.0,0.003950424453711937,0.0,0.0,0.00665001743324245,0.018943588039085735,0.0,0.0,0.0,6.114953639357361e-07,0.0,0.0018018887935025809,8.947275977613934e-05,0.0,0.0,0.005397150753018997,0.0,0.000266570271059468,0.0,0.0,0.0006846231042657979
2018-01-01 08:00:00,0.0,0.0,0.0,0.0038461562049174045,0.0,0.0,0.0064894653213566165,0.018418846002008993,0.0,0.0,0.0,5.953554398615918e-07,0.0,0.0017565519933801271,0.00010665089271937983,0.0,0.0,0.005254697337166782,0.0,0.0008024253580060068,0.0,0.0,0.0006041510171487412
2018-01-01 09:00:00,0.0,0.0,0.0,0.0036715793439110753,0.0,0.0,0.006123456538264751,0.017641857756328348,0.0,0.0,0.0,5.683322826270532e-07,0.0,0.0016977923217469713,0.00010842394402941953,0.0,0.0,0.0050161868561083055,0.0,0.00146001292659763,0.0,0.0,0.0007041273723019042
2018-01-01 10:00:00,0.0,0.0,0.0,0.003464136408895326,0.0,0.0,0.005602203961824861,0.01661167649457248,0.0,0.0,0.0,5.36221709565933e-07,0.0,0.0016870145176687858,0.0001532016476023504,0.0,0.0,0.004732774071976536,0.0,0.0018592654139418163,0.0,0.0,0.0010331346356674963
2018-01-01 11:00:00,0.0,0.0,0.0,0.0033715828445831965,0.0,0.0,0.005367228323091796,0.01617869426741056,0.0,0.0,0.0,5.218951286742478e-07,0.0,0.0016481942571092338,0.000130887886383628,0.0,0.0,0.004606325497861309,0.0,0.00197445220535584,0.0,0.0,0.0015014789627509652
2018-01-01 12:00:00,0.0,0.0,0.0,0.003349881482159119,0.0,0.0,0.005267490180557402,0.016074560932625725,0.0,0.0,0.0,5.185359244497643e-07,0.0,0.00163627997541747,9.736456098967168e-05,0.0,0.0,0.00457667665229521,0.0,0.001756365689261208,0.0,0.0,0.0018983052068672667
2018-01-01 13:00:00,0.0,0.0,0.0,0.003691455655173328,0.0,0.0,0.007471261036805939,0.017844215669107013,0.0,0.0,0.0,5.714089829491138e-07,0.0,0.0017948900159849195,0.00010109099510327094,0.0,0.0,0.005043342279418707,0.0,0.001352743988775401,0.0,0.0,0.001862581400957973
2018-01-01 14:00:00,0.0,0.0,0.0,0.0038114085968639798,0.0,0.0,0.024276966204116963,0.018448575063986002,0.0,0.0,0.0,5.899767770162461e-07,0.0,0.0018561340769278698,0.00015351668901796126,0.0,0.0,0.005207224443767964,0.0,0.0006740759128594806,0.0,0.0,0.0016056930461032083
2018-01-01 15:00:00,0.0,0.0,0.0,0.0040353806672644085,0.0,0.0,0.028365809425328518,0.01964948558370444,0.0,0.0,0.0,6.246459332817864e-07,0.0,0.0019933527972305813,0.00028848433034776725,0.0,0.0,0.005513219671010206,0.0,0.0002309242812957496,0.0,0.0,0.0011391096669375682
2018-01-01 16:00:00,0.0,0.0,0.0,0.004044024297674933,0.0,0.0,0.04755862621614774,0.019834644387100343,0.0,0.0,0.0,6.259839008813547e-07,0.04355148625031158,0.0019899052741932533,0.0005136230387939742,0.0,0.0,0.005525028775810361,0.0,0.00010714552856988525,0.0,0.0,0.0005373492968275799
2018-01-01 17:00:00,0.0,0.0,0.0,0.004082202043404246,0.0,0.0,0.05089139187559806,0.01992999063126808,0.0,0.0,0.0,6.318935226935266e-07,0.03146132313334119,0.002065854910601734,0.0003861066692877569,0.0,0.0,0.005577187993516176,0.0,0.00010815703949184632,0.0,0.0,0.0004591788384838614
2018-01-01 18:00:00,0.0,0.0,0.0,0.004187623183688005,0.0,0.0,0.06105599128407132,0.020485079110121054,0.0,0.0,0.0,6.482119055153431e-07,0.007511016275812562,0.0020916292465582554,0.00032657552574120026,0.0,0.0,0.005721216513320418,0.0,0.0,0.0,0.0,0.0005281565428743913
2018-01-01 19:00:00,0.0,0.0,0.0,0.004169307106516415,0.0,0.0,0.06446451252410597,0.02039548024379788,0.0,0.0,0.0,6.453767174470352e-07,0.0,0.0020534010456694667,0.00020523170853895873,0.0,0.0,0.0056961927137623445,0.0,0.0,0.0,0.0,0.0005109429271013772
2018-01-01 20:00:00,0.0,0.0,0.0,0.0042218326989950546,0.0,0.0,0.06529307981709347,0.02067958170298659,0.0,0.0,0.0,6.535072757364073e-07,0.005979542954056454,0.0019182526126439656,0.000301984440223647,0.0,0.0,0.005767954253394493,0.0,0.0,0.0,0.0,0.0004490090081207919
2018-01-01 21:00:00,0.0,0.0,0.0,0.004429226996394344,0.0,0.0,0.06990555819956527,0.021681204237305313,0.0,0.0,0.0,6.856103200680641e-07,0.005464696930564097,0.001970997539662527,0.0003409347421976787,0.0,0.0,0.006051300587819053,0.0,0.0,0.0,0.0,0.00037831699454873906
2018-01-01 22:00:00,0.0,0.0,0.0,0.00438753713577282,0.0,0.0,0.06923903943949454,0.02147713106979868,0.0,0.0,0.0,6.791570498456108e-07,0.0,0.001923907397768538,0.0001957263931565598,0.0,0.0,0.0059943430468552454,0.0,0.0,0.0,0.0,0.0003384756512856398
2018-01-01 23:00:00,0.0,0.0,0.0,0.004344913544418354,0.0,0.0,0.05361691118496255,0.021268487261243394,0.0,0.0,0.0,6.725592452772799e-07,0.0,0.0018482866735660978,7.914812995823457e-05,0.0,0.0,0.005936109823850824,0.0,0.0,0.0,0.0,0.0005782089225660385
2018-01-02 00:00:00,0.0,0.0,0.0,0.004438614523143835,0.0,0.0,0.04516780723579398,0.02167005574968966,0.0,0.0,0.0,6.870634371073588e-07,0.0,0.0018701917953782522,5.8664806283430246e-05,0.0,0.0,0.006064126019024904,0.0,0.0,0.0,0.0,0.0008523027601014075
2018-01-02 01:00:00,0.0,0.0,0.0,0.004408842234971112,0.0,0.0,0.041604437292070875,0.02156724184717261,0.0,0.0,0.0,6.82454915566269e-07,0.0,0.0018578251426198886,5.2470948703253025e-05,0.0,0.0,0.006023450509490854,0.0,0.0,0.0,0.0,0.001266182283238955
2018-01-02 02:00:00,0.0,0.0,0.0,0.0044590164639756215,0.0,0.0,0.04094113861040014,0.021798343017228744,0.0,0.0,0.0,6.9022150084965e-07,0.0,0.0018679419649192271,5.9385716293508375e-05,0.0,0.0,0.006091999568212729,0.0,0.0,0.0,0.0,0.001452434392739532
2018-01-02 03:00:00,0.0,0.0,0.0,0.0043991509016307025,0.0,0.0,0.041521545817142534,0.021519833634577417,0.0,0.0,0.0,6.809547716001068e-07,0.0,0.0018715361380793544,4.8883042151578505e-05,0.0,0.0,0.00601021001150163,0.0,0.0,0.0,0.0,0.001131549925781979
2018-01-02 04:00:00,0.0,0.0,0.0,0.004142151914778112,0.0,0.0,0.05109061901623457,0.02028928549637363,0.0,0.0,0.0,6.411733023332097e-07,0.0,0.0017973812750581822,7.78858839842669e-05,0.0,0.0,0.00565909273494841,0.0,0.0,0.0,0.0,0.0011417843558872822
2018-01-02 05:00:00,0.0,0.0,0.0,0.0038709103985099533,0.0,0.0,0.0661937013968475,0.01893577866569918,0.0,0.0,0.0,5.99187198903481e-07,0.0,0.0017717588351257331,0.00017839930287686978,0.0,0.0,0.005288517023166058,0.0,0.0,0.0,0.0,0.0014990535332106976
2018-01-02 06:00:00,0.0,0.0,0.0,0.0032635142325871144,0.0,0.0,0.062094630493225535,0.0159645088153982,0.0,0.0,0.0,5.051669375654468e-07,0.05428029201569373,0.001593040569282921,0.00021751751606096363,0.0,0.0,0.004458679948010502,0.0,8.71156221048332e-05,0.0,0.0,0.002070675965742864
2018-01-02 07:00:00,0.0,0.0,0.0,0.0030430035713068103,0.0,0.0,0.05632374816372161,0.014905384808426504,0.0,0.0,0.0,4.71033580846118e-07,0.08034232156439357,0.0014488826861483132,0.00016919134788415067,0.0,0.0,0.004157413768762491,0.0,0.0002354270451440929,0.0,0.0,0.002785469859670582
2018-01-02 08:00:00,0.0,0.0,0.0,0.002910791537190468,0.0,0.0,0.05200159926554674,0.014248415324258905,0.0,0.0,0.0,4.505681734282669e-07,0.08259058016063854,0.001380416213653107,0.00022470296076497384,0.0,0.0,0.003976782981400211,0.0,0.0007252551290199027,0.0,0.0,0.0031818782287716483
2018-01-02 09:00:00,0.0,0.0,0.0,0.0028886328943702154,0.0,0.0,0.05095363555194128,0.014130658553943212,0.0,0.0,0.0,4.47138185710628e-07,0.08133344195318984,0.0013488286694517302,0.0002518165363560056,0.0,0.0,0.003946509389996424,0.0,0.0014054557595460158,0.0,0.0,0.0033531559291767846
2018-01-02 10:00:00,0.0,0.0,0.0,0.0029101220222744924,0.0,0.0,0.05329221094803719,0.014273216772725639,0.0,0.0,0.0,4.504645376615279e-07,0.05639801805769374,0.0013866690396020728,0.00023460566895206473,0.0,0.0,0.003975868276417175,0.0,0.0019253982444855206,0.0,0.0,0.0035930698210841923
2018-01-02 11:00:00,0.0,0.0,0.0,0.002940787452466605,0.0,0.0,0.05408269945502093,0.01435741439376038,0.0,0.0,0.0,4.5521131072738213e-07,0.05242003968175553,0.0013603771831402194,0.00018178149477082766,0.0,0.0,0.004017764014860546,0.0,0.002118257885130811,0.0,0.0,0.0038216823517397106
2018-01-02 12:00:00,0.0,0.0,0.0,0.0029920947254204705,0.0,0.0,0.05373467963628003,0.014444311620184443,0.0,0.0,0.0,4.573638664803073e-07,0.06801385073539436,0.0013550168981186727,0.00023784008789357267,0.0,0.0,0.0040367627981514635,0.0,0.0019352460605074366,0.0,0.0,0.0036299624631559438
2018-01-02 13:00:00,0.0,0.0,0.0,0.002912476075858575,0.0,0.0,0.05308026271859899,0.014237927364464794,0.0,0.0,0.0,4.5082892707587805e-07,0.0753364637367883,0.0013401179815145951,0.00031089914069465786,0.0,0.0,0.00397908443261073,0.0,0.0014283253017810897,0.0,0.0,0.0034223813656814412
2018-01-02 14:00:00,0.0,0.0,0.0,0.0030315096585976265,0.0,0.0,0.05578062869954682,0.014829585293483081,0.0,0.0,0.0,4.692544114385006e-07,0.06149456190073288,0.001410940447600531,0.00033348439328894936,0.0,0.0,0.004141710549941228,0.0,0.0007446900863343745,0.0,0.0,0.00351881014663005
2018-01-02 15:00:00,0.0,0.0,0.0,0.003030775375935352,0.0,0.0,0.055831996029784045,0.014903972366307437,0.0,0.0,0.0,4.691407501220875e-07,0.07010175890067445,0.0014649731124073242,0.0002924259588853402,0.0,0.0,0.004140707357937416,0.0,0.00021334439883196764,0.0,0.0,0.0031320491606761317
2018-01-02 16:00:00,0.0,0.0,0.0,0.002990162872244604,0.0,0.0,0.05552027963846102,0.0145984734210029,0.0,0.0,0.0,4.6285424647780693e-07,0.09108838109208274,0.0014625010170274974,0.0003247599776248698,0.0,0.0,0.0040852217240657076,0.0,7.984264367971517e-05,0.0,0.0,0.002826648379421873
2018-01-02 17:00:00,0.0,0.0,0.0,0.0029558995471432106,0.0,0.0,0.05539605955729502,0.01447872773488144,0.0,0.0,0.0,4.575505469138681e-07,0.08932063894817381,0.0014585734453980341,0.0002698256440629605,0.0,0.0,0.004038410467949124,0.0,7.831590417501536e-05,0.0,0.0,0.0029169668788314776
2018-01-02 18:00:00,0.0,0.0,0.0,0.0031336891272359395,0.0,0.0,0.05766685655761945,0.015349585111191602,0.0,0.0,0.0,4.850710083874778e-07,0.07720655242850663,0.0015266360797943747,0.00023214215176882425,0.0,0.0,0.004281310231587124,0.0,0.0,0.0,0.0,0.0029975336024757387
2018-01-02 19:00:00,0.0,0.0,0.0,0.0032955255510570677,0.0,0.0,0.0603756478403112,0.016036309830016925,0.0,0.0,0.0,5.10122043799526e-07,0.033309768912844234,0.001530985564709703,0.00022812233001439996,0.0,0.0,0.004502414466569109,0.0,0.0,0.0,0.0,0.0032362216871783156
2018-01-02 20:00:00,0.0,0.0,0.0,0.0034107556561174613,0.0,0.0,0.05955288346422002,0.016805451434153195,0.0,0.0,0.0,5.279587790303566e-07,0.01257767907770886,0.001549727669216948,0.00019088102269088696,0.0,0.0,0.0046598441948386355,0.0,0.0,0.0,0.0,0.0036043950588853127
2018-01-02 21:00:00,0.0,0.0,0.0,0.00332180493757991,0.0,0.0,0.04854862996824883,0.01662357987438716,0.0,0.0,0.0,5.141898909926785e-07,0.0,0.001477928952660249,0.00014260403589764258,0.0,0.0,0.004538317902370132,0.0,0.0,0.0,0.0,0.0037510744247328583
2018-01-02 22:00:00,0.0,0.0,0.0,0.003347324486156166,0.0,0.0,0.03961281592442735,0.02785063375146589,0.0,0.0,0.0,5.181401211076856e-07,0.0,0.0014191531374326046,9.979702152532875e-05,0.0,0.0,0.004573183232014805,0.0,0.0,0.0,0.0,0.003336475677487309
2018-01-02 23:00:00,0.0,0.0,0.0,0.003582280078030916,0.0,0.0,0.040866578302585777,0.0351629176033445,0.0,0.0,0.0,5.545094421377805e-07,0.0,0.0014667254636820189,0.0002015678870411885,0.0,0.0,0.004894184371125641,0.0,0.0,0.0,0.0,0.0021654471868861325
2018-01-03 00:00:00,0.0,0.0,0.0,0.0038689321602670868,0.0,0.0,0.031442315877122096,0.04047771424382222,0.0,0.0,0.0,5.988809828174763e-07,0.0,0.0015591870973840766,0.00018551249813136025,0.0,0.0,0.005285814313584535,0.0,0.0,0.0,0.0,0.0012957075448333211
2018-01-03 01:00:00,0.0,0.0,0.0,0.0038591865162255954,0.0,0.0,0.03028162805186343,0.04592385227726791,0.0,0.0,0.0,5.973724319719233e-07,0.0,0.0015719593579627432,0.00020066742242947898,0.0,0.0,0.005272499615203765,0.0,0.0,0.0,0.0,0.0006072919426743902
2018-01-03 02:00:00,0.0,0.0,0.0,0.0038047901086272124,0.0,0.0,0.029573428311757664,0.04543561986014113,0.0,0.0,0.0,5.889522858709354e-07,0.0,0.0015792540273130394,0.0001502467188254044,0.0,0.0,0.00519818212965983,0.0,0.0,0.0,0.0,0.0005418092605221576
2018-01-03 03:00:00,0.0,0.0,0.0,0.003758393457649261,0.0,0.0,0.02631188608902363,0.045084676930753236,0.0,0.0,0.0,5.836173309399098e-07,0.0,0.0015768556472993223,8.501214583906271e-05,0.0,0.0,0.00515109500893665,0.0,0.0,0.0,0.0,0.0008540830819627618
2018-01-03 04:00:00,0.0,0.0,0.0,0.0035337635575317466,0.0,0.0,0.02305177802286347,0.042199105099535394,0.0,0.0,0.0,5.469994573988853e-07,0.0,0.0014880342299179337,0.000145695303424923,0.0,0.0,0.004827900107696704,0.0,0.0,0.0,0.0,0.0015727367561290716
2018-01-03 05:00:00,0.0,0.0,0.0,0.003286920272383045,0.0,0.0,0.03142670426465631,0.039230238636018946,0.0,0.0,0.0,5.08790012754205e-07,0.0,0.0013833399644898915,0.00013032886164608356,0.0,0.0,0.004490657758696415,0.0,0.0,0.0,0.0,0.0026268216625062206
2018-01-03 06:00:00,0.0,0.0,0.0,0.0030143957496805126,0.0,0.0,0.03784927378552452,0.03602606263097754,0.0,0.0,0.0,4.6660530978265193e-07,0.0,0.0013387266566516993,0.00014057229703690193,0.0,0.0,0.004118329177260551,0.0,8.046570117005711e-05,0.0,0.0,0.003372949611627324
2018-01-03 07:00:00,0.0,0.0,0.0,0.0030080311150141,0.0,0.0,0.045836030711900795,0.035901624830412475,0.0,0.0,0.0,4.6562011322029283e-07,0.0,0.0013395786975559899,0.00018715575595813007,0.0,0.0,0.004109633683096563,0.0,0.00015096474186033205,0.0,0.0,0.0035843652234253537
2018-01-03 08:00:00,0.0,0.0,0.0,0.0030206673480218543,0.0,0.0,0.050120008084382744,0.036101016622889656,0.0,0.0,0.0,4.675761050364616e-07,0.0,0.001341633745189225,0.00019497297639672426,0.0,0.0,0.00412689756329279,0.0,0.00042687695038349144,0.0,0.0,0.003788361530202624
2018-01-03 09:00:00,0.0,0.0,0.0,0.0029888649556375152,0.0,0.0,0.047719388856260876,0.03726858397279113,0.0,0.0,0.0,4.626533389557648e-07,0.0,0.0012950539724579534,0.000236961007439919,0.0,0.0,0.004083448483829023,0.0,0.0007875625431023615,0.0,0.0,0.0038509086182500463
2018-01-03 10:00:00,0.0,0.0,0.0,0.002917865186304197,0.0,0.0,0.04915815350792368,0.039649047093749605,0.0,0.0,0.0,4.5166311998143764e-07,0.0,0.0012581731795398596,0.00040094800435339756,0.0,0.0,0.003986447145615498,0.0,0.0011998799353578375,0.0,0.0,0.003823587613822107
2018-01-03 11:00:00,0.0,0.0,0.0,0.002944511033618377,0.0,0.0,0.04968155710676051,0.0392535138437153,0.0,0.0,0.0,4.5578769249046275e-07,0.0,0.0012871133579670437,0.00033374765473612997,0.0,0.0,0.00402285124765102,0.0,0.001391877850676688,0.0,0.0,0.0038798238763730437
2018-01-03 12:00:00,0.0,0.0,0.0,0.0029682534575363444,0.0,0.0,0.05453004951879287,0.040753784950927914,0.0,0.0,0.0,4.5946283735769135e-07,0.0,0.0013050309250375958,0.00023334430517937108,0.0,0.0,0.004055288633210172,0.0,0.0010668822825332875,0.0,0.0,0.0035648388324128273
2018-01-03 13:00:00,0.0,0.0,0.0,0.0030836924880709472,0.0,0.0,0.06042873557240989,0.04246569784108204,0.0,0.0,0.0,4.713652637391727e-07,0.0,0.0013396971929224835,0.0002245967862612796,0.0,0.0,0.004160341252242483,0.0,0.0008205505553806088,0.0,0.0,0.003009281068025856
2018-01-03 14:00:00,0.0,0.0,0.0,0.0030183882917825334,0.0,0.0,0.06864465097672821,0.04353159079901357,0.0,0.0,0.0,4.613830330771202e-07,0.0002811390577042989,0.0014236041445228882,0.00020964476893186505,0.0,0.0,0.004072236571631743,0.0,0.0004564850296696983,0.0,0.0,0.002767804855128367
2018-01-03 15:00:00,0.0,0.0,0.0,0.0028779366384788434,0.0,0.0,0.06350366227753515,0.03971448468352947,0.0,0.0,0.0,4.3991395635880197e-07,0.0,0.0014163301548874405,0.00016951787351476594,0.0,0.0,0.003882747246919428,0.0,0.00014199670794470834,0.0,0.0,0.0032143044868677183
2018-01-03 16:00:00,0.0,0.0,0.0,0.0029258498169579318,0.0,0.0,0.06710240598412001,0.04099826409961156,0.0,0.0,0.0,4.4723784098664497e-07,0.0,0.0014267859531916101,0.00014169664374401802,0.0,0.0,0.003947388962565111,0.0,7.655074643533167e-05,0.0,0.0,0.0031820369851257246
2018-01-03 17:00:00,0.0,0.0,0.0,0.0029436329999280087,0.0,0.0,0.06398421590746513,0.03513783913569899,0.0,0.0,0.0,4.5278604515597754e-07,0.0,0.0014071414144570444,0.00014694756939707097,0.0,0.0,0.0039963582533830925,0.0,7.750039588717828e-05,0.0,0.0,0.0033472470898096448
2018-01-03 18:00:00,0.0,0.0,0.0,0.003029072508937117,0.0,0.0,0.05674969897578509,0.03519803629956378,0.0,0.0,0.0,4.688771593897445e-07,0.0,0.0014502282248543955,0.0001381912607233889,0.0,0.0,0.004138380866187098,0.0,0.0,0.0,0.0,0.0031265782070317317
2018-01-03 19:00:00,0.0,0.0,0.0,0.003035719616757054,0.0,0.0,0.04411932655080019,0.035460783740182335,0.0,0.0,0.0,4.6990608062671515e-07,0.0,0.0014275865519907168,0.00015053751787501128,0.0,0.0,0.004147462280955596,0.0,0.0,0.0,0.0,0.0030810202284726747
2018-01-03 20:00:00,0.0,0.0,0.0,0.003053743605382852,0.0,0.0,0.03995979085471025,0.035700788175081447,0.0,0.0,0.0,4.726960556315403e-07,0.0,0.0014587978921751976,0.00015285290669333817,0.0,0.0,0.004172087023163419,0.0,0.0,0.0,0.0,0.0031190261213480644
2018-01-03 21:00:00,0.0,0.0,0.0,0.003005252407009918,0.0,0.0,0.03733677168180275,0.0355011716251907,0.0,0.0,0.0,4.651899905632979e-07,0.0,0.0014011428799591097,0.0001608879950228174,0.0,0.0,0.004105837355341682,0.0,0.0,0.0,0.0,0.0033140797788761295
2018-01-03 22:00:00,0.0,0.0,0.0,0.0030004888543132087,0.0,0.0,0.03291569106243174,0.035483502426017395,0.0,0.0,0.0,4.6445262919263193e-07,0.0,0.0013856154094272378,0.00012492327029599496,0.0,0.0,0.004099329292138517,0.0,0.0,0.0,0.0,0.003379408155967767
2018-01-03 23:00:00,0.0,0.0,0.0,0.0030455690940335376,0.0,0.0,0.02959326802396175,0.03605579699103252,0.0,0.0,0.0,4.7143070405954673e-07,0.0,0.001381630470020536,7.785541558165562e-05,0.0,0.0,0.004160918838427456,0.0,0.0,0.0,0.0,0.0034271656815431715
2018-01-04 00:00:00,0.0,0.0,0.0,0.003042130632527645,0.0,0.0,0.028648137421063747,0.03591724932728719,0.0,0.0,0.0,4.7089845662776775e-07,0.0,0.0012773737775978208,7.813695739455992e-05,0.0,0.0,0.004156221141933521,0.0,0.0,0.0,0.0,0.0037025791092303137
2018-01-04 01:00:00,0.0,0.0,0.0,0.0029675630448013158,0.0,0.0,0.027512351722478057,0.03499292963978329,0.0,0.0,0.0,4.579068943186944e-07,0.0,0.0012399459592403142,9.124934037224113e-05,0.0,0.0,0.004041555644147872,0.0,0.0,0.0,0.0,0.003529182073803292
2018-01-04 02:00:00,0.0,0.0,0.0,0.0030078653734377505,0.0,0.0,0.028465942529062732,0.035599756815850196,0.0,0.0,0.0,4.6559445769726317e-07,0.0,0.0012801653434772143,8.797175392501496e-05,0.0,0.0,0.0041094072435622605,0.0,0.0,0.0,0.0,0.003696987396761797
2018-01-04 03:00:00,0.0,0.0,0.0,0.0030653113067620904,0.0,0.0,0.029116979162438553,0.036279661333673975,0.0,0.0,0.0,4.744866469585432e-07,0.0,0.0013436253920496544,0.0001663368299946347,0.0,0.0,0.004187891053576147,0.0,0.0,0.0,0.0,0.0030836583336817424
2018-01-04 04:00:00,0.0,0.0,0.0,0.0031653722751714564,0.0,0.0,0.03388054588233378,0.03739267428464999,0.0,0.0,0.0,4.89975316343362e-07,0.0,0.0014524845433768405,0.00018566932840914603,0.0,0.0,0.004324596396844002,0.0,0.0,0.0,0.0,0.0030045519250390352
2018-01-04 05:00:00,0.0,0.0,0.0,0.0032410421940680064,0.0,0.0,0.04705921319487976,0.03834910953712682,0.0,0.0,0.0,5.016884386006817e-07,0.003273935138964068,0.0015237936926593696,0.00016406479373779737,0.0,0.0,0.004427978188987794,0.0,0.0,0.0,0.0,0.0031512181687090406
2018-01-04 06:00:00,0.0,0.0,0.0,0.0029627812472219966,0.0,0.0,0.06329738207127121,0.035285323493058414,0.0,0.0,0.0,4.586157812307071e-07,0.051509476282965684,0.0014389554344288553,0.00017774393353762395,0.0,0.0,0.004047812387463716,0.0,7.90407380544595e-05,0.0,0.0,0.0025488034113776608
2018-01-04 07:00:00,0.0,0.0,0.0,0.0028308209797879807,0.0,0.0,0.06755175173215733,0.033686426906963864,0.0,0.0,0.0,4.3818934536156934e-07,0.07416313212130404,0.0013763109787029136,0.00023738013233043798,0.0,0.0,0.003867525568896442,0.0,0.00018193838224809042,0.0,0.0,0.0023450050796314887
2018-01-04 08:00:00,0.0,0.0,0.0,0.0028171949846607413,0.0,0.0,0.06653579969184237,0.03356052112576921,0.0,0.0,0.0,4.360801459712384e-07,0.06912175101944167,0.0013699511834186957,0.00029696473650513036,0.0,0.0,0.0038489094554323526,0.0,0.000525783646663075,0.0,0.0,0.002373974513886639
2018-01-04 09:00:00,0.0,0.0,0.0,0.002971717685830519,0.0,0.0,0.06714908207669854,0.03147314061114411,0.0,0.0,0.0,4.599990732903928e-07,0.06194084195349547,0.0014628644161785648,0.0003089826790994741,0.0,0.0,0.004060021532817698,0.0,0.0010376081701468764,0.0,0.0,0.001577874659465993
2018-01-04 10:00:00,0.0,0.0,0.0,0.002795705256996508,0.0,0.0,0.07130573388493415,0.023036226907151177,0.0,0.0,0.0,4.327537011821037e-07,0.08975805601735015,0.00137355257615051,0.00040085468159739107,0.0,0.0,0.0038195497496072714,0.0,0.0013107200687885738,0.0,0.0,0.0013711325856356562
2018-01-04 11:00:00,0.0,0.0,0.0,0.002873948029976653,0.0,0.0,0.08165164556432251,0.014142010643547843,0.0,0.0,0.0,4.4486508149058627e-07,0.08147960283362995,0.0014161651135165692,0.00040672170287266727,0.0,0.0,0.0039264466276658526,0.0,0.0014235932476862514,0.0,0.0,0.001518096947321206
2018-01-04 12:00:00,0.0,0.0,0.0,0.002917713485071243,0.0,0.0,0.08169129616240732,0.014057085400992545,0.0,0.0,0.0,4.516396377957278e-07,0.084908704012767,0.0014288301943536756,0.0004140965069743442,0.0,0.0,0.003986239888285743,0.0,0.0012482254971371075,0.0,0.0,0.0011642073712836477
2018-01-04 13:00:00,0.0,0.0,0.0,0.0029883527810257333,0.0,0.0,0.08454724490058688,0.014061026255462732,0.0,0.0,0.0,4.6257405825965223e-07,0.07641718683387644,0.0014828200846476263,0.0004304729319542458,0.0,0.0,0.0040827487403903,0.0,0.0008943909561096689,0.0,0.0,0.000766454702255286
2018-01-04 14:00:00,0.0,0.0,0.0,0.0029382030506197834,0.0,0.0,0.0839860969643668,0.01372110952673311,0.0,0.0,0.0,4.548112651711652e-07,0.08422657901386396,0.0014805612051878457,0.000467732493811202,0.0,0.0,0.004014233152155257,0.0,0.000445889543440554,0.0,0.0,0.0007496699247506417
2018-01-04 15:00:00,0.0,0.0,0.0,0.002910621007176387,0.0,0.0,0.08717970722806165,0.013620387747432816,0.0,0.0,0.0,4.505417766918543e-07,0.08489270374189926,0.0014994019886784276,0.00047936573946959194,0.0,0.0,0.00397654999980426,0.0,0.0001545337652764665,0.0,0.0,0.0007481725622998821
2018-01-04 16:00:00,0.0,0.0,0.0,0.002747759930345866,0.0,0.0,0.08388447378737493,0.013176415031014955,0.0,0.0,0.0,4.2533213286386806e-07,0.10750614354623003,0.0014143965568095913,0.0005392478118248478,0.0,0.0,0.0037540458629064114,0.0,7.33700558830487e-05,0.0,0.0,0.0010859412522678895
2018-01-04 17:00:00,0.0,0.0,0.0,0.002775973840156536,0.0,0.0,0.08061304127403711,0.013543839650181588,0.0,0.0,0.0,4.29699429403741e-07,0.10051852518255273,0.0014359702721258093,0.0004642132964028579,0.0,0.0,0.003792592284022549,0.0,7.354881239728265e-05,0.0,0.0,0.00138167710498156
2018-01-04 18:00:00,0.0,0.0,0.0,0.002943569863186808,0.0,0.0,0.08357811177623631,0.01443726772325863,0.0,0.0,0.0,4.556420065363782e-07,0.07048942321302354,0.0015136459841595196,0.00028931439379425284,0.0,0.0,0.004021565401341851,0.0,0.0,0.0,0.0,0.0013161335502596583
2018-01-04 19:00:00,0.0,0.0,0.0,0.0031198902359230226,0.0,0.0,0.08667190600548466,0.015261926752800926,0.0,0.0,0.0,4.829350459955447e-07,0.03862076763925401,0.0015510238695854248,0.00037004448877667287,0.0,0.0,0.004262457903815015,0.0,0.0,0.0,0.0,0.0010800522474396753
2018-01-04 20:00:00,0.0,0.0,0.0,0.0033310925074533505,0.0,0.0,0.07125031803977736,0.01611296006526398,0.0,0.0,0.0,5.156275354752864e-07,0.011290656188432929,0.001674554073148061,0.00034931503201199765,0.0,0.0,0.004551006770445828,0.0,0.0,0.0,0.0,0.001347375228364729
2018-01-04 21:00:00,0.0,0.0,0.0,0.0033943394810794776,0.0,0.0,0.05597001086288323,0.01636431042407118,0.0,0.0,0.0,5.254176812200056e-07,0.0,0.0016943972841382065,0.000266634249747071,0.0,0.0,0.004637416080466092,0.0,0.0,0.0,0.0,0.0016330529273537117
2018-01-04 22:00:00,0.0,0.0,0.0,0.003309560124000183,0.0,0.0,0.04786729640352583,0.015998161738655068,0.0,0.0,0.0,5.122944878976455e-07,0.0,0.0016676881214175248,0.0002522711619040504,0.0,0.0,0.004521588787408749,0.0,0.0,0.0,0.0,0.0016307072163213657
2018-01-04 23:00:00,0.0,0.0,0.0,0.003247949812633506,0.0,0.0,0.04601641435299222,0.015880469092612027,0.0,0.0,0.0,5.092032962450695e-07,0.0,0.0016010831024750676,0.00024755299170713,0.0,0.0,0.0044943054614190875,0.0,0.0,0.0,0.0,0.001681091559827428
2018-01-05 00:00:00,0.0,0.0,0.0,0.0033327811906844734,0.0,0.0,0.04699632011501738,0.016161554768239376,0.0,0.0,0.0,5.175266733064656e-07,0.0,0.0016262207906974707,0.00024550910534485413,0.0,0.0,0.004567768848754427,0.0,0.0,0.0,0.0,0.0014988044028764755
2018-01-05 01:00:00,0.0,0.0,0.0,0.0034005515160076315,0.0,0.0,0.047934131552994017,0.01628341779256236,0.0,0.0,0.0,5.214289813752957e-07,0.0,0.0016163009505735433,0.00030817769488379886,0.0,0.0,0.0046022112111570495,0.0,0.0,0.0,0.0,0.0010023011203889238
2018-01-05 02:00:00,0.0,0.0,0.0,0.003410258361966715,0.0,0.0,0.059474929500273735,0.016257206237230877,0.0,0.0,0.0,5.212832791938804e-07,0.0,0.0015243853512367106,0.0003445581732397626,0.0,0.0,0.004600925221623,0.0,0.0,0.0,0.0,0.0006971163168714985
2018-01-05 03:00:00,0.0,0.0,0.0,0.0033930814653298363,0.0,0.0,0.07319487210018989,0.016142992011562447,0.0,0.0,0.0,5.186576631686823e-07,0.0,0.0014575843574995682,0.0002901955048949295,0.0,0.0,0.004577751136677644,0.0,0.0,0.0,0.0,0.0008462681814589293
2018-01-05 04:00:00,0.0,0.0,0.0,0.0033748150932395643,0.0,0.0,0.0821465782151329,0.016152553680470624,0.0,0.0,0.0,5.158655127414925e-07,0.0,0.0014965394195205115,0.00028485586480775664,0.0,0.0,0.004553107193862351,0.0,0.0,0.0,0.0,0.0009318532598558353
2018-01-05 05:00:00,0.0,0.0,0.0,0.00324617290318206,0.0,0.0,0.11374434431882251,0.015670871843795443,0.0,0.0,0.0,4.962016000527233e-07,0.0,0.0014234253019680804,0.0002376635972403896,0.0,0.0,0.004379550520443902,0.0,0.0,0.0,0.0,0.001142586391246068
2018-01-05 06:00:00,0.0,0.0,0.0,0.002984149276838121,0.0,0.0,0.14894204596134947,0.014551856873968077,0.0,0.0,0.0,4.604662165254216e-07,0.03826302251797596,0.0013492568463710055,0.000230542359423314,0.0,0.0,0.004064144609804703,0.0,7.935965375121933e-05,0.0,0.0,0.001004411697392973
2018-01-05 07:00:00,0.0,0.0,0.0,0.002861258443238194,0.0,0.0,0.15572770290123056,0.01401515217890773,0.0,0.0,0.0,4.4290083092669134e-07,0.04628392891540273,0.0013230496166405888,0.00023558901044047848,0.0,0.0,0.003909109854510599,0.0,0.00019323400591044542,0.0,0.0,0.0007494376131506159
2018-01-05 08:00:00,0.0,0.0,0.0,0.0029380734941282746,0.0,0.0,0.16164705769694482,0.014253949526479725,0.0,0.0,0.0,4.5193088874070944e-07,0.02707602183327601,0.0013515155153229715,0.0002174640370140693,0.0,0.0,0.0039888105132646606,0.0,0.0005838509102754521,0.0,0.0,0.0006274147512212306
2018-01-05 09:00:00,0.0,0.0,0.0,0.00299611325550173,0.0,0.0,0.15257652340751512,0.014387585954341245,0.0,0.0,0.0,4.579781286023978e-07,0.03365876030733,0.0013611706389447206,0.0002366624135035026,0.0,0.0,0.004042184368731254,0.0,0.001088520195548138,0.0,0.0,0.0005694162938924133
2018-01-05 10:00:00,0.0,0.0,0.0,0.003000896204073808,0.0,0.0,0.14584778009052146,0.014467739393893328,0.0,0.0,0.0,4.5870923775930955e-07,0.03631373500813465,0.0013519936771960565,0.000274647547783754,0.0,0.0,0.004048637248948313,0.0,0.001453480493525654,0.0,0.0,0.00040552601704846883
2018-01-05 11:00:00,0.0,0.0,0.0,0.003025514600164078,0.0,0.0,0.11829824662141482,0.014615255342798401,0.0,0.0,0.0,4.6247234215795366e-07,0.05768776334211253,0.001353127642056152,0.000325217685633786,0.0,0.0,0.004081850978661832,0.0,0.0015919912014118068,0.0,0.0,0.00035918281536876935
2018-01-05 12:00:00,0.0,0.0,0.0,0.0030464717926172043,0.0,0.0,0.09206942813044618,0.014687465666622804,0.0,0.0,0.0,4.6567580443122325e-07,0.09639425714916343,0.0012782867161670686,0.00044919102033207385,0.0,0.0,0.00411012522216413,0.0,0.0014580714196988686,0.0,0.0,0.0005249783410707557
2018-01-05 13:00:00,0.0,0.0,0.0,0.0029706471143676064,0.0,0.0,0.08482178235342579,0.01429805078369753,0.0,0.0,0.0,4.569413233583878e-07,0.1253665079849373,0.001256095625882482,0.00048282875916648264,0.0,0.0,0.004033033368521822,0.0,0.0010667380223424222,0.0,0.0,0.0008598240865125246
2018-01-05 14:00:00,0.0,0.0,0.0,0.0031265600864548116,0.0,0.0,0.08985689197086486,0.014902385462423387,0.0,0.0,0.0,4.83967487629633e-07,0.11764633859612537,0.0013520691956532382,0.0004031729802512546,0.0,0.0,0.004271570390141982,0.0,0.0005950959896273756,0.0,0.0,0.001252021177207522
2018-01-05 15:00:00,0.0,0.0,0.0,0.003023563312364586,0.0,0.0,0.08767936382174603,0.01461567491930224,0.0,0.0,0.0,4.6802437807406883e-07,0.11811755663825867,0.0013576697835276815,0.0004670619037493984,0.0,0.0,0.004130854089057611,0.0,0.00019117272619007715,0.0,0.0,0.0012416279814007256
2018-01-05 16:00:00,0.0,0.0,0.0,0.003002486968695167,0.0,0.0,0.08649555706485712,0.01452344914313018,0.0,0.0,0.0,4.647619219523081e-07,0.1267539247411639,0.0013591809884090304,0.0007566627688713228,0.0,0.0,0.004102059156908129,0.0,8.134297618061117e-05,0.0,0.0,0.0010018173117723982
2018-01-05 17:00:00,0.0,0.0,0.0,0.003049584402025293,0.0,0.0,0.08862385808341976,0.014731650264531135,0.0,0.0,0.0,4.720522428968292e-07,0.12084601836451751,0.0013958287719162369,0.000731991006455493,0.0,0.0,0.004166404634398302,0.0,8.079806366676345e-05,0.0,0.0,0.0012019970771834116
2018-01-05 18:00:00,0.0,0.0,0.0,0.003222643867868476,0.0,0.0,0.09098144421618062,0.015588378837077314,0.0,0.0,0.0,4.988405190145677e-07,0.10500465093828559,0.0014720517825607498,0.0005876326564562723,0.0,0.0,0.004402842019124129,0.0,0.0,0.0,0.0,0.0012962734167158174
2018-01-05 19:00:00,0.0,0.0,0.0,0.003409414866389299,0.0,0.0,0.0969594302465077,0.016314996780095636,0.0,0.0,0.0,5.227880573191037e-07,0.07296978057635367,0.0015735831629773841,0.0004941644497785203,0.0,0.0,0.00461420662140239,0.0,0.0,0.0,0.0,0.001075381199364829
2018-01-05 20:00:00,0.0,0.0,0.0,0.003849722544547037,0.0,0.0,0.11047320414369209,0.01695428341277331,0.0,0.0,0.0,5.921596360469834e-07,0.0024501282022590387,0.0018112829232125663,0.00034401921761970474,0.0,0.0,0.005226490688381254,0.0,0.0,0.0,0.0,0.00099990729794503
2018-01-05 21:00:00,0.0,0.0,0.0,0.003999165162552086,0.0,0.0,0.11759712933367102,0.01795542115889164,0.0,0.0,0.0,6.190400513079216e-07,0.0009186785910402864,0.0018498102639482295,0.0003512983254148718,0.0,0.0,0.005463741307148467,0.0,0.0,0.0,0.0,0.0008158993388106607
2018-01-05 22:00:00,0.0,0.0,0.0,0.0041334937947138314,0.0,0.0,0.08755253965136205,0.020113935135845508,0.0,0.0,0.0,6.398330918465284e-07,0.0,0.0019018895496868634,0.00036318181230413137,0.0,0.0,0.005647263834086693,0.0,0.0,0.0,0.0,0.0008430397428914242
2018-01-05 23:00:00,0.0,0.0,0.0,0.00447132539396045,0.0,0.0,0.07348352458910508,0.021510496832188957,0.0,0.0,0.0,6.856177989350178e-07,0.0,0.0019896500885797394,0.0003276702907670778,0.0,0.0,0.006051366597432195,0.0,0.0,0.0,0.0,0.000753726840932208
2018-01-06 00:00:00,0.0,0.0,0.0,0.004596725136106789,0.0,0.0,0.07289668533281907,0.02205926004052863,0.0,0.0,0.0,7.026435237947144e-07,0.0,0.0020399123958969056,0.00034205478601740313,0.0,0.0,0.006201638225259063,0.0,0.0,0.0,0.0,0.0005417105308071278
2018-01-06 01:00:00,0.0,0.0,0.0,0.004579046703696968,0.0,0.0,0.07279233068785024,0.021959879019742546,0.0,0.0,0.0,6.999412443075134e-07,0.0,0.0020399061025344525,0.00031584510744673194,0.0,0.0,0.006177787496979873,0.0,0.0,0.0,0.0,0.0005370116347126724
2018-01-06 02:00:00,0.0,0.0,0.0,0.004477633413921331,0.0,0.0,0.07102350916715633,0.021569373718266158,0.0,0.0,0.0,6.865850492199244e-07,0.0,0.0019817275910896984,0.00027606227586018077,0.0,0.0,0.006059903695031662,0.0,0.0,0.0,0.0,0.0005556562762469909
2018-01-06 03:00:00,0.0,0.0,0.0,0.0045305188294870406,0.0,0.0,0.07198033510456239,0.021623333238517308,0.0,0.0,0.0,7.012895178521237e-07,0.0,0.0020058435669330567,0.00029848048530777834,0.0,0.0,0.006189687563612814,0.0,0.0,0.0,0.0,0.0004721054172051719
2018-01-06 04:00:00,0.0,0.0,0.0,0.0042583731383672675,0.0,0.0,0.06722558305575373,0.020077910803522645,0.0,0.0,0.0,6.591634550999404e-07,0.0,0.0018850102641714257,0.00027951663252752894,0.0,0.0,0.005817876549639917,0.0,0.0,0.0,0.0,0.00039257189684372963
2018-01-06 05:00:00,0.0,0.0,0.0,0.004171111358028656,0.0,0.0,0.06652986416804495,0.020404306308928755,0.0,0.0,0.0,6.456560017234558e-07,0.0,0.0018606209437958142,0.0002673725845630839,0.0,0.0,0.0056986577191110175,0.0,0.0,0.0,0.0,0.0004632489031884436
2018-01-06 06:00:00,0.0,0.0,0.0,0.004245703268907275,0.0,0.0,0.06990092400313763,0.020796505663738064,0.0,0.0,0.0,6.572022566193122e-07,0.0,0.0019729183973477356,0.00026132627414044915,0.0,0.0,0.005800566714634113,0.0,0.0001137734012510461,0.0,0.0,0.00045724576000358215
2018-01-06 07:00:00,0.0,0.0,0.0,0.004140621903002216,0.0,0.0,0.09199038603230233,0.02025515752670928,0.0,0.0,0.0,6.409364682616587e-07,2.5196653853480993e-05,0.0019947018634642946,0.00028167681733749393,0.0,0.0,0.005657002401541162,0.0,0.0002755477537217363,0.0,0.0,0.0004559220746168142
2018-01-06 08:00:00,0.0,0.0,0.0,0.0038084098601743797,0.0,0.0,0.10733345884239391,0.01864228500030045,0.0,0.0,0.0,5.895125956086933e-07,0.011628088905856792,0.0018620436304575478,0.0003009334697995879,0.0,0.0,0.005203127508319124,0.0,0.000749647289113158,0.0,0.0,0.0004172805343024352
2018-01-06 09:00:00,0.0,0.0,0.0,0.003761637383999802,0.0,0.0,0.11212786213729539,0.018449626988580443,0.0,0.0,0.0,5.82272575535996e-07,0.00908178347074355,0.001872286613030336,0.00024036350933076257,0.0,0.0,0.005139225993946664,0.0,0.0013562715974571864,0.0,0.0,0.0003241681773304942
2018-01-06 10:00:00,0.0,0.0,0.0,0.0036951285390513827,0.0,0.0,0.11094356311008961,0.018111537461773443,0.0,0.0,0.0,5.719775171636066e-07,0.007555202276258531,0.0018622244260053094,0.0002222774382279363,0.0,0.0,0.005048360248556066,0.0,0.00171033660122673,0.0,0.0,0.00036033643078306964
2018-01-06 11:00:00,0.0,0.0,0.0,0.0037445695491118564,0.0,0.0,0.10763296696430498,0.018293654651463005,0.0,0.0,0.0,5.796306057859878e-07,0.0058789380338420604,0.0018750637041198995,0.00024215295510420114,0.0,0.0,0.005115907568547763,0.0,0.001830763025552895,0.0,0.0,0.0003954013216498674
2018-01-06 12:00:00,0.0,0.0,0.0,0.003864017631989388,0.0,0.0,0.11030686218078013,0.018902060525057635,0.0,0.0,0.0,5.981202515864511e-07,0.008006330139422986,0.0018768212474209187,0.0003510014782005831,0.0,0.0,0.005279099984452182,0.0,0.0017390743065224322,0.0,0.0,0.0004545871644823361
2018-01-06 13:00:00,0.0,0.0,0.0,0.003973752707502228,0.0,0.0,0.1131997609032291,0.01946442449077084,0.0,0.0,0.0,6.15106398448262e-07,0.007828668474164718,0.0019315633390656727,0.0004113992393729949,0.0,0.0,0.005429022290871742,0.0,0.0013137052646047121,0.0,0.0,0.0005078346722609452
2018-01-06 14:00:00,0.0,0.0,0.0,0.004086585709345265,0.0,0.0,0.11610385588997438,0.019977678436780087,0.0,0.0,0.0,6.325720805121572e-07,0.010432055122789241,0.001985201066179824,0.00033333634385574666,0.0,0.0,0.005583177047657516,0.0,0.000693527500854766,0.0,0.0,0.0007189448127988434
2018-01-06 15:00:00,0.0,0.0,0.0,0.004087359642555075,0.0,0.0,0.11601448096492643,0.019928879893737927,0.0,0.0,0.0,6.326918794287899e-07,0.023510768962046544,0.0020018359634382346,0.0002987358598167642,0.0,0.0,0.005584234411051006,0.0,0.00023669720526041504,0.0,0.0,0.0008991306817811584
2018-01-06 16:00:00,0.0,0.0,0.0,0.003829273246500692,0.0,0.0,0.10722841657958715,0.018707464614773982,0.0,0.0,0.0,5.927420875693743e-07,0.06348053610729062,0.0019136702437340042,0.00029808673753302606,0.0,0.0,0.005231631493787261,0.0,0.00010224837657191355,0.0,0.0,0.0007800436901651956
2018-01-06 17:00:00,0.0,0.0,0.0,0.0036063497589346512,0.0,0.0,0.09838169090234766,0.017533134716823787,0.0,0.0,0.0,5.529853826452423e-07,0.108054186821643,0.0017836832963757702,0.00037766024357631893,0.0,0.0,0.0048807327910762735,0.0,9.465085448926686e-05,0.0,0.0,0.0005619439208214721
2018-01-06 18:00:00,0.0,0.0,0.0,0.0039435938875730416,0.0,0.0,0.1081019534992283,0.01907524038567811,0.0,0.0,0.0,6.02807569200554e-07,0.05663755256162029,0.00195197588372458,0.0002306325652148605,0.0,0.0,0.005320470960068037,0.0,0.0,0.0,0.0,0.00040863180442534037
2018-01-06 19:00:00,0.0,0.0,0.0,0.004182866734552791,0.0,0.0,0.11455640616609793,0.02027246232705599,0.0,0.0,0.0,6.393821981749194e-07,0.023815935166303412,0.001993195310356451,0.00024211779426053793,0.0,0.0,0.005643284178209021,0.0,0.0,0.0,0.0,0.0003636366057319995
2018-01-06 20:00:00,0.0,0.0,0.0,0.004307301445191234,0.0,0.0,0.11271629587706893,0.0208071415211351,0.0,0.0,0.0,6.584029664341726e-07,0.023029666481353423,0.0019985300176684423,0.00026120106798856413,0.0,0.0,0.005811164361425285,0.0,0.0,0.0,0.0,0.00034207618414454084
2018-01-06 21:00:00,0.0,0.0,0.0,0.004271127676059915,0.0,0.0,0.10254378190683229,0.020700223172715575,0.0,0.0,0.0,6.528735375780253e-07,0.0,0.0019545954824210605,0.0002601172412692858,0.0,0.0,0.005762360784366838,0.0,0.0,0.0,0.0,0.0003319925169929864
2018-01-06 22:00:00,0.0,0.0,0.0,0.004366749930982454,0.0,0.0,0.08544594153759198,0.021108184841089072,0.0,0.0,0.0,6.674901083240572e-07,0.0,0.0020078009927814258,0.0002665517019821056,0.0,0.0,0.005891368852883926,0.0,0.0,0.0,0.0,0.0004305709364353081
2018-01-06 23:00:00,0.0,0.0,0.0,0.004443165227102139,0.0,0.0,0.06627750154517494,0.02142111963168106,0.0,0.0,0.0,6.791707529890172e-07,0.0,0.002006496241381585,0.0001549679930653581,0.0,0.0,0.005994463992875634,0.0,0.0,0.0,0.0,0.0004013931754322351
2018-01-07 00:00:00,0.0,0.0,0.0,0.004375868645956715,0.0,0.0,0.05998415057261152,0.02115226328025599,0.0,0.0,0.0,6.688839715271597e-07,0.0,0.0019522384798694697,0.0001460611991762363,0.0,0.0,0.0059036713007517404,0.0,0.0,0.0,0.0,0.0003977146424602864
2018-01-07 01:00:00,0.0,0.0,0.0,0.00440611073917626,0.0,0.0,0.04698907589531747,0.02132310191137779,0.0,0.0,0.0,6.75618006002963e-07,0.0,0.001969722534148716,0.00015062366146599668,0.0,0.0,0.005963106909564888,0.0,0.0,0.0,0.0,0.0003922667429603201
2018-01-07 02:00:00,0.0,0.0,0.0,0.004574183952012504,0.0,0.0,0.046071015496914614,0.02203825078004611,0.0,0.0,0.0,6.991979366530984e-07,0.0,0.0020351296979877645,0.00018230260746663954,0.0,0.0,0.006171226950975191,0.0,0.0,0.0,0.0,0.00039448948106381653
2018-01-07 03:00:00,0.0,0.0,0.0,0.004549981300875739,0.0,0.0,0.046159523142795734,0.021806037611617406,0.0,0.0,0.0,6.954983819535292e-07,0.0,0.002009749017708905,0.00022671800402025152,0.0,0.0,0.006138574120536541,0.0,0.0,0.0,0.0,0.00038507904642892096
2018-01-07 04:00:00,0.0,0.0,0.0,0.004334341198194772,0.0,0.0,0.040823273210269455,0.020896463801236814,0.0,0.0,0.0,6.625361931924371e-07,0.0,0.0019073097131460826,0.0001632142576635995,0.0,0.0,0.00584764484717613,0.0,0.0,0.0,0.0,0.0003670604802958942
2018-01-07 05:00:00,0.0,0.0,0.0,0.004334734414814583,0.0,0.0,0.04039379826285961,0.020912125328029274,0.0,0.0,0.0,6.625962992686499e-07,0.0,0.0019144433690784592,0.00017042015689984464,0.0,0.0,0.005848175352513742,0.0,0.0,0.0,0.0,0.00026501689818632184
2018-01-07 06:00:00,0.0,0.0,0.0,0.004092683073042037,0.0,0.0,0.0451455858295703,0.019845405491730837,0.0,0.0,0.0,6.275580757481559e-07,0.0,0.0019134021259028442,0.00018118431543300974,0.0,0.0,0.005538922681747862,0.0,0.00010815731928382548,0.0,0.0,0.0002285629083623954
2018-01-07 07:00:00,0.0,0.0,0.0,0.003936951307784093,0.0,0.0,0.04836040814333244,0.019195528806287682,0.0,0.0,0.0,6.094098244275031e-07,0.0,0.00189637407694,0.00020359539815578036,0.0,0.0,0.005378743465259912,0.0,0.0002421227094673774,0.0,0.0,0.00021347236906025353
2018-01-07 08:00:00,0.0,0.0,0.0,0.0037747630127813307,0.0,0.0,0.04805909554310927,0.01824661285038783,0.0,0.0,0.0,5.770005180333693e-07,0.0,0.0018113517838467522,0.0002330567599837645,0.0,0.0,0.005092694015458514,0.0,0.0007068797498158718,0.0,0.0,0.0002111902326119422
2018-01-07 09:00:00,0.0,0.0,0.0,0.003737419014314082,0.0,0.0,0.05615229405429517,0.018113578790887656,0.0,0.0,0.0,5.712922109454595e-07,0.0,0.0017893153737974764,0.0001918319331493186,0.0,0.0,0.005042311632017887,0.0,0.0013051621025397283,0.0,0.0,0.00022420234123376009
2018-01-07 10:00:00,0.0,0.0,0.0,0.0037737113562808216,0.0,0.0,0.06102711208035134,0.018229545168637163,0.0,0.0,0.0,5.768397645387706e-07,0.0,0.0018220651586578899,0.00019324218467292817,0.0,0.0,0.005091275180753309,0.0,0.0018062243497579936,0.0,0.0,0.00021690781902140922
2018-01-07 11:00:00,0.0,0.0,0.0,0.0039003512973225358,0.0,0.0,0.06273029431113557,0.018866075135035278,0.0,0.0,0.0,5.961976186179181e-07,0.0,0.0018377130969470846,0.00015396603956829006,0.0,0.0,0.005262130534500657,0.0,0.0020878590317543366,0.0,0.0,0.0002419879740648658
2018-01-07 12:00:00,0.0,0.0,0.0,0.003956807146754408,0.0,0.0,0.06331891642369666,0.01908888504656161,0.0,0.0,0.0,6.048273138485605e-07,0.0,0.001847300004090256,0.00018830350497299906,0.0,0.0,0.005338297532419679,0.0,0.0020012415586385364,0.0,0.0,0.0003302118883223007
2018-01-07 13:00:00,0.0,0.0,0.0,0.003968739237395371,0.0,0.0,0.05810232963966884,0.019096031417893015,0.0,0.0,0.0,6.066512223847372e-07,0.0,0.001867775720614373,0.000181256205122345,0.0,0.0,0.005354395625569735,0.0,0.0015133668818334337,0.0,0.0,0.0006080590596093594
2018-01-07 14:00:00,0.0,0.0,0.0,0.003908817611047634,0.0,0.0,0.06233311780271816,0.01877046845793315,0.0,0.0,0.0,5.974917574522431e-07,0.0,0.001856434170049568,0.00016930057197645114,0.0,0.0,0.005273552799976609,0.0,0.0007963930873228798,0.0,0.0,0.00069107947706212
2018-01-07 15:00:00,0.0,0.0,0.0,0.0038145263949330237,0.0,0.0,0.0662541330055652,0.01842670905331839,0.0,0.0,0.0,5.830786458582417e-07,0.0,0.0018769540591829417,0.00019556093618907074,0.0,0.0,0.005146340492769181,0.0,0.0002551421283258738,0.0,0.0,0.0008979183261770981
2018-01-07 16:00:00,0.0,0.0,0.0,0.003732518278269423,0.0,0.0,0.06536771851199386,0.018030555101473132,0.0,0.0,0.0,5.705430970999176e-07,0.012924902452036298,0.0018450717628618514,0.00024581675194957226,0.0,0.0,0.005035699839690402,0.0,9.841903699127905e-05,0.0,0.0,0.0007565801028393517
2018-01-07 17:00:00,0.0,0.0,0.0,0.003579791645595188,0.0,0.0,0.06288563739935324,0.017292783505838242,0.0,0.0,0.0,5.471976987604352e-07,0.015466820388933916,0.0018161319114887331,0.00027969037912766,0.0,0.0,0.004829649815996832,0.0,9.366021487671457e-05,0.0,0.0,0.0007381932715070402
2018-01-07 18:00:00,0.0,0.0,0.0,0.0036652200465544338,0.0,0.0,0.06328048921625982,0.017682176953309415,0.0,0.0,0.0,5.602560633362625e-07,0.014756700004663302,0.001828196556425996,0.0002364763299766948,0.0,0.0,0.004944904920712605,0.0,0.0,0.0,0.0,0.0007332340653242526
2018-01-07 19:00:00,0.0,0.0,0.0,0.0038073095764708403,0.0,0.0,0.06653852547141882,0.018198375166076024,0.0,0.0,0.0,5.819755016404105e-07,0.006440372352563292,0.0018484430755179653,0.00019039678253823445,0.0,0.0,0.005136603974723261,0.0,0.0,0.0,0.0,0.0007288508969028265
2018-01-07 20:00:00,0.0,0.0,0.0,0.004034639363145979,0.0,0.0,0.06910029871613406,0.01929779255510597,0.0,0.0,0.0,6.167245452841655e-07,0.00029699915311868884,0.0018977725032555018,0.00019386226719166581,0.0,0.0,0.005443304300072403,0.0,0.0,0.0,0.0,0.0007555678980779634
2018-01-07 21:00:00,0.0,0.0,0.0,0.004082612531851732,0.0,0.0,0.06581856222073701,0.019475383168794397,0.0,0.0,0.0,6.240575998630083e-07,0.0,0.0018730932802700083,0.00020759140808416607,0.0,0.0,0.005508026951095297,0.0,0.0,0.0,0.0,0.0006578089706720057
2018-01-07 22:00:00,0.0,0.0,0.0,0.004208814631598404,0.0,0.0,0.05807433728289705,0.020050674207230314,0.0,0.0,0.0,6.433485266534225e-07,0.0,0.0018998835677511653,0.00020769928027117396,0.0,0.0,0.005678291594449585,0.0,0.0,0.0,0.0,0.0005908446852029938
2018-01-07 23:00:00,0.0,0.0,0.0,0.004301097854391452,0.0,0.0,0.04959416623516482,0.020517628872990253,0.0,0.0,0.0,6.574547015780686e-07,0.0,0.0019051814865009102,0.0001454567192813577,0.0,0.0,0.005802794832097633,0.0,0.0,0.0,0.0,0.0005362381220332044
2018-01-08 00:00:00,0.0,0.0,0.0,0.004328447040936561,0.0,0.0,0.04861187285830122,0.020634347536899078,0.0,0.0,0.0,6.616352275477484e-07,0.0,0.001904428803024704,0.00015762844360409035,0.0,0.0,0.005839692787856532,0.0,0.0,0.0,0.0,0.0004844146007184405
2018-01-08 01:00:00,0.0,0.0,0.0,0.004286745919858621,0.0,0.0,0.046619485422478645,0.020408321211255395,0.0,0.0,0.0,6.552609019588118e-07,0.0,0.0018870483720986341,0.00015319668891327376,0.0,0.0,0.0057834320241920475,0.0,0.0,0.0,0.0,0.0005127131009574099
2018-01-08 02:00:00,0.0,0.0,0.0,0.004350198818776239,0.0,0.0,0.05143105834014768,0.020738041480533934,0.0,0.0,0.0,6.64960148089553e-07,0.0,0.0019142301504068574,0.0001807663947944432,0.0,0.0,0.005869039040443683,0.0,0.0,0.0,0.0,0.0006063104811802053
2018-01-08 03:00:00,0.0,0.0,0.0,0.004222998635537769,0.0,0.0,0.05479656853934988,0.02003777464429016,0.0,0.0,0.0,6.455166568361888e-07,0.0,0.001852037260493161,0.00017050080129754099,0.0,0.0,0.0056974278400185535,0.0,0.0,0.0,0.0,0.0006584398168744301
2018-01-08 04:00:00,0.0,0.0,0.0,0.003946163989710291,0.0,0.0,0.05852260587272562,0.022020381744389868,0.0,0.0,0.0,6.032004283706715e-07,0.0,0.0017300526182509612,0.00016445053939064205,0.0,0.0,0.0053239383946405315,0.0,0.0,0.0,0.0,0.0005894659530968908
2018-01-08 05:00:00,0.0,0.0,0.0,0.003691720391172455,0.0,0.0,0.07000966223771249,0.033286808157568126,0.0,0.0,0.0,5.643068375228504e-07,0.019205944864150993,0.0017008565873021446,0.0003933612513406633,0.0,0.0,0.004980657667570307,0.0,0.0,0.0,0.0,0.0004915987225199475
2018-01-08 06:00:00,0.0,0.0,0.0,0.0034030699971699186,0.0,0.0,0.07675222842281826,0.03283496494625156,0.0,0.0,0.0,5.201844843298002e-07,0.05972311716191283,0.0016918371168428948,0.0002847921206491165,0.0,0.0,0.004591227091632422,0.0,9.005318752961163e-05,0.0,0.0,0.0005354963777645028
2018-01-08 07:00:00,0.0,0.0,0.0,0.00306949187174789,0.0,0.0,0.07931578126554752,0.0338375594475152,0.0,0.0,0.0,4.6919459423037086e-07,0.08655360505537825,0.0015548795407935487,0.00045276929109375,0.0,0.0,0.0041411825941970945,0.0,0.00018221539557152842,0.0,0.0,0.0004348894209064245
2018-01-08 08:00:00,0.0,0.0,0.0,0.0031731396395842807,0.0,0.0,0.0945498784131386,0.03767093417165975,0.0,0.0,0.0,4.850379241379973e-07,0.04144891550643608,0.0016386289243039644,0.0005095997183952383,0.0,0.0,0.004281018224987354,0.0,0.0005335728973216888,0.0,0.0,0.00041946285473996853
2018-01-08 09:00:00,0.0,0.0,0.0,0.0030653909406597978,0.0,0.0,0.09895630689992113,0.037696337292237814,0.0,0.0,0.0,4.6856773650334654e-07,0.043785411761279314,0.0015566667907388433,0.00048806793024103076,0.0,0.0,0.004135649852899319,0.0,0.0009502979042872523,0.0,0.0,0.00036949314335907893
2018-01-08 10:00:00,0.0,0.0,0.0,0.002990019254152572,0.0,0.0,0.12221977913829252,0.03817490463669654,0.0,0.0,0.0,4.570466153064758e-07,0.0349693051640984,0.0015014481419829222,0.00041277896947098926,0.0,0.0,0.004033962691212435,0.0,0.0012826794798227157,0.0,0.0,0.00033080173156674206
2018-01-08 11:00:00,0.0,0.0,0.0,0.0029059548117501247,0.0,0.0,0.13619537710737523,0.0376086410216225,0.0,0.0,0.0,4.498194854788945e-07,0.0405657534545628,0.0014662248427762049,0.00023921039687629293,0.0,0.0,0.003970174948096861,0.0,0.0014112231279256027,0.0,0.0,0.0003370390125404896
2018-01-08 12:00:00,0.0,0.0,0.0,0.002891690057351881,0.0,0.0,0.14505657431780222,0.037176179229594424,0.0,0.0,0.0,4.4619938768070893e-07,0.0374897192800273,0.0014200640829376847,0.00023646842694176876,0.0,0.0,0.00393822341631136,0.0,0.0013026784137860669,0.0,0.0,0.00035791192155938955
2018-01-08 13:00:00,0.0,0.0,0.0,0.0028541991861884396,0.0,0.0,0.1501166905688014,0.03688374541329896,0.0,0.0,0.0,4.4180811215448467e-07,0.03845379181293195,0.0014039021822176108,0.00025412959448153753,0.0,0.0,0.0038994653530277164,0.0,0.0010158214029358681,0.0,0.0,0.0004298453432565052
2018-01-08 14:00:00,0.0,0.0,0.0,0.002856849684373714,0.0,0.0,0.14937209529680448,0.03696393757106293,0.0,0.0,0.0,4.422183889162367e-07,0.04085815281907962,0.0013790605230217113,0.0002970971524809462,0.0,0.0,0.0039030865179035786,0.0,0.0005847676345461809,0.0,0.0,0.00048705177909498477
2018-01-08 15:00:00,0.0,0.0,0.0,0.0027821180203444216,0.0,0.0,0.1436238598473427,0.035907528535997685,0.0,0.0,0.0,4.306505013060393e-07,0.06136220484905587,0.0013376768872251541,0.0003897841376327527,0.0,0.0,0.003800986588765314,0.0,0.00019161028964527856,0.0,0.0,0.0004751157461472809
2018-01-08 16:00:00,0.0,0.0,0.0,0.002730548013709972,0.0,0.0,0.14094568224991974,0.03676121580251292,0.0,0.0,0.0,4.226678603659069e-07,0.07286957036719212,0.0013165875506078125,0.0004646859309507892,0.0,0.0,0.003730530590074139,0.0,7.291046722994865e-05,0.0,0.0,0.0005718816493540229
2018-01-08 17:00:00,0.0,0.0,0.0,0.0028552884433478754,0.0,0.0,0.14868479564651038,0.03855078515522401,0.0,0.0,0.0,4.419767207966529e-07,0.05236854587012801,0.0013911229473373633,0.00035617149253727574,0.0,0.0,0.0039009535184558026,0.0,7.56502352515253e-05,0.0,0.0,0.0006345046054409863
2018-01-08 18:00:00,0.0,0.0,0.0,0.0030899871878068558,0.0,0.0,0.14535581337686276,0.040400516129172295,0.0,0.0,0.0,4.7529806819801397e-07,0.02199228632427717,0.0014931547721675792,0.0003521979897827935,0.0,0.0,0.004195052780405013,0.0,0.0,0.0,0.0,0.0006266300483671294
2018-01-08 19:00:00,0.0,0.0,0.0,0.0032640018862201527,0.0,0.0,0.12728443235228298,0.0430827948685671,0.0,0.0,0.0,4.98926892319855e-07,0.004481784860129679,0.0015763947396111237,0.00020745869174450775,0.0,0.0,0.0044036043630063,0.0,0.0,0.0,0.0,0.000636456439991459
2018-01-08 20:00:00,0.0,0.0,0.0,0.003405931959100093,0.0,0.0,0.09420134920568315,0.04033724814279759,0.0,0.0,0.0,5.206219564335352e-07,0.0,0.0016677674135156717,0.00018550541361360558,0.0,0.0,0.004595088286718025,0.0,0.0,0.0,0.0,0.0007216858825126609
2018-01-08 21:00:00,0.0,0.0,0.0,0.003466938999137865,0.0,0.0,0.08626117144052163,0.040982694259656796,0.0,0.0,0.0,5.299473348973716e-07,0.0,0.0016974105242200102,0.00017718667680766958,0.0,0.0,0.004677395490282648,0.0,0.0,0.0,0.0,0.0011066186925517358
2018-01-08 22:00:00,0.0,0.0,0.0,0.0034699866156792003,0.0,0.0,0.08340286982948147,0.040974635002551045,0.0,0.0,0.0,5.304131856851331e-07,0.0,0.0016766146302281421,0.00014058392218153521,0.0,0.0,0.004681507159934204,0.0,0.0,0.0,0.0,0.0017533549307161866
2018-01-08 23:00:00,0.0,0.0,0.0,0.0033154323070013762,0.0,0.0,0.06275905785886632,0.03910749335354395,0.0,0.0,0.0,5.067884135154798e-07,0.0,0.0016086694573690917,0.0001581782230332922,0.0,0.0,0.00447299134047699,0.0,0.0,0.0,0.0,0.00208169782280683
2018-01-09 00:00:00,0.0,0.0,0.0,0.003373967189420051,0.0,0.0,0.04637982357300055,0.039808663370469996,0.0,0.0,0.0,5.157359043550998e-07,0.0,0.0016153998107456102,0.00017486281481599868,0.0,0.0,0.004551963250602152,0.0,0.0,0.0,0.0,0.002401603079807874
2018-01-09 01:00:00,0.0,0.0,0.0,0.0033832757264042356,0.0,0.0,0.04672476615406381,0.040285422619932704,0.0,0.0,0.0,5.220530304202222e-07,0.0,0.0016268468407530658,0.0001223946739558192,0.0,0.0,0.004607719162600978,0.0,0.0,0.0,0.0,0.0028755115099880235
2018-01-09 02:00:00,0.0,0.0,0.0,0.0034461613486128865,0.0,0.0,0.04682506346313774,0.04126382164485944,0.0,0.0,0.0,5.334393082928624e-07,0.0,0.001623704997118537,0.00012122784818696589,0.0,0.0,0.004708216176672965,0.0,0.0,0.0,0.0,0.0028936133131047723
2018-01-09 03:00:00,0.0,0.0,0.0,0.0034588108451632754,0.0,0.0,0.0477648819044788,0.0409668918440744,0.0,0.0,0.0,5.320300742525937e-07,0.0,0.0016569678672914223,0.00011290737542923527,0.0,0.0,0.0046957780634668995,0.0,0.0,0.0,0.0,0.0029985802182786606
2018-01-09 04:00:00,0.0,0.0,0.0,0.0032128686882193836,0.0,0.0,0.04687585499677825,0.037918103816221294,0.0,0.0,0.0,4.911108038302607e-07,0.0,0.0015194654162767143,0.00017871470029775903,0.0,0.0,0.0043346183814842705,0.0,0.0,0.0,0.0,0.002918706836778324
2018-01-09 05:00:00,0.0,0.0,0.0,0.0032545929382376392,0.0,0.0,0.06252682382543666,0.04077759499420803,0.0,0.0,0.0,4.974886648492358e-07,0.010414314347716338,0.0015341447829147297,0.00023249058455113237,0.0,0.0,0.004390910349390065,0.0,0.0,0.0,0.0,0.0027476726283784995
2018-01-09 06:00:00,0.0,0.0,0.0,0.002805801070410375,0.0,0.0,0.08352342868064018,0.040296318368883866,0.0,0.0,0.0,4.288874998625386e-07,0.06939373587942964,0.00137505834247231,0.0003642981705649805,0.0,0.0,0.003785426070845568,0.0,7.460098708199317e-05,0.0,0.0,0.0024196494716959478
2018-01-09 07:00:00,0.0,0.0,0.0,0.0028508613075564466,0.0,0.0,0.09100091138607472,0.04104305880402648,0.0,0.0,0.0,4.357752912518137e-07,0.05687165540087732,0.0013953631838338823,0.0005018318320378668,0.0,0.0,0.003846218761478576,0.0,0.00019693859154573933,0.0,0.0,0.0024473941667092114
2018-01-09 08:00:00,0.0,0.0,0.0,0.0029160795542683728,0.0,0.0,0.08828007106213653,0.04186159054704908,0.0,0.0,0.0,4.457443838837462e-07,0.030411538125084812,0.0014573920502582351,0.0004993237860332707,0.0,0.0,0.003934207483844434,0.0,0.0006034375794823619,0.0,0.0,0.002243740221548119
2018-01-09 09:00:00,0.0,0.0,0.0,0.0029136122421772374,0.0,0.0,0.08761745293246424,0.037282663992657554,0.0,0.0,0.0,4.453672369344107e-07,0.024109048817491374,0.0014773865003375756,0.00032332205767525337,0.0,0.0,0.003930878727713718,0.0,0.0011085272062674697,0.0,0.0,0.00246232243794797
2018-01-09 10:00:00,0.0,0.0,0.0,0.00278294120930911,0.0,0.0,0.09095073645261001,0.03279109083212304,0.0,0.0,0.0,4.25393200577275e-07,0.05111434685793949,0.00138365074533291,0.000271720693077357,0.0,0.0,0.0037545848557996335,0.0,0.0014290617768816394,0.0,0.0,0.002149493417712387
2018-01-09 11:00:00,0.0,0.0,0.0,0.00282029580318542,0.0,0.0,0.09100014886381344,0.033688166269419534,0.0,0.0,0.0,4.3656012886281473e-07,0.04283675006577961,0.0014366493161071065,0.0003042558096651325,0.0,0.0,0.003853145857173871,0.0,0.0015629211430383534,0.0,0.0,0.0020005069065617185
2018-01-09 12:00:00,0.0,0.0,0.0,0.0029126519390352793,0.0,0.0,0.09613584658741581,0.03434720857847135,0.0,0.0,0.0,4.4522044747809175e-07,0.037022408917619806,0.001477672629369471,0.0003087779210783684,0.0,0.0,0.0039295831417265935,0.0,0.0014460028820909283,0.0,0.0,0.0021322164681443667
2018-01-09 13:00:00,0.0,0.0,0.0,0.003100287539980671,0.0,0.0,0.10137571913768469,0.03629403349908774,0.0,0.0,0.0,4.739019404831905e-07,0.028541390265791736,0.0015952475935093308,0.00034019539703136726,0.0,0.0,0.0041827303456135655,0.0,0.001110062025485773,0.0,0.0,0.0021874216464646593
2018-01-09 14:00:00,0.0,0.0,0.0,0.003096607881698368,0.0,0.0,0.10103521647320422,0.03596574928163266,0.0,0.0,0.0,4.7333947742845424e-07,0.03829069109177589,0.0016305446879868628,0.0003654152731333109,0.0,0.0,0.004177765961452292,0.0,0.0005833178320995396,0.0,0.0,0.002165952738913106
2018-01-09 15:00:00,0.0,0.0,0.0,0.0030523357559368294,0.0,0.0,0.10132114255086544,0.03581023004083401,0.0,0.0,0.0,4.6657215470849786e-07,0.03445086153756161,0.0016350610522888433,0.0003457320489434426,0.0,0.0,0.004118036545551481,0.0,0.00019773048056013286,0.0,0.0,0.0021730508003486027
2018-01-09 16:00:00,0.0,0.0,0.0,0.0028974707840319055,0.0,0.0,0.0952060200341308,0.027340071692725218,0.0,0.0,0.0,4.428998953608775e-07,0.07005473108011019,0.0015464128294178003,0.0004763891609787089,0.0,0.0,0.0039091015970649425,0.0,7.726609854682328e-05,0.0,0.0,0.00246748985371855
2018-01-09 17:00:00,0.0,0.0,0.0,0.003192079807509113,0.0,0.0,0.1011811840404488,0.028447187799698816,0.0,0.0,0.0,4.879330692549922e-07,0.009451805580492325,0.001747662559013407,0.00047308481691422005,0.0,0.0,0.004306571214543513,0.0,8.351627979321052e-05,0.0,0.0,0.003148353261943249
2018-01-09 18:00:00,0.0,0.0,0.0,0.003264316529441297,0.0,0.0,0.09862796271505286,0.029236090344645277,0.0,0.0,0.0,4.989749878694249e-07,0.0008042489512468719,0.0017419859400442522,0.0004653916581467702,0.0,0.0,0.00440402886161559,0.0,0.0,0.0,0.0,0.0032187967570626607
2018-01-09 19:00:00,0.0,0.0,0.0,0.003377199494331849,0.0,0.0,0.1051474030232088,0.0301827441284452,0.0,0.0,0.0,5.162299861298321e-07,0.0,0.0017793681307372825,0.000261499244776152,0.0,0.0,0.004556324091223063,0.0,0.0,0.0,0.0,0.0028379072804004283
2018-01-09 20:00:00,0.0,0.0,0.0,0.0034054699645334916,0.0,0.0,0.10555638839768575,0.0304786654570278,0.0,0.0,0.0,5.20551337138137e-07,0.0,0.0018148261240635906,0.00020120353503811286,0.0,0.0,0.004594464990114626,0.0,0.0,0.0,0.0,0.003175468164764392
2018-01-09 21:00:00,0.0,0.0,0.0,0.0034612310686346075,0.0,0.0,0.10173727345046554,0.030988716054143287,0.0,0.0,0.0,5.290748353931308e-07,0.0,0.0018104136169814187,0.00017980053369240855,0.0,0.0,0.004669694677432632,0.0,0.0,0.0,0.0,0.0030876136503054396
2018-01-09 22:00:00,0.0,0.0,0.0,0.0036995830819971805,0.0,0.0,0.08063849779159495,0.03319320282832012,0.0,0.0,0.0,5.65508708120724e-07,0.0,0.0019666537862221833,0.0001496640269421902,0.0,0.0,0.004991265559608269,0.0,0.0,0.0,0.0,0.003250957085648024
2018-01-09 23:00:00,0.0,0.0,0.0,0.0037353048986519125,0.0,0.0,0.060879787492820685,0.03338320765088343,0.0,0.0,0.0,5.709690526893984e-07,0.0,0.001959767328256767,0.00014618165197142807,0.0,0.0,0.005039459388275893,0.0,0.0,0.0,0.0,0.003107943499067882
2018-01-10 00:00:00,0.0,0.0,0.0,0.003907761954004849,0.0,0.0,0.0573823467908468,0.034998959354045046,0.0,0.0,0.0,5.973303924450918e-07,0.0,0.0020087614867923846,0.00019924740924824017,0.0,0.0,0.00527212856796894,0.0,0.0,0.0,0.0,0.0032524747703161815
2018-01-10 01:00:00,0.0,0.0,0.0,0.004011866639591635,0.0,0.0,0.060853926245660356,0.03589312542833836,0.0,0.0,0.0,6.132435656191122e-07,0.0,0.002037785182517816,0.0001599718259075462,0.0,0.0,0.005412580646013006,0.0,0.0,0.0,0.0,0.0033936346936012966
2018-01-10 02:00:00,0.0,0.0,0.0,0.004228803227188843,0.0,0.0,0.06358378138917986,0.03788772212753531,0.0,0.0,0.0,6.464039317136582e-07,0.0,0.002131869541479027,0.00014766055228011732,0.0,0.0,0.0057052590625518654,0.0,0.0,0.0,0.0,0.002960323026018575
2018-01-10 03:00:00,0.0,0.0,0.0,0.003949566206992567,0.0,0.0,0.07404175288143468,0.035373369404699206,0.0,0.0,0.0,6.037204825112065e-07,0.0,0.0020158369007622747,0.00013735762103434313,0.0,0.0,0.005328528471298077,0.0,0.0,0.0,0.0,0.0026607542836112018
2018-01-10 04:00:00,0.0,0.0,0.0,0.003775419581127094,0.0,0.0,0.07550036566751794,0.03974904322491932,0.0,0.0,0.0,5.771008793737626e-07,0.0,0.0019014009949081718,0.00024026603889210258,0.0,0.0,0.005093579819858389,0.0,0.0,0.0,0.0,0.0026146899779455747
2018-01-10 05:00:00,0.0,0.0,0.0,0.0035599044654668283,0.0,0.0,0.10517808194225096,0.04818698167258174,0.0,0.0,0.0,5.441577958056186e-07,0.008257337262454235,0.0018172391904974349,0.0003256667207503341,0.0,0.0,0.004802819171826294,0.0,0.0,0.0,0.0,0.002337013249008692
2018-01-10 06:00:00,0.0,0.0,0.0,0.003070188253859334,0.0,0.0,0.10710001358453028,0.04582904280030259,0.0,0.0,0.0,4.6930104140008507e-07,0.03208790904423561,0.0016039211615785749,0.0005567625620545443,0.0,0.0,0.004142122113048851,0.0,8.423732161782154e-05,0.0,0.0,0.0016378194647813215
2018-01-10 07:00:00,0.0,0.0,0.0,0.002958623183844818,0.0,0.0,0.10627282064951227,0.04438921473084307,0.0,0.0,0.0,4.5224749314425077e-07,0.06739078814495213,0.0015519196988099961,0.0006033532790377636,0.0,0.0,0.003991604911711092,0.0,0.00020352220866783047,0.0,0.0,0.0014700465583778446
2018-01-10 08:00:00,0.0,0.0,0.0,0.00302311073772691,0.0,0.0,0.10954198646955614,0.04543355560527228,0.0,0.0,0.0,4.6210489395873404e-07,0.050257300943459086,0.0016392247075211095,0.0005511860829122075,0.0,0.0,0.004078607825169466,0.0,0.0006323595407489656,0.0,0.0,0.0012051302758406626
2018-01-10 09:00:00,0.0,0.0,0.0,0.0029707686704631858,0.0,0.0,0.10804501723518144,0.04335430950894437,0.0,0.0,0.0,4.5410402083799923e-07,0.040662050123862835,0.0016181761945911735,0.0005034036440783442,0.0,0.0,0.004007990906489243,0.0,0.0011776374211201017,0.0,0.0,0.0009605413861110902
2018-01-10 10:00:00,0.0,0.0,0.0,0.0029983962307650134,0.0,0.0,0.11008125140269678,0.04307184963505693,0.0,0.0,0.0,4.5832709830065737e-07,0.01198188262873442,0.001660760418388393,0.0005146774809601454,0.0,0.0,0.004045264428173765,0.0,0.0016545912667619003,0.0,0.0,0.0006572897065320585
2018-01-10 11:00:00,0.0,0.0,0.0,0.003042118236436338,0.0,0.0,0.11076857104274326,0.04362262210698435,0.0,0.0,0.0,4.6501033108544195e-07,0.015753308917917788,0.0017063740822965577,0.000445995340569905,0.0,0.0,0.0041042516535630845,0.0,0.0019295501494820731,0.0,0.0,0.0005539736864226614
2018-01-10 12:00:00,0.0,0.0,0.0,0.0031375074159320938,0.0,0.0,0.11299976380888402,0.04497052995788522,0.0,0.0,0.0,4.795912745241334e-07,0.01830233663410375,0.0017196995457113558,0.0004721458601252591,0.0,0.0,0.004232945270066336,0.0,0.00186743867643155,0.0,0.0,0.00046190444104193254
2018-01-10 13:00:00,0.0,0.0,0.0,0.0032138360750407578,0.0,0.0,0.11522381979691185,0.04607477181133434,0.0,0.0,0.0,4.912586760795069e-07,0.02008015534856902,0.001788960010723779,0.0005405451256941465,0.0,0.0,0.004335923524365868,0.0,0.0014146477258694418,0.0,0.0,0.00026587931631977827
2018-01-10 14:00:00,0.0,0.0,0.0,0.0032958293233278035,0.0,0.0,0.11756809737957542,0.04714558316936043,0.0,0.0,0.0,5.03791952096219e-07,0.04323968969473958,0.001835388198292785,0.0005862850686804833,0.0,0.0,0.004446544117882749,0.0,0.0007690030948928591,0.0,0.0,0.0001821645379082244
2018-01-10 15:00:00,0.0,0.0,0.0,0.003275208353082837,0.0,0.0,0.11664368536242654,0.046819403313353006,0.0,0.0,0.0,5.006398838807024e-07,0.05407923410681389,0.0018137340770789682,0.000626018582331359,0.0,0.0,0.004418723486122847,0.0,0.0002465939987198733,0.0,0.0,0.00020098608967643945
2018-01-10 16:00:00,0.0,0.0,0.0,0.0031049774320534725,0.0,0.0,0.109363790783829,0.04429718516181584,0.0,0.0,0.0,4.7461882526413285e-07,0.0894014015626787,0.0017126652521467839,0.000641763612999569,0.0,0.0,0.004189057679332644,0.0,8.358075209792065e-05,0.0,0.0,0.0001504992028478658
2018-01-10 17:00:00,0.0,0.0,0.0,0.003065112841945114,0.0,0.0,0.1079420025063462,0.04375765970479469,0.0,0.0,0.0,4.6852522705258256e-07,0.092232040763019,0.0016898222162011927,0.0006718136341101489,0.0,0.0,0.004135274658044653,0.0,8.029075733776327e-05,0.0,0.0,8.737558474433315e-05
2018-01-10 18:00:00,0.0,0.0,0.0,0.0032434493178923013,0.0,0.0,0.1136115062453247,0.04636540499717594,0.0,0.0,0.0,4.957852798445997e-07,0.08548017304084789,0.0017752276609010196,0.0004614442153785115,0.0,0.0,0.0043758760151944905,0.0,0.0,0.0,0.0,4.33092236002663e-05
2018-01-10 19:00:00,0.0,0.0,0.0,0.0037106642412117153,0.0,0.0,0.13122503389686918,0.05298535651239576,0.0,0.0,0.0,5.672025454783401e-07,0.013295186798794234,0.0020468035264222984,0.0003531050753517279,0.0,0.0,0.005006215624824318,0.0,0.0,0.0,0.0,2.0892483858531122e-05
2018-01-10 20:00:00,0.0,0.0,0.0,0.003946779383041721,0.0,0.0,0.13834634967753162,0.05641956885604424,0.0,0.0,0.0,6.032944958047932e-07,0.0006818598088513359,0.0020964890549505224,0.00037951795494279303,0.0,0.0,0.005324768648069823,0.0,0.0,0.0,0.0,2.4920516340729923e-05
2018-01-10 21:00:00,0.0,0.0,0.0,0.0040942448019072744,0.0,0.0,0.13382186733260562,0.058488592232762274,0.0,0.0,0.0,6.258356785994018e-07,0.0009718188075000951,0.0021661277683935015,0.0003306867372428866,0.0,0.0,0.005523720543487051,0.0,0.0,0.0,0.0,3.401954947955408e-05
2018-01-10 22:00:00,0.0,0.0,0.0,0.004318135651737686,0.0,0.0,0.1322272971131374,0.06164585780403808,0.0,0.0,0.0,6.600590552452094e-07,0.00295811811233635,0.0022544385375747734,0.00031761295896654213,0.0,0.0,0.005825781252248507,0.0,0.0,0.0,0.0,5.7276592962516164e-05
2018-01-10 23:00:00,0.0,0.0,0.0,0.0044518633826988886,0.0,0.0,0.09287774723621063,0.06204208122993453,0.0,0.0,0.0,6.805003305726337e-07,0.0,0.0023110219778533438,0.0003318981059481897,0.0,0.0,0.006006199046123508,0.0,0.0,0.0,0.0,3.95276813381142e-05
2018-01-11 00:00:00,0.0,0.0,0.0,0.004679174575587523,0.0,0.0,0.08667647872863768,0.0582995853664646,0.0,0.0,0.0,7.152465320182405e-07,0.0,0.002422440145700538,0.0003346290834230094,0.0,0.0,0.006312874285801062,0.0,0.0,0.0,0.0,4.573938897596264e-05
2018-01-11 01:00:00,0.0,0.0,0.0,0.004881536830008532,0.0,0.0,0.08991842831043417,0.057224043934508216,0.0,0.0,0.0,7.461791032117069e-07,0.0,0.002497080889855952,0.00038568920627151716,0.0,0.0,0.00658588984692505,0.0,0.0,0.0,0.0,3.2216868824365104e-05
2018-01-11 02:00:00,0.0,0.0,0.0,0.00481380363912643,0.0,0.0,0.08924433846637732,0.05646061273492041,0.0,0.0,0.0,7.358255827139448e-07,0.0,0.0024504866975440516,0.0004138204355238398,0.0,0.0,0.00649450810595609,0.0,0.0,0.0,0.0,2.5633954432561725e-05
2018-01-11 03:00:00,0.0,0.0,0.0,0.004833295859574536,0.0,0.0,0.09135193781220124,0.05684273957160094,0.0,0.0,0.0,7.388051131528346e-07,0.0,0.002443091049049267,0.000374535776531613,0.0,0.0,0.006520805893151723,0.0,0.0,0.0,0.0,3.901122410847603e-05
2018-01-11 04:00:00,0.0,0.0,0.0,0.004599892719546939,0.0,0.0,0.09672082418247255,0.0636114641077921,0.0,0.0,0.0,7.075498992830865e-07,0.0,0.0023415173777130475,0.0002975368244046165,0.0,0.0,0.00624494263887101,0.0,0.0,0.0,0.0,0.00010085540390460213
2018-01-11 05:00:00,0.0,0.0,0.0,0.003765864824975699,0.0,0.0,0.12477864501911258,0.05716728198032184,0.0,0.0,0.0,5.829269509299222e-07,0.024732276026308377,0.0019455464878864865,0.00046533680627844066,0.0,0.0,0.005145001610342763,0.0,0.0,0.0,0.0,0.00010743351822893077
2018-01-11 06:00:00,0.0,0.0,0.0,0.003053077314771931,0.0,0.0,0.11015658088768096,0.04635671223631671,0.0,0.0,0.0,4.725929189624592e-07,0.10353438843055325,0.001592195165587815,0.0006364288819913866,0.0,0.0,0.004171176723291948,0.0,8.407470650353823e-05,0.0,0.0,9.742084167086312e-05
2018-01-11 07:00:00,0.0,0.0,0.0,0.0029017364622040474,0.0,0.0,0.10475824208963604,0.04412413880403809,0.0,0.0,0.0,4.491665173684772e-07,0.1067454908025682,0.0015114763064647775,0.0007927649048643972,0.0,0.0,0.0039644117525982825,0.0,0.00018180661300637462,0.0,0.0,9.718469478004485e-05
2018-01-11 08:00:00,0.0,0.0,0.0,0.0029796619458201386,0.0,0.0,0.10696843604727602,0.04551032919741103,0.0,0.0,0.0,4.6122878372036646e-07,0.10604012261008311,0.0015329260912174654,0.0006942801786030523,0.0,0.0,0.004070875143432847,0.0,0.0005368197910348954,0.0,0.0,0.00013766963135301025
2018-01-11 09:00:00,0.0,0.0,0.0,0.0030073199994814386,0.0,0.0,0.10956493754202325,0.045903753674624306,0.0,0.0,0.0,4.655100379976072e-07,0.10491988831477482,0.0015470743293159556,0.0006268296175625116,0.0,0.0,0.004108662142499457,0.0,0.000985228666697653,0.0,0.0,0.00010528820671723407
2018-01-11 10:00:00,0.0,0.0,0.0,0.003012355651071951,0.0,0.0,0.11083292847686455,0.04597092901616096,0.0,0.0,0.0,4.6628951818716006e-07,0.10242384363385514,0.0015618500816386002,0.0005819681100718691,0.0,0.0,0.004115541952781143,0.0,0.0014021005692195282,0.0,0.0,7.026818213322113e-05
2018-01-11 11:00:00,0.0,0.0,0.0,0.003061615593802775,0.0,0.0,0.11296708168753683,0.0466537464659,0.0,0.0,0.0,4.7391457897761136e-07,0.07905449737530466,0.001600268543991301,0.00065227543990106,0.0,0.0,0.004182841894880663,0.0,0.0016200211330850897,0.0,0.0,8.82454310304641e-05
2018-01-11 12:00:00,0.0,0.0,0.0,0.003266825989917465,0.0,0.0,0.12019989015965021,0.04893028291777193,0.0,0.0,0.0,4.993585775119616e-07,0.04995084858267752,0.0017028763992505012,0.0005915076792601958,0.0,0.0,0.004407414481932876,0.0,0.0015582700379969644,0.0,0.0,0.00010929012722109704
2018-01-11 13:00:00,0.0,0.0,0.0,0.0031600271476974256,0.0,0.0,0.11574806237709277,0.04712993386295533,0.0,0.0,0.0,4.830335825181906e-07,0.05125167704723464,0.0016763097659389943,0.000748198178942647,0.0,0.0,0.004263327602096905,0.0,0.0011107079086629906,0.0,0.0,0.00014902841948613755
2018-01-11 14:00:00,0.0,0.0,0.0,0.003056657874293129,0.0,0.0,0.1115975720158072,0.04548145499499077,0.0,0.0,0.0,4.6723282254966885e-07,0.08277067678165265,0.001621596847549975,0.0007292219736671447,0.0,0.0,0.004123867700040571,0.0,0.0006059024060974702,0.0,0.0,0.0002510784419897408
2018-01-11 15:00:00,0.0,0.0,0.0,0.0029122638774736467,0.0,0.0,0.10787047802414546,0.04341619166793699,0.0,0.0,0.0,4.451611293907488e-07,0.09784408792090858,0.0015313124884014575,0.0007469870074031991,0.0,0.0,0.003929059591298166,0.0,0.00020221058251826646,0.0,0.0,0.00031587309175013244
2018-01-11 16:00:00,0.0,0.0,0.0,0.0028393874884841486,0.0,0.0,0.11284861651743568,0.04234778319580884,0.0,0.0,0.0,4.340214329231927e-07,0.10149117464016531,0.0014960074512336225,0.000713084950858777,0.0,0.0,0.00383073894207638,0.0,7.587346179099502e-05,0.0,0.0,0.0004155064745554004
2018-01-11 17:00:00,0.0,0.0,0.0,0.002856971953748033,0.0,0.0,0.12434715762939436,0.04258282235442561,0.0,0.0,0.0,4.367093488353297e-07,0.08964713915053812,0.0015033387261845377,0.0006757587296600413,0.0,0.0,0.003854462895265283,0.0,7.483849818514653e-05,0.0,0.0,0.0005881188185761409
2018-01-11 18:00:00,0.0,0.0,0.0,0.002969068639167427,0.0,0.0,0.12753712913033405,0.044291331056051694,0.0,0.0,0.0,4.5384415844796183e-07,0.07295890035493698,0.0015462480188370546,0.000675983726089188,0.0,0.0,0.004005697321653139,0.0,0.0,0.0,0.0,0.0007484559693701246
2018-01-11 19:00:00,0.0,0.0,0.0,0.0032190247764936055,0.0,0.0,0.1382554995206677,0.04798940019175824,0.0,0.0,0.0,4.920518075730806e-07,0.029847272219406036,0.0016859479180067834,0.0005767402919394684,0.0,0.0,0.004342923823125669,0.0,0.0,0.0,0.0,0.0010654063440164916
2018-01-11 20:00:00,0.0,0.0,0.0,0.003516922086912371,0.0,0.0,0.1338491722873588,0.05250865895678119,0.0,0.0,0.0,5.375876205103078e-07,0.006641289553554834,0.0018274549856390136,0.0004533245659205663,0.0,0.0,0.004744829808972712,0.0,0.0,0.0,0.0,0.0013516821352784166
2018-01-11 21:00:00,0.0,0.0,0.0,0.0036945882046100094,0.0,0.0,0.13055712132593464,0.05505566045989563,0.0,0.0,0.0,5.647452040728798e-07,0.0010934191693817363,0.0018601528003107984,0.0004276354497707719,0.0,0.0,0.004984526757174458,0.0,0.0,0.0,0.0,0.0018241382435357188
2018-01-11 22:00:00,0.0,0.0,0.0,0.003970990327866586,0.0,0.0,0.11859048997799333,0.057118798952484645,0.0,0.0,0.0,6.069953182560895e-07,0.0,0.00197122783368481,0.00033009721258887,0.0,0.0,0.005357432667877344,0.0,0.0,0.0,0.0,0.0018773977550646567
2018-01-11 23:00:00,0.0,0.0,0.0,0.004289006379819492,0.0,0.0,0.10836897685715469,0.05112380618920974,0.0,0.0,0.0,6.475125234826043e-07,0.0004136465611298489,0.0020882481872554984,0.0003212277781000172,0.0,0.0,0.00571504366150949,0.0,0.0,0.0,0.0,0.0021675716387715453
2018-01-12 00:00:00,0.0,0.0,0.0,0.00446881457035501,0.0,0.0,0.08559167350066589,0.044828444347875515,0.0,0.0,0.0,6.7465821758656e-07,0.0,0.0021608579055000326,0.0003443102518187117,0.0,0.0,0.005954635671547664,0.0,0.0,0.0,0.0,0.0023716052761187253
2018-01-12 01:00:00,0.0,0.0,0.0,0.004526630751371894,0.0,0.0,0.07883761011839914,0.0453942257597532,0.0,0.0,0.0,6.83386743019517e-07,0.0,0.002166862214813324,0.00037146182546735806,0.0,0.0,0.006031674959809839,0.0,0.0,0.0,0.0,0.00232986065226612
2018-01-12 02:00:00,0.0,0.0,0.0,0.004576761197673921,0.0,0.0,0.08014504542284359,0.04592565674109456,0.0,0.0,0.0,6.909549508778837e-07,0.0,0.002197517919959703,0.0003689801997514312,0.0,0.0,0.006098473109314831,0.0,0.0,0.0,0.0,0.002486141120475203
2018-01-12 03:00:00,0.0,0.0,0.0,0.004529926104086006,0.0,0.0,0.07974620477984214,0.04546989870590106,0.0,0.0,0.0,6.838842433640535e-07,0.0,0.0021823331646923312,0.0003672610869252064,0.0,0.0,0.006036065973245921,0.0,0.0,0.0,0.0,0.0024528758913376814
2018-01-12 04:00:00,0.0,0.0,0.0,0.004202092861618634,0.0,0.0,0.08368937538224717,0.04695074268752751,0.0,0.0,0.0,6.343911647082773e-07,0.0013093155012327026,0.0020220281920269824,0.00038788165118332625,0.0,0.0,0.005599232560451112,0.0,0.0,0.0,0.0,0.0023237644392793398
2018-01-12 05:00:00,0.0,0.0,0.0,0.0036628573375438503,0.0,0.0,0.1072870225009299,0.052208499518223164,0.0,0.0,0.0,5.529826229565109e-07,0.016114026402064722,0.0017493480369418076,0.0004889385273494931,0.0,0.0,0.004880708433645305,0.0,0.0,0.0,0.0,0.0020307322108341214
2018-01-12 06:00:00,0.0,0.0,0.0,0.0028889642769368185,0.0,0.0,0.09938599150738908,0.04244650564594795,0.0,0.0,0.0,4.3614776560187466e-07,0.10276853292250707,0.0013955714079617867,0.0005529031535859723,0.0,0.0,0.003849506276539971,0.0,8.418598313970597e-05,0.0,0.0,0.001625678020211597
2018-01-12 07:00:00,0.0,0.0,0.0,0.002777861491936088,0.0,0.0,0.09768865467414038,0.0408315407683878,0.0,0.0,0.0,4.1937454627996816e-07,0.10913687653993295,0.0013641106772233275,0.0006004047712469606,0.0,0.0,0.003701463300856358,0.0,0.00018234417809973375,0.0,0.0,0.0014750867831263917
2018-01-12 08:00:00,0.0,0.0,0.0,0.002900657425035947,0.0,0.0,0.10234834352860528,0.04260011310196036,0.0,0.0,0.0,4.3791308352463357e-07,0.09119399693251826,0.001429429927336907,0.0007010981999577756,0.0,0.0,0.003865087240056707,0.0,0.0005887816801824029,0.0,0.0,0.0013157561650253646
2018-01-12 09:00:00,0.0,0.0,0.0,0.0029559399540152005,0.0,0.0,0.10540984101904338,0.04343055500853233,0.0,0.0,0.0,4.4625910278267967e-07,0.08768215386312107,0.0014510937891357189,0.0007119510060742985,0.0,0.0,0.003938750470851059,0.0,0.0011479976251071527,0.0,0.0,0.0010679648165436845
2018-01-12 10:00:00,0.0,0.0,0.0,0.0027964856308414724,0.0,0.0,0.09879477323000838,0.041114067813511415,0.0,0.0,0.0,4.2218623787293416e-07,0.0998522435653061,0.0013577885342031118,0.0008091823585534877,0.0,0.0,0.003726279716962218,0.0,0.0014521833542608907,0.0,0.0,0.0009926084936306976
2018-01-12 11:00:00,0.0,0.0,0.0,0.0028047304987406036,0.0,0.0,0.10104149510084162,0.04175963091239965,0.0,0.0,0.0,4.287238550440537e-07,0.10281421891752539,0.0013773625111363238,0.0007053902692389822,0.0,0.0,0.003783981716877569,0.0,0.0015793852497690678,0.0,0.0,0.000986465813925654
2018-01-12 12:00:00,0.0,0.0,0.0,0.002893937259237839,0.0,0.0,0.10459445090933282,0.04304187487063819,0.0,0.0,0.0,4.423597698934624e-07,0.10306276993293749,0.0014241662540632049,0.00057298273767383,0.0,0.0,0.003904334367834582,0.0,0.0014744560775802155,0.0,0.0,0.0009781484866736403
2018-01-12 13:00:00,0.0,0.0,0.0,0.0030353007622138583,0.0,0.0,0.1096162001496817,0.04512510985947617,0.0,0.0,0.0,4.639682295959628e-07,0.0811207729616113,0.0014666251312107127,0.0006246321998379079,0.0,0.0,0.004095053907888507,0.0,0.0011630102354415694,0.0,0.0,0.0009748303160790777
2018-01-12 14:00:00,0.0,0.0,0.0,0.003043479984730021,0.0,0.0,0.10869329052769178,0.04472629625415761,0.0,0.0,0.0,4.594750463309576e-07,0.06737046428425668,0.0014696149195383731,0.0006673079282311896,0.0,0.0,0.004055396391458465,0.0,0.0006328017205385318,0.0,0.0,0.0010228913939645074
2018-01-12 15:00:00,0.0,0.0,0.0,0.002854840085687506,0.0,0.0,0.09904651805161697,0.04203468107651686,0.0,0.0,0.0,4.309960266602843e-07,0.09795416274199467,0.0013768419465998573,0.0007599055560040038,0.0,0.0,0.003804036247905569,0.0,0.00020151737209713743,0.0,0.0,0.0010639108401155333
2018-01-12 16:00:00,0.0,0.0,0.0,0.002720878361734212,0.0,0.0,0.09398050774253376,0.03999395076949746,0.0,0.0,0.0,4.1077178676751734e-07,0.1143505912987339,0.0013354150054581803,0.000830381563811672,0.0,0.0,0.0036255340416681474,0.0,7.884421334905516e-05,0.0,0.0,0.000910028773826537
2018-01-12 17:00:00,0.0,0.0,0.0,0.0028815958173981273,0.0,0.0,0.1002920079326842,0.042374398618508086,0.0,0.0,0.0,4.3503534715164173e-07,0.10782093240473428,0.0014297808632623107,0.0006903474199346307,0.0,0.0,0.0038396879027133824,0.0,8.287491956810843e-05,0.0,0.0,0.0008811709964360719
2018-01-12 18:00:00,0.0,0.0,0.0,0.003407200914803118,0.0,0.0,0.11832019515308388,0.05008214537072122,0.0,0.0,0.0,5.143860994791188e-07,0.03457400831995515,0.0016897700290603493,0.0007869419322835589,0.0,0.0,0.004540049668206464,0.0,0.0,0.0,0.0,0.0009253270650576053
2018-01-12 19:00:00,0.0,0.0,0.0,0.0035504812420771503,0.0,0.0,0.11429932305070015,0.052232757763325796,0.0,0.0,0.0,5.360171715883019e-07,0.011837219142964532,0.0017674366796576523,0.0005480914881264785,0.0,0.0,0.004730968788788636,0.0,0.0,0.0,0.0,0.0008190122157543638
2018-01-12 20:00:00,0.0,0.0,0.0,0.003995048587251072,0.0,0.0,0.10823625401082722,0.05688072631730144,0.0,0.0,0.0,6.031336312154017e-07,0.00608768069911491,0.0018916624174441948,0.00042058397492535804,0.0,0.0,0.005323348832825142,0.0,0.0,0.0,0.0,0.0008786525263854711
2018-01-12 21:00:00,0.0,0.0,0.0,0.004188252536289832,0.0,0.0,0.1079537213820919,0.04319639897648424,0.0,0.0,0.0,6.323016868232269e-07,0.005406441175639219,0.001961900263659032,0.00046308156873683595,0.0,0.0,0.005580790511981385,0.0,0.0,0.0,0.0,0.0009092377952424833
2018-01-12 22:00:00,0.0,0.0,0.0,0.004469755509356247,0.0,0.0,0.09998968125469788,0.03921562532551475,0.0,0.0,0.0,6.748002714174893e-07,0.0011208044134663744,0.002040628062444284,0.00034385335781310193,0.0,0.0,0.005955889460187426,0.0,0.0,0.0,0.0,0.0009461712091042664
2018-01-12 23:00:00,0.0,0.0,0.0,0.0046072794162815905,0.0,0.0,0.08728177795386935,0.03624557384242551,0.0,0.0,0.0,6.955622950953754e-07,0.001107436812403209,0.0020684491702348735,0.0003956333473153076,0.0,0.0,0.006139138227612384,0.0,0.0,0.0,0.0,0.0010004102518057843
2018-01-13 00:00:00,0.0,0.0,0.0,0.00485704716957007,0.0,0.0,0.08635308049827446,0.02273128705370285,0.0,0.0,0.0,7.332698044563686e-07,0.0,0.002140731105302229,0.0003999185962316287,0.0,0.0,0.006471950419731546,0.0,0.0,0.0,0.0,0.0009820518932346924
2018-01-13 01:00:00,0.0,0.0,0.0,0.004964024843943208,0.0,0.0,0.085409610759796,0.0231696662187868,0.0,0.0,0.0,7.494202546435202e-07,0.0,0.002163807845887413,0.0003464036396291905,0.0,0.0,0.006614496740652373,0.0,0.0,0.0,0.0,0.0008931679349577949
2018-01-13 02:00:00,0.0,0.0,0.0,0.004975660216261265,0.0,0.0,0.08487317531285239,0.0232551890497605,0.0,0.0,0.0,7.511768501400376e-07,0.0,0.00215714084750417,0.0001624595650648038,0.0,0.0,0.0066300007187132335,0.0,0.0,0.0,0.0,0.0008510131261113408
2018-01-13 03:00:00,0.0,0.0,0.0,0.005017758955327916,0.0,0.0,0.08545795065752852,0.023341773234679727,0.0,0.0,0.0,7.575325088531473e-07,0.0,0.002148230258112104,0.0002038516605495036,0.0,0.0,0.006686096725702743,0.0,0.0,0.0,0.0,0.0007362888795535771
2018-01-13 04:00:00,0.0,0.0,0.0,0.004806851197422231,0.0,0.0,0.08598069567213366,0.022526524567318275,0.0,0.0,0.0,7.256917041422635e-07,0.0,0.0020743161041561426,0.00021853131296158324,0.0,0.0,0.006405064957913024,0.0,0.0,0.0,0.0,0.0006341736702167009
2018-01-13 05:00:00,0.0,0.0,0.0,0.0046949474047155455,0.0,0.0,0.09070700302137903,0.021795926651506103,0.0,0.0,0.0,7.087975564572161e-07,0.0007593055660060138,0.0020366102861072415,0.0002986175760756887,0.0,0.0,0.006255954650169874,0.0,0.0,0.0,0.0,0.0005824334819157699
2018-01-13 06:00:00,0.0,0.0,0.0,0.004321101879137864,0.0,0.0,0.09452363787875934,0.020114594406845394,0.0,0.0,0.0,6.523579902214408e-07,0.0,0.00196319003014604,0.00023406565059626582,0.0,0.0,0.005757810485267434,0.0,0.00012548308631666973,0.0,0.0,0.0005009369164950548
2018-01-13 07:00:00,0.0,0.0,0.0,0.0038833127716171624,0.0,0.0,0.11475406648944446,0.018076699772602085,0.0,0.0,0.0,5.862648430772166e-07,0.005519849837246189,0.0017981891985683026,0.000338064869298432,0.0,0.0,0.005174462352285786,0.0,0.00027884909426710894,0.0,0.0,0.0003561926622036073
2018-01-13 08:00:00,0.0,0.0,0.0,0.0037011482349388,0.0,0.0,0.11799058610498303,0.017321607145138463,0.0,0.0,0.0,5.587634107201469e-07,0.004299892792740913,0.0017475518989839975,0.0004019177504963397,0.0,0.0,0.004931730542514195,0.0,0.0007822466029500433,0.0,0.0,0.0003301649987314478
2018-01-13 09:00:00,0.0,0.0,0.0,0.003621878229691051,0.0,0.0,0.11796502706068944,0.017097569384736302,0.0,0.0,0.0,5.519062382355531e-07,0.008966151102614804,0.001706556447829576,0.00040701649365805807,0.0,0.0,0.004871208098974139,0.0,0.0013940569144453962,0.0,0.0,0.00026337352104916303
2018-01-13 10:00:00,0.0,0.0,0.0,0.003583272152420537,0.0,0.0,0.12068759012987573,0.01699094499048679,0.0,0.0,0.0,5.477297200381802e-07,0.010222547715248685,0.0016936896648513866,0.0003883948860063226,0.0,0.0,0.0048343455164209905,0.0,0.0018159521830875178,0.0,0.0,0.00020614817185778434
2018-01-13 11:00:00,0.0,0.0,0.0,0.0035201863234008224,0.0,0.0,0.12034043360092493,0.016827203674406096,0.0,0.0,0.0,5.43178885313129e-07,0.00992941615090765,0.0016726854088806808,0.00036684348203735984,0.0,0.0,0.004794179159467619,0.0,0.0019510783562796707,0.0,0.0,0.00019927099489501713
2018-01-13 12:00:00,0.0,0.0,0.0,0.0036261677919291586,0.0,0.0,0.12230656694509333,0.015420781234506364,0.0,0.0,0.0,5.542866366271267e-07,0.008356561998308023,0.0016927431827859572,0.0003323084233853229,0.0,0.0,0.0048922178559228716,0.0,0.0017904823688697467,0.0,0.0,0.0002771717209581035
2018-01-13 13:00:00,0.0,0.0,0.0,0.003659721961729034,0.0,0.0,0.12172926806544673,0.014831213412327003,0.0,0.0,0.0,5.594156402999803e-07,0.0060422708890947715,0.0016942735547325575,0.0002976390360706037,0.0,0.0,0.0049374872196299175,0.0,0.0013470230913138496,0.0,0.0,0.0004052600512563341
2018-01-13 14:00:00,0.0,0.0,0.0,0.0037642442494350624,0.0,0.0,0.125726720507138,0.015314572171248908,0.0,0.0,0.0,5.753926470546306e-07,0.005032945219614721,0.0017547512600078502,0.0002504642217408101,0.0,0.0,0.005078502702530474,0.0,0.0007694527588986565,0.0,0.0,0.0004736222201635908
2018-01-13 15:00:00,0.0,0.0,0.0,0.0036227269179466347,0.0,0.0,0.12445316845993896,0.014738818515813996,0.0,0.0,0.0,5.537606735233022e-07,0.007069669799886066,0.0017003195843986686,0.0002711699330587796,0.0,0.0,0.004887575625859841,0.0,0.000256496608373098,0.0,0.0,0.0005663555212082942
2018-01-13 16:00:00,0.0,0.0,0.0,0.003570135649521737,0.0,0.0,0.12392948104574579,0.015273206596748435,0.0,0.0,0.0,5.457217081571458e-07,0.011070030029307537,0.001718039632344743,0.00023854769908322746,0.0,0.0,0.004816622499248722,0.0,0.00010530806932906876,0.0,0.0,0.0006199242339924126
2018-01-13 17:00:00,0.0,0.0,0.0,0.0036260904952544163,0.0,0.0,0.12468143008254795,0.01690406500756757,0.0,0.0,0.0,5.50832120504053e-07,0.007600711268958434,0.0017310197765941556,0.00024856033517190227,0.0,0.0,0.004861727773095485,0.0,0.00010504771013639234,0.0,0.0,0.0006963422329426644
2018-01-13 18:00:00,0.0,0.0,0.0,0.0037494679947392053,0.0,0.0,0.12047750080651123,0.01700673141571279,0.0,0.0,0.0,5.6605825871796e-07,0.008812196659410392,0.001727611426842105,0.00021783064471359045,0.0,0.0,0.004996115976462789,0.0,0.0,0.0,0.0,0.0006347733846843019
2018-01-13 19:00:00,0.0,0.0,0.0,0.0039231946407361435,0.0,0.0,0.11900794504281952,0.017647040361313857,0.0,0.0,0.0,5.922858202984072e-07,0.002986184352507363,0.001732274732571714,0.00016674121937290733,0.0,0.0,0.005227604409707296,0.0,0.0,0.0,0.0,0.0006239863283886295
2018-01-13 20:00:00,0.0,0.0,0.0,0.0042320968082478075,0.0,0.0,0.10753351174947183,0.019341850720566007,0.0,0.0,0.0,6.38920869137654e-07,0.0,0.0018021056873833736,0.00018346238005904133,0.0,0.0,0.005639212418212607,0.0,0.0,0.0,0.0,0.0007927053345491402
2018-01-13 21:00:00,0.0,0.0,0.0,0.004392956205456314,0.0,0.0,0.08943337993595497,0.020862467158163648,0.0,0.0,0.0,6.63205858477482e-07,0.0,0.001844692398307438,0.0002187061686696497,0.0,0.0,0.005853555414468397,0.0,0.0,0.0,0.0,0.0009437094025185166
2018-01-13 22:00:00,0.0,0.0,0.0,0.004194841193241531,0.0,0.0,0.07727887444056003,0.019908445555995656,0.0,0.0,0.0,6.332963782532114e-07,0.0,0.0017624895371372003,0.00019857464295435631,0.0,0.0,0.005589569809285962,0.0,0.0,0.0,0.0,0.0010258400886877723
2018-01-13 23:00:00,0.0,0.0,0.0,0.00434593984727308,0.0,0.0,0.06955355026883919,0.020557386833131068,0.0,0.0,0.0,6.561077853957e-07,0.0,0.0017522087919771567,9.840251517793206e-05,0.0,0.0,0.005790906745749546,0.0,0.0,0.0,0.0,0.0010315523101174784
2018-01-14 00:00:00,0.0,0.0,0.0,0.004580593990810855,0.0,0.0,0.07083118533958918,0.021724834281762022,0.0,0.0,0.0,6.915335887572209e-07,0.0,0.0018138565965240899,0.00011049740427451244,0.0,0.0,0.0061035802549292955,0.0,0.0,0.0,0.0,0.0008381869595122148
2018-01-14 01:00:00,0.0,0.0,0.0,0.004478287080066129,0.0,0.0,0.06883268080950397,0.021253661440451547,0.0,0.0,0.0,6.760882850948805e-07,0.0,0.0017777466209732006,0.00012031759910709166,0.0,0.0,0.005967257664100027,0.0,0.0,0.0,0.0,0.0008329818401233743
2018-01-14 02:00:00,0.0,0.0,0.0,0.0043968247635706404,0.0,0.0,0.063633233586488,0.02082567061874247,0.0,0.0,0.0,6.637898958057157e-07,0.0,0.0017260452584016697,0.00015987768740636024,0.0,0.0,0.005858710216437099,0.0,0.0,0.0,0.0,0.0010959338231729323
2018-01-14 03:00:00,0.0,0.0,0.0,0.004408836070635613,0.0,0.0,0.06420873743937501,0.02085490387439654,0.0,0.0,0.0,6.656032462788132e-07,0.0,0.0017279288746551472,0.00011497035458923154,0.0,0.0,0.005874715122522363,0.0,0.0,0.0,0.0,0.0015264497096022754
2018-01-14 04:00:00,0.0,0.0,0.0,0.0042896607627780255,0.0,0.0,0.0665196557172097,0.020291174683800147,0.0,0.0,0.0,6.476113158655668e-07,0.0,0.0016704261533498782,0.00011270939167165776,0.0,0.0,0.005715915618053309,0.0,0.0,0.0,0.0,0.0017065288249378458
2018-01-14 05:00:00,0.0,0.0,0.0,0.004075024351587692,0.0,0.0,0.06651715218895478,0.019250326005639952,0.0,0.0,0.0,6.152075952987181e-07,0.0,0.001571676408012567,0.00011374666730431111,0.0,0.0,0.00542991546961005,0.0,0.0,0.0,0.0,0.0018463952394420287
2018-01-14 06:00:00,0.0,0.0,0.0,0.003916033562877796,0.0,0.0,0.07232839946322801,0.018499256993410155,0.0,0.0,0.0,5.912047103199441e-07,0.0,0.0015686124614466134,9.794495965616302e-05,0.0,0.0,0.005218062369197285,0.0,0.00011898037438687694,0.0,0.0,0.0019874752761643434
2018-01-14 07:00:00,0.0,0.0,0.0,0.003938842048147765,0.0,0.0,0.0786183854476341,0.01864406801437453,0.0,0.0,0.0,5.946481138838705e-07,0.0,0.001638822369547494,0.0001660066657264942,0.0,0.0,0.005248454370893551,0.0,0.0002534457335416594,0.0,0.0,0.0023353687569519443
2018-01-14 08:00:00,0.0,0.0,0.0,0.0036424874021404987,0.0,0.0,0.07628445282422644,0.01725273281264311,0.0,0.0,0.0,5.49907367965457e-07,0.0,0.001515518967872775,0.00028625252391504256,0.0,0.0,0.0048535657670454035,0.0,0.0006723305541758369,0.0,0.0,0.0022638250725573097
2018-01-14 09:00:00,0.0,0.0,0.0,0.0036270751892690544,0.0,0.0,0.080112920201213,0.01708871368291709,0.0,0.0,0.0,5.475805817671907e-07,0.0,0.0015027361542000054,0.00018601791270130198,0.0,0.0,0.0048330291994396245,0.0,0.0012769007281320842,0.0,0.0,0.0021348658740428577
2018-01-14 10:00:00,0.0,0.0,0.0,0.0037258080129637834,0.0,0.0,0.08152993734961426,0.017507139226281346,0.0,0.0,0.0,5.624863044823497e-07,0.0014815443418842477,0.0015331429155682715,0.00017585679001044308,0.0,0.0,0.00496458936705664,0.0,0.001793594305123357,0.0,0.0,0.0019690539499585312
2018-01-14 11:00:00,0.0,0.0,0.0,0.003806476039202385,0.0,0.0,0.08742333254291193,0.01813394449987694,0.0,0.0,0.0,5.818480892878814e-07,0.0017155317346504852,0.0015880380399646197,0.00016920452970595412,0.0,0.0,0.005135479413990747,0.0,0.002042904220306238,0.0,0.0,0.0016418892198605166
2018-01-14 12:00:00,0.0,0.0,0.0,0.0038460980341259686,0.0,0.0,0.08830860022171043,0.018096496361744856,0.0,0.0,0.0,5.806465234829519e-07,0.008080588502267878,0.0015958992792755524,0.00019785810868640637,0.0,0.0,0.0051248742121015,0.0,0.0018634170809857745,0.0,0.0,0.0015590348486577347
2018-01-14 13:00:00,0.0,0.0,0.0,0.0038431208246722044,0.0,0.0,0.08923228606846598,0.018058378506582342,0.0,0.0,0.0,5.80197053317691e-07,0.00478985861051654,0.001586856441936498,0.00024656219148385343,0.0,0.0,0.005120907120306585,0.0,0.001370684075573748,0.0,0.0,0.0014406553349649972
2018-01-14 14:00:00,0.0,0.0,0.0,0.0038226544531116497,0.0,0.0,0.09284194986357684,0.01797419909905623,0.0,0.0,0.0,5.771072393323209e-07,0.005189738859463565,0.00158141190819555,0.00024441905673422865,0.0,0.0,0.005093635953816464,0.0,0.0007458040805095289,0.0,0.0,0.0014342366703279546
2018-01-14 15:00:00,0.0,0.0,0.0,0.003647953750637613,0.0,0.0,0.09332108494453019,0.01672936967733039,0.0,0.0,0.0,5.507326241661136e-07,0.011512673191046081,0.001546051191025167,0.0002588852458870772,0.0,0.0,0.004860849603338356,0.0,0.00025432928228743347,0.0,0.0,0.00149156585103295
2018-01-14 16:00:00,0.0,0.0,0.0,0.003621805453939142,0.0,0.0,0.09487256761281314,0.016552650755176396,0.0,0.0,0.0,5.46785008312786e-07,0.02697128911759508,0.0015512043116202242,0.0002819818138872908,0.0,0.0,0.004826007347563453,0.0,0.00010770675702235211,0.0,0.0,0.0014622135262631433
2018-01-14 17:00:00,0.0,0.0,0.0,0.00352500501673216,0.0,0.0,0.09758232483754004,0.016596761007298958,0.0,0.0,0.0,5.321710185399962e-07,0.034535074555769096,0.001547492038966689,0.0002719401688233009,0.0,0.0,0.0046970220591073435,0.0,0.0001014889016410706,0.0,0.0,0.0014823114244531894
2018-01-14 18:00:00,0.0,0.0,0.0,0.003455860734541972,0.0,0.0,0.09041416852811066,0.016271209377986488,0.0,0.0,0.0,5.217322864233872e-07,0.046553638498533154,0.0014724304777248552,0.0002597839048992758,0.0,0.0,0.00460488822747679,0.0,0.0,0.0,0.0,0.0014449518784016453
2018-01-14 19:00:00,0.0,0.0,0.0,0.0035408534132622027,0.0,0.0,0.09039308739503227,0.016626951512335,0.0,0.0,0.0,5.345636555103222e-07,0.0446566605205575,0.001438982078127241,0.0002571560880313378,0.0,0.0,0.0047181398356068785,0.0,0.0,0.0,0.0,0.0013798430400459368
2018-01-14 20:00:00,0.0,0.0,0.0,0.0036944176212156854,0.0,0.0,0.09811394902990875,0.017429169624046625,0.0,0.0,0.0,5.577472880356606e-07,0.02342276907401627,0.0014372297919196596,0.00018166815565775997,0.0,0.0,0.004922762089709521,0.0,0.0,0.0,0.0,0.0015061798616184364
2018-01-14 21:00:00,0.0,0.0,0.0,0.0038757644908217035,0.0,0.0,0.09789094211441376,0.018333341181413706,0.0,0.0,0.0,5.851252769602669e-07,0.0073320755870319165,0.0014787213105507714,0.00017887966541969095,0.0,0.0,0.005164404369038582,0.0,0.0,0.0,0.0,0.0015900009522032742
2018-01-14 22:00:00,0.0,0.0,0.0,0.0039569351538845466,0.0,0.0,0.08963680006185809,0.018680062456506108,0.0,0.0,0.0,5.973796352470432e-07,0.0,0.001475512471352977,0.00025753542612636275,0.0,0.0,0.005272563192401614,0.0,0.0,0.0,0.0,0.00154487344495101
2018-01-14 23:00:00,0.0,0.0,0.0,0.003998725700196596,0.0,0.0,0.07393919283405859,0.018827177398298086,0.0,0.0,0.0,6.036887660115842e-07,0.0,0.001440519149692349,0.0001753980434418641,0.0,0.0,0.0053282485366658375,0.0,0.0,0.0,0.0,0.0014429117535791265
2018-01-15 00:00:00,0.0,0.0,0.0,0.0039765845772944735,0.0,0.0,0.07055599319924283,0.02708026752337784,0.0,0.0,0.0,6.003461143357678e-07,0.0,0.0014223271835261933,0.00012206740134815741,0.0,0.0,0.00529874578640278,0.0,0.0,0.0,0.0,0.001361211332973584
2018-01-15 01:00:00,0.0,0.0,0.0,0.00399641985760296,0.0,0.0,0.06921639388919931,0.03938766148341708,0.0,0.0,0.0,6.033406522937815e-07,0.0,0.0014225075282946961,0.00011581271816969316,0.0,0.0,0.00532517603223656,0.0,0.0,0.0,0.0,0.0014100993499561035
2018-01-15 02:00:00,0.0,0.0,0.0,0.00408589735472506,0.0,0.0,0.07134774760687032,0.04130766365240556,0.0,0.0,0.0,6.168490957013376e-07,0.0,0.0014383441465465037,0.00014421620264248888,0.0,0.0,0.005444403600929734,0.0,0.0,0.0,0.0,0.0012606903839853674
2018-01-15 03:00:00,0.0,0.0,0.0,0.003964425473069181,0.0,0.0,0.07066381412844489,0.041372900211272164,0.0,0.0,0.0,5.9851045088298e-07,0.0,0.001401298593567815,0.0001192680969135059,0.0,0.0,0.005282543942577284,0.0,0.0,0.0,0.0,0.0011073247948420427
2018-01-15 04:00:00,0.0,0.0,0.0,0.0038434391925980566,0.0,0.0,0.0968337662380551,0.04460716569862541,0.0,0.0,0.0,5.80245117414782e-07,0.0,0.00133793001930857,0.0001223049756865169,0.0,0.0,0.005121331341311531,0.0,0.0,0.0,0.0,0.0010187907940760754
2018-01-15 05:00:00,0.0,0.0,0.0,0.003336713885906343,0.0,0.0,0.12334562336549235,0.039071477571815984,0.0,0.0,0.0,5.037446525070434e-07,0.008965960121651231,0.001224905979686627,0.0006143558995344145,0.0,0.0,0.004446126644540524,0.0,0.0,0.0,0.0,0.0008721898076299392
2018-01-15 06:00:00,0.0,0.0,0.0,0.0027205753464873794,0.0,0.0,0.13007502365352666,0.03448518070941248,0.0,0.0,0.0,4.1072604046878166e-07,0.09314953176038072,0.0010579861569646922,0.0006443064534800197,0.0,0.0,0.003625130277902745,0.0,8.337713428451027e-05,0.0,0.0,0.0008272747462599433
2018-01-15 07:00:00,0.0,0.0,0.0,0.002601484744666306,0.0,0.0,0.13415779441094317,0.03300010447139977,0.0,0.0,0.0,3.92746898150166e-07,0.09026085373153897,0.001028893072204865,0.0006635543242261575,0.0,0.0,0.0034664436430949137,0.0,0.00017607892838302319,0.0,0.0,0.000765967475654259
2018-01-15 08:00:00,0.0,0.0,0.0,0.0026448715453558174,0.0,0.0,0.1358179310331086,0.03145978989572589,0.0,0.0,0.0,3.992970158959654e-07,0.07073579305120416,0.0011200302910474363,0.0005905608586012153,0.0,0.0,0.0035242559749768267,0.0,0.0005462674043251078,0.0,0.0,0.0008222921642255319
2018-01-15 09:00:00,0.0,0.0,0.0,0.002774830022723081,0.0,0.0,0.15190313526835983,0.03440694209826747,0.0,0.0,0.0,4.189168845032896e-07,0.026823174447042606,0.0011399311855120927,0.0004313661170824966,0.0,0.0,0.0036974239086576487,0.0,0.0011118957508437126,0.0,0.0,0.0011133396696396834
2018-01-15 10:00:00,0.0,0.0,0.0,0.002802022562319493,0.0,0.0,0.1529184148631726,0.03274894972758276,0.0,0.0,0.0,4.2302215000646525e-07,0.013507678036471555,0.0011202156056642496,0.0003483087716162159,0.0,0.0,0.003733657604133607,0.0,0.0015704554902123513,0.0,0.0,0.0012965365596165608
2018-01-15 11:00:00,0.0,0.0,0.0,0.002825779012935281,0.0,0.0,0.15338356065484876,0.032680917316361295,0.0,0.0,0.0,4.2660866817057816e-07,0.0,0.0011140834121593684,0.00029040321539788665,0.0,0.0,0.003765312756979856,0.0,0.0018028297467607927,0.0,0.0,0.0015426708339786783
2018-01-15 12:00:00,0.0,0.0,0.0,0.0027958730152163914,0.0,0.0,0.15204682836304917,0.035088830322549946,0.0,0.0,0.0,4.22093751116284e-07,0.0005517323627032224,0.001094707186599455,0.0003074748963753033,0.0,0.0,0.0037254634148318373,0.0,0.0016203907905184341,0.0,0.0,0.0018446486242527566
2018-01-15 13:00:00,0.0,0.0,0.0,0.002764000156572963,0.0,0.0,0.15174570886905311,0.03900649623408842,0.0,0.0,0.0,4.172818965040092e-07,0.0024237337046832063,0.0010659251346097904,0.0003607696525587096,0.0,0.0,0.003682993256796778,0.0,0.0011450705459497014,0.0,0.0,0.0020272047220600557
2018-01-15 14:00:00,0.0,0.0,0.0,0.0027924334429225424,0.0,0.0,0.15499216685445796,0.03950410831539042,0.0,0.0,0.0,4.2157447790042437e-07,0.0022622201206128345,0.001086259933223821,0.0002723684327219808,0.0,0.0,0.0037208802307338246,0.0,0.0006052565797457011,0.0,0.0,0.00210959012484682
2018-01-15 15:00:00,0.0,0.0,0.0,0.0027518014251714023,0.0,0.0,0.16213312997051568,0.038998346798988746,0.0,0.0,0.0,4.154402505250533e-07,0.0,0.001080300536994169,0.00023445398311953972,0.0,0.0,0.0036667386102886795,0.0,0.0002001412781911038,0.0,0.0,0.002292214236579319
2018-01-15 16:00:00,0.0,0.0,0.0,0.002649457641791909,0.0,0.0,0.16359601687553357,0.037581182509384095,0.0,0.0,0.0,3.999893801904651e-07,0.0019380423475141508,0.0010477275896652615,0.0002958708985578336,0.0,0.0,0.003530366887166531,0.0,7.949012091054957e-05,0.0,0.0,0.002480854707446243
2018-01-15 17:00:00,0.0,0.0,0.0,0.002742249843796646,0.0,0.0,0.1558397790050644,0.0388199733664172,0.0,0.0,0.0,4.139982455449911e-07,0.0008788609103258181,0.0010798215887239458,0.000246957030797502,0.0,0.0,0.003654011255801626,0.0,7.895249037980749e-05,0.0,0.0,0.002834399224541477
2018-01-15 18:00:00,0.0,0.0,0.0,0.002707540880890796,0.0,0.0,0.1382703824746097,0.03837108930883044,0.0,0.0,0.0,4.0875822345866895e-07,0.0,0.001033257172644025,0.00018359499853599372,0.0,0.0,0.0036077620267526847,0.0,0.0,0.0,0.0,0.0029353851542096333
2018-01-15 19:00:00,0.0,0.0,0.0,0.0028227971255120384,0.0,0.0,0.12335745831941147,0.04009303784016931,0.0,0.0,0.0,4.261584917709231e-07,0.0,0.0010315116010425366,0.00011055551268806397,0.0,0.0,0.00376133943185315,0.0,0.0,0.0,0.0,0.003180870214546399
2018-01-15 20:00:00,0.0,0.0,0.0,0.00293408914911438,0.0,0.0,0.10848438858130438,0.03882064608626251,0.0,0.0,0.0,4.429602804987987e-07,0.0,0.00102772384546395,0.00011398756806403854,0.0,0.0,0.003909634565443484,0.0,0.0,0.0,0.0,0.0034228692407955678
2018-01-15 21:00:00,0.0,0.0,0.0,0.0030190673297365695,0.0,0.0,0.08174853879018161,0.03969876314349077,0.0,0.0,0.0,4.5578946080371365e-07,0.0,0.00106358302514024,0.000122295148988785,0.0,0.0,0.004022866855051758,0.0,0.0,0.0,0.0,0.003505638786837881
2018-01-15 22:00:00,0.0,0.0,0.0,0.003047630930358839,0.0,0.0,0.06416768812086122,0.03605927258802587,0.0,0.0,0.0,4.601017157832581e-07,0.0,0.001065177401510473,8.025595449214789e-05,0.0,0.0,0.004060927471014996,0.0,0.0,0.0,0.0,0.003641672462443034
2018-01-15 23:00:00,0.0,0.0,0.0,0.0029842801167255296,0.0,0.0,0.06089509972865365,0.03498336332578331,0.0,0.0,0.0,4.561693455925215e-07,0.0,0.0010308063950389844,7.939109181913076e-05,0.0,0.0,0.00402621977576857,0.0,0.0,0.0,0.0,0.0037471941110639837
2018-01-16 00:00:00,0.0,0.0,0.0,0.0029939899127637217,0.0,0.0,0.06025317903792218,0.03504013314983315,0.0,0.0,0.0,4.576535599193719e-07,0.0,0.0010244257875086293,6.409053712042796e-05,0.0,0.0,0.004039319676347119,0.0,0.0,0.0,0.0,0.0036739750522137953
2018-01-16 01:00:00,0.0,0.0,0.0,0.002975779041107915,0.0,0.0,0.06098469367445613,0.03457182373506676,0.0,0.0,0.0,4.5486989314515035e-07,0.0,0.001037308315246842,5.424373907731419e-05,0.0,0.0,0.004014750611538605,0.0,0.0,0.0,0.0,0.0037705195977623474
2018-01-16 02:00:00,0.0,0.0,0.0,0.0030343399479540343,0.0,0.0,0.06196323820303052,0.03537744896656934,0.0,0.0,0.0,4.63821362011488e-07,0.0,0.001049668081229013,7.029133476748058e-05,0.0,0.0,0.004093757632330438,0.0,0.0,0.0,0.0,0.0038172620472962456
2018-01-16 03:00:00,0.0,0.0,0.0,0.003078227069376614,0.0,0.0,0.06710685716708073,0.03595756599776311,0.0,0.0,0.0,4.7052983396325783e-07,0.0,0.001069057558038646,0.00011659071914737942,0.0,0.0,0.004152967622432515,0.0,0.0,0.0,0.0,0.0036503754131186478
2018-01-16 04:00:00,0.0,0.0,0.0,0.00316312201578846,0.0,0.0,0.08029452122090736,0.03692915561617629,0.0,0.0,0.0,4.835066560557149e-07,0.0,0.001082841875180021,0.00010811007512571569,0.0,0.0,0.004267503020832459,0.0,0.0,0.0,0.0,0.0029120755786237983
2018-01-16 05:00:00,0.0,0.0,0.0,0.0031663579538447747,0.0,0.0,0.10768002141170856,0.03730884825170833,0.0,0.0,0.0,4.84001293183528e-07,0.003063375881037084,0.0011726119821003386,0.00031567526803640103,0.0,0.0,0.004271868763083824,0.0,0.0,0.0,0.0,0.00261648536524934
2018-01-16 06:00:00,0.0,0.0,0.0,0.0027881993567866062,0.0,0.0,0.12150392556620533,0.039361669526956376,0.0,0.0,0.0,4.2619694741068904e-07,0.04399381350988145,0.0010728614694429075,0.00047536474296486263,0.0,0.0,0.0037616788471576007,0.0,8.255021991286956e-05,0.0,0.0,0.0020958046347668608
2018-01-16 07:00:00,0.0,0.0,0.0,0.002630383940467164,0.0,0.0,0.1248882609865985,0.03918049421813506,0.0,0.0,0.0,4.0207369075546513e-07,0.059835203626095124,0.0010183497385855623,0.0005815765584206671,0.0,0.0,0.003548763328086397,0.0,0.00014185914838206736,0.0,0.0,0.0017725288696954851
2018-01-16 08:00:00,0.0,0.0,0.0,0.0025499232351218395,0.0,0.0,0.13341203675183147,0.03786862508299196,0.0,0.0,0.0,3.8977467529187595e-07,0.06135679553891487,0.0010161322452396937,0.0004684802012026507,0.0,0.0,0.0034402103537131048,0.0,0.0003687375724024153,0.0,0.0,0.001639065530520195
2018-01-16 09:00:00,0.0,0.0,0.0,0.002495499220438941,0.0,0.0,0.13531237375851402,0.03675127991942477,0.0,0.0,0.0,3.814555610695635e-07,0.05840143962197879,0.0009913314658240155,0.0005728022898040285,0.0,0.0,0.0033667845908415426,0.0,0.0007013706410657136,0.0,0.0,0.0015442598234876894
2018-01-16 10:00:00,0.0,0.0,0.0,0.0024904512402860205,0.0,0.0,0.136302174261744,0.02991420768909779,0.0,0.0,0.0,3.8068393987019415e-07,0.05087161513253434,0.0009753459756129638,0.0005984736335472178,0.0,0.0,0.003359974145198231,0.0,0.0010485572681882224,0.0,0.0,0.001567092395090273
2018-01-16 11:00:00,0.0,0.0,0.0,0.0025477741793276513,0.0,0.0,0.14389991509246,0.030036327881762387,0.0,0.0,0.0,3.8944617617753925e-07,0.052543938042126946,0.0009866379807433447,0.0004747562865938254,0.0,0.0,0.0034373109707465732,0.0,0.0011635869155282514,0.0,0.0,0.0014020388130033242
2018-01-16 12:00:00,0.0,0.0,0.0,0.0025557170792079513,0.0,0.0,0.15844449622950244,0.030170553202334666,0.0,0.0,0.0,3.906603073243429e-07,0.05668923908763773,0.000991613175050722,0.00041968872961862706,0.0,0.0,0.003448027076247455,0.0,0.0010631772959442526,0.0,0.0,0.0014778187989853678
2018-01-16 13:00:00,0.0,0.0,0.0,0.0026411351612082405,0.0,0.0,0.16817111885608754,0.0311453692939365,0.0,0.0,0.0,4.037170945707742e-07,0.05123167191917242,0.0010254562209257982,0.00038277417692674155,0.0,0.0,0.0035632682592149374,0.0,0.0008376076057914207,0.0,0.0,0.0011880776676039477
2018-01-16 14:00:00,0.0,0.0,0.0,0.0026766582057500335,0.0,0.0,0.17166239444811401,0.03169178711883767,0.0,0.0,0.0,4.091470553480031e-07,0.05794839739367558,0.0010452161268140203,0.0003097066991092291,0.0,0.0,0.0036111939159346575,0.0,0.0004986341758138852,0.0,0.0,0.0010513852344368813
2018-01-16 15:00:00,0.0,0.0,0.0,0.002682589406537439,0.0,0.0,0.162094367951145,0.033092287261740225,0.0,0.0,0.0,4.113391181149325e-07,0.07060920982398124,0.0010577440488512434,0.0003542332507438721,0.0,0.0,0.0036305413941183865,0.0,0.00019268620759575132,0.0,0.0,0.001012359131756628
2018-01-16 16:00:00,0.0,0.0,0.0,0.0025712252214891342,0.0,0.0,0.15027518909429746,0.03930508511933434,0.0,0.0,0.0,3.9800591581946833e-07,0.07736024191306705,0.0010655451133780578,0.0004648425226103718,0.0,0.0,0.0035128605300379814,0.0,7.907547935891e-05,0.0,0.0,0.0009814236689055231
2018-01-16 17:00:00,0.0,0.0,0.0,0.0025951270849233214,0.0,0.0,0.13184756350052718,0.04011456863112266,0.0,0.0,0.0,4.02980997018902e-07,0.08779685888275472,0.0010909346299313048,0.000581360882069796,0.0,0.0,0.0035567713506679736,0.0,7.685142058632822e-05,0.0,0.0,0.0010228554773238417
2018-01-16 18:00:00,0.0,0.0,0.0,0.0026587060945685486,0.0,0.0,0.12849712973156446,0.04130815869326383,0.0,0.0,0.0,4.154918257187011e-07,0.07320045139984425,0.0011329197094112934,0.0004327831807710159,0.0,0.0,0.003667193820763935,0.0,0.0,0.0,0.0,0.0013822083132357457
2018-01-16 19:00:00,0.0,0.0,0.0,0.0028035187006611745,0.0,0.0,0.1343001952563703,0.03587139201260015,0.0,0.0,0.0,4.3952679253497095e-07,0.037486329050848255,0.0012028441100145743,0.00041505958445043484,0.0,0.0,0.003879330080336378,0.0,0.0,0.0,0.0,0.001771030319101179
2018-01-16 20:00:00,0.0,0.0,0.0,0.003183485023862764,0.0,0.0,0.10933168797180137,0.03850357800517342,0.0,0.0,0.0,4.990967106056849e-07,0.0061216316334141985,0.0013234037897003165,0.0002530160806188199,0.0,0.0,0.004405103204932663,0.0,0.0,0.0,0.0,0.0022714443609939323
2018-01-16 21:00:00,0.0,0.0,0.0,0.0033318297378036117,0.0,0.0,0.09777201787396171,0.040330334090766994,0.0,0.0,0.0,5.223537255464313e-07,0.004142915771470511,0.001340221183234582,0.00023666581828964004,0.0,0.0,0.004610373143354655,0.0,0.0,0.0,0.0,0.00235505881679699
2018-01-16 22:00:00,0.0,0.0,0.0,0.003467944622843753,0.0,0.0,0.09270930712250512,0.04198924215928971,0.0,0.0,0.0,5.43693386603035e-07,0.0,0.0013597600460584411,0.00017481559391674062,0.0,0.0,0.004798720225823988,0.0,0.0,0.0,0.0,0.0023790450893145785
2018-01-16 23:00:00,0.0,0.0,0.0,0.0035433045090557,0.0,0.0,0.08527646032317916,0.04319008466054499,0.0,0.0,0.0,5.590919941906498e-07,0.0,0.001374875561915738,0.00018883185559988546,0.0,0.0,0.004934630670021032,0.0,0.0,0.0,0.0,0.0024368588686800546
2018-01-17 00:00:00,0.0,0.0,0.0,0.003529974141005802,0.0,0.0,0.08465453226936384,0.04300445455506431,0.0,0.0,0.0,5.569886180802236e-07,0.0,0.0013920922716970366,0.00019802641266266656,0.0,0.0,0.00491606595370789,0.0,0.0,0.0,0.0,0.002624794582176261
2018-01-17 01:00:00,0.0,0.0,0.0,0.003610621549034139,0.0,0.0,0.08443939565968818,0.043775554900584754,0.0,0.0,0.0,5.660618237111662e-07,0.0,0.0013996326072769681,0.00014699776289399494,0.0,0.0,0.004996147441633093,0.0,0.0,0.0,0.0,0.0024898487184879564
2018-01-17 02:00:00,0.0,0.0,0.0,0.0035624197269144217,0.0,0.0,0.08554502403608052,0.04319115094634746,0.0,0.0,0.0,5.585048945329786e-07,0.0,0.001353066715489632,6.076001823429311e-05,0.0,0.0,0.004929448839468627,0.0,0.0,0.0,0.0,0.003182662992811607
2018-01-17 03:00:00,0.0,0.0,0.0,0.0036386412300361327,0.0,0.0,0.09630436869471147,0.043937479900167005,0.0,0.0,0.0,5.704546606541674e-07,0.0,0.0013359579434219474,0.00018506125769502388,0.0,0.0,0.005034919286217841,0.0,0.0,0.0,0.0,0.002775499532763458
2018-01-17 04:00:00,0.0,0.0,0.0,0.0033615182651739535,0.0,0.0,0.1061434968448817,0.04238692980557143,0.0,0.0,0.0,5.270081989434146e-07,0.0,0.0012734209205392045,0.0003418646581377352,0.0,0.0,0.004651454230932739,0.0,0.0,0.0,0.0,0.002116921585100493
2018-01-17 05:00:00,0.0,0.0,0.0,0.0031220619942109074,0.0,0.0,0.1142497522395888,0.04573384641468143,0.0,0.0,0.0,4.894670023378949e-07,0.0294643863812799,0.0012311531728585838,0.0004702199681161046,0.0,0.0,0.0043201099403977605,0.0,0.0,0.0,0.0,0.0014495132638938449
2018-01-17 06:00:00,0.0,0.0,0.0,0.002674489708536498,0.0,0.0,0.11457133624290396,0.04102446470154151,0.0,0.0,0.0,4.1929803535236165e-07,0.09745074019789672,0.0011431888585240195,0.0005699213451962891,0.0,0.0,0.0037007880038142215,0.0,8.125709856226634e-05,0.0,0.0,0.0007720799017796449
2018-01-17 07:00:00,0.0,0.0,0.0,0.0025432094611445837,0.0,0.0,0.11861209469383502,0.038911324064416934,0.0,0.0,0.0,3.987163334911408e-07,0.10553205901541103,0.0011091937247496829,0.0006942853677833587,0.0,0.0,0.003519130784070566,0.0,0.00014943089537547248,0.0,0.0,0.0006736670011593742
2018-01-17 08:00:00,0.0,0.0,0.0,0.0025370399463067483,0.0,0.0,0.13137594008689937,0.03823843623039537,0.0,0.0,0.0,3.977490964730566e-07,0.09865402529945184,0.0011096108198766495,0.000602938002238477,0.0,0.0,0.0035105938035660833,0.0,0.0004060052598678773,0.0,0.0,0.0007923032598800112
2018-01-17 09:00:00,0.0,0.0,0.0,0.002474892582677654,0.0,0.0,0.14630921247229484,0.035415294074696506,0.0,0.0,0.0,3.880058294158553e-07,0.06939907315212879,0.0010954999333089436,0.0006499633600093751,0.0,0.0,0.0034245982519462257,0.0,0.0008135119566182156,0.0,0.0,0.0008353515080424672
2018-01-17 10:00:00,0.0,0.0,0.0,0.002297045956969029,0.0,0.0,0.15299561315392243,0.033154672879999264,0.0,0.0,0.0,3.601235980819088e-07,0.07601391080420011,0.0010155575439920383,0.0004587878197925185,0.0,0.0,0.003178505452695382,0.0,0.0011022962191664762,0.0,0.0,0.0014956173308387595
2018-01-17 11:00:00,0.0,0.0,0.0,0.002317510299023913,0.0,0.0,0.16538100572420908,0.03558644068031103,0.0,0.0,0.0,3.633319328872377e-07,0.0455318918596266,0.0010093063937802206,0.00035127774123395284,0.0,0.0,0.0032068227019040572,0.0,0.0013328431069077856,0.0,0.0,0.0023897158420911374
2018-01-17 12:00:00,0.0,0.0,0.0,0.0024099611164173067,0.0,0.0,0.17012112928132853,0.035930583214131354,0.0,0.0,0.0,3.778260795560549e-07,0.02240975432131241,0.001034415376716939,0.0002757220743255918,0.0,0.0,0.0033347502369625165,0.0,0.0013349845968772345,0.0,0.0,0.002843729850866458
2018-01-17 13:00:00,0.0,0.0,0.0,0.002442154521048799,0.0,0.0,0.15418390969928192,0.03435813994944446,0.0,0.0,0.0,3.82873259685484e-07,0.020985705733693093,0.001058903764539266,0.0002682911915563135,0.0,0.0,0.0033792974136751,0.0,0.0010637047932253309,0.0,0.0,0.003377520087103399
2018-01-17 14:00:00,0.0,0.0,0.0,0.002514202002155603,0.0,0.0,0.1485636975591308,0.033766558305188585,0.0,0.0,0.0,3.941686358403245e-07,0.017591442823295608,0.0011184095942598654,0.00027378379706774724,0.0,0.0,0.0034789921154098086,0.0,0.0006354246702062098,0.0,0.0,0.003538096769580265
2018-01-17 15:00:00,0.0,0.0,0.0,0.0025211245550144034,0.0,0.0,0.14842117181141606,0.0339416539928788,0.0,0.0,0.0,3.9525393177698614e-07,0.028038899123761032,0.0011357984177701155,0.000283995525272637,0.0,0.0,0.003488571101821253,0.0,0.00021958766671982698,0.0,0.0,0.0033085192426655927
2018-01-17 16:00:00,0.0,0.0,0.0,0.0024147295871045924,0.0,0.0,0.14760725145251744,0.03548253290067797,0.0,0.0,0.0,3.785736653046305e-07,0.039010967719427164,0.001135030345644164,0.00030765156918045547,0.0,0.0,0.0033413485420745975,0.0,7.694757305987083e-05,0.0,0.0,0.0033005800964029043
2018-01-17 17:00:00,0.0,0.0,0.0,0.002441602914455967,0.0,0.0,0.1592503307907068,0.03740445310389142,0.0,0.0,0.0,3.8278678054895053e-07,0.043820386151148694,0.0011378583247241174,0.0003175321645010589,0.0,0.0,0.0033785341357103122,0.0,7.300023595274906e-05,0.0,0.0,0.0030598917406093706
2018-01-17 18:00:00,0.0,0.0,0.0,0.002508043959912459,0.0,0.0,0.1610528019758942,0.03245022441715983,0.0,0.0,0.0,3.9320319745934073e-07,0.02965560158844117,0.001154791475913399,0.00028293335253974276,0.0,0.0,0.0034704710099489546,0.0,0.0,0.0,0.0,0.003146255784073769
2018-01-17 19:00:00,0.0,0.0,0.0,0.0027541055979260235,0.0,0.0,0.14037433172021696,0.03440481788485341,0.0,0.0,0.0,4.317799626139649e-07,0.010778643053601053,0.001188503438182599,0.0002772681761150542,0.0,0.0,0.00381095538543671,0.0,0.0,0.0,0.0,0.0030085104670872016
2018-01-17 20:00:00,0.0,0.0,0.0,0.0030182284190195183,0.0,0.0,0.1215450080250259,0.04113552842756101,0.0,0.0,0.0,4.731883029125809e-07,0.0030879480032932278,0.0012759441234243617,0.00018104058028854404,0.0,0.0,0.004176431672264992,0.0,0.0,0.0,0.0,0.002603538573801285
2018-01-17 21:00:00,0.0,0.0,0.0,0.0031957691039621004,0.0,0.0,0.09100778521788896,0.04366974601157177,0.0,0.0,0.0,5.010225698211169e-07,0.00017726690757102238,0.001388363436603451,0.00018821771618631033,0.0,0.0,0.004422101130228249,0.0,0.0,0.0,0.0,0.0025659632930454114
2018-01-17 22:00:00,0.0,0.0,0.0,0.0032366176548027704,0.0,0.0,0.0697407167378703,0.0440908779795201,0.0,0.0,0.0,5.074266763913591e-07,0.0,0.0014049641559002125,0.00017065219618301605,0.0,0.0,0.004478624745346988,0.0,0.0,0.0,0.0,0.0023236414414085703
2018-01-17 23:00:00,0.0,0.0,0.0,0.0031882766305110473,0.0,0.0,0.05565648177724915,0.03966199273898796,0.0,0.0,0.0,5.063394550115386e-07,0.0,0.0014043716230202,0.00010242351515437034,0.0,0.0,0.004469028764682425,0.0,0.0,0.0,0.0,0.0032153753895165197
2018-01-18 00:00:00,0.0,0.0,0.0,0.0031955820232148404,0.0,0.0,0.04857413480184572,0.03868787344292219,0.0,0.0,0.0,5.074996456063211e-07,0.0,0.0013368289694536905,6.92129936995559e-05,0.0,0.0,0.0044792687826965836,0.0,0.0,0.0,0.0,0.0040221018639779865
2018-01-18 01:00:00,0.0,0.0,0.0,0.0031580866514624205,0.0,0.0,0.04580985764051459,0.03825477203783373,0.0,0.0,0.0,5.015448969132844e-07,0.0,0.001291620993810552,7.279480657912884e-05,0.0,0.0,0.004426711268301365,0.0,0.0,0.0,0.0,0.004236393266728233
2018-01-18 02:00:00,0.0,0.0,0.0,0.0032748039133525778,0.0,0.0,0.04740131604915283,0.03959407781770896,0.0,0.0,0.0,5.183979932881124e-07,0.0,0.001308423738633945,0.00010479496577053631,0.0,0.0,0.004575459250959274,0.0,0.0,0.0,0.0,0.003917139986022847
2018-01-18 03:00:00,0.0,0.0,0.0,0.0033258346119515747,0.0,0.0,0.05064665214204662,0.04086444960892415,0.0,0.0,0.0,5.214138286818346e-07,0.0,0.0013058502989884086,0.00010097299151597372,0.0,0.0,0.004602077471188201,0.0,0.0,0.0,0.0,0.0037520690246881203
2018-01-18 04:00:00,0.0,0.0,0.0,0.003360958921415018,0.0,0.0,0.06610672087005598,0.04540153743755681,0.0,0.0,0.0,5.269205067984571e-07,0.0,0.0013537681824359728,0.00011981529719106474,0.0,0.0,0.004650680246771771,0.0,0.0,0.0,0.0,0.002928976216370499
2018-01-18 05:00:00,0.0,0.0,0.0,0.0031634154018812008,0.0,0.0,0.0804114727021072,0.04327755465574496,0.0,0.0,0.0,5.023911712161843e-07,0.029057373440782585,0.0013642849228491189,0.0001920821285219825,0.0,0.0,0.004434180613549969,0.0,0.0,0.0,0.0,0.002545385953887555
2018-01-18 06:00:00,0.0,0.0,0.0,0.0028079527442596737,0.0,0.0,0.09005664192756548,0.03841459717499684,0.0,0.0,0.0,4.459391160166367e-07,0.07760916000524695,0.0013013467127964353,0.0002869435987190177,0.0,0.0,0.003935926219160598,0.0,8.641995823443982e-05,0.0,0.0,0.0019283035572209358
2018-01-18 07:00:00,0.0,0.0,0.0,0.002682738460872022,0.0,0.0,0.11009126186328375,0.036683879693304056,0.0,0.0,0.0,4.2605347265575885e-07,0.05977760766926815,0.0012768283107888166,0.0003609439007588278,0.0,0.0,0.0037604125172272696,0.0,0.00018176408296689426,0.0,0.0,0.0020030251792931826
2018-01-18 08:00:00,0.0,0.0,0.0,0.0027488104191770077,0.0,0.0,0.12454932838842864,0.03713232505158623,0.0,0.0,0.0,4.309498012417916e-07,0.052459680456910525,0.0012753016963301615,0.0003511735028782381,0.0,0.0,0.0038036282553565812,0.0,0.0004908065479949411,0.0,0.0,0.0015176215350577807
2018-01-18 09:00:00,0.0,0.0,0.0,0.0027441820303603925,0.0,0.0,0.13660698485077696,0.037042983959235,0.0,0.0,0.0,4.3022417708572954e-07,0.045635719102205166,0.0012843223543168643,0.00031069727759732785,0.0,0.0,0.003797223786588261,0.0,0.0008851681792107971,0.0,0.0,0.0010333803637392438
2018-01-18 10:00:00,0.0,0.0,0.0,0.002629991813865539,0.0,0.0,0.1421518004362087,0.037301391665420014,0.0,0.0,0.0,4.096955427226655e-07,0.04887381929280093,0.0011775822803453417,0.00035024645549783744,0.0,0.0,0.003616034948625612,0.0,0.0011058154188000908,0.0,0.0,0.0013303649406254446
2018-01-18 11:00:00,0.0,0.0,0.0,0.0025898712078386947,0.0,0.0,0.1477557846524717,0.0377791797288314,0.0,0.0,0.0,3.958810191534537e-07,0.026499851081087676,0.0011048118156349778,0.000381401056148961,0.0,0.0,0.003494105870039817,0.0,0.0011433336703607013,0.0,0.0,0.002418211676913443
2018-01-18 12:00:00,0.0,0.0,0.0,0.0026171947960939835,0.0,0.0,0.14438204651550265,0.0355149403591873,0.0,0.0,0.0,3.988113467760368e-07,0.02134974932413797,0.0010761150785373909,0.0002680391467848137,0.0,0.0,0.0035199693857221348,0.0,0.0010650744563717278,0.0,0.0,0.003029041620161675
2018-01-18 13:00:00,0.0,0.0,0.0,0.0027001925795264235,0.0,0.0,0.14513682750997892,0.034726537823904904,0.0,0.0,0.0,4.076488482937955e-07,0.016157803325913832,0.0010844952987143276,0.0002585741474647496,0.0,0.0,0.003597970513423883,0.0,0.0008501888098057932,0.0,0.0,0.003122953298809426
2018-01-18 14:00:00,0.0,0.0,0.0,0.0026567391333101225,0.0,0.0,0.14353235697544067,0.03485937976756796,0.0,0.0,0.0,4.010886690536992e-07,0.01865712732692764,0.0010789519248135565,0.00034204937201864346,0.0,0.0,0.0035400693772685045,0.0,0.0005154447105368871,0.0,0.0,0.0032776948325675286
2018-01-18 15:00:00,0.0,0.0,0.0,0.0025826284663032365,0.0,0.0,0.13855789953875,0.03405708910108873,0.0,0.0,0.0,3.89900160396683e-07,0.03589399754394899,0.0010550150198438066,0.0005195115405880069,0.0,0.0,0.0034413179042651534,0.0,0.00019242931542153344,0.0,0.0,0.003324388403032989
2018-01-18 16:00:00,0.0,0.0,0.0,0.0024465634576460197,0.0,0.0,0.1303803573426893,0.0323395446499317,0.0,0.0,0.0,3.6935838700882793e-07,0.07501917772141813,0.0010724483060195057,0.0005784470339539678,0.0,0.0,0.003260013099278506,0.0,7.296588531509495e-05,0.0,0.0,0.003112199075593506
2018-01-18 17:00:00,0.0,0.0,0.0,0.0024433977623209953,0.0,0.0,0.13379656910631116,0.03229003451647503,0.0,0.0,0.0,3.688804610775146e-07,0.08197347194947306,0.001095720258310485,0.00047708245443506985,0.0,0.0,0.003255794852579998,0.0,7.034819922046356e-05,0.0,0.0,0.0031408435596241135
2018-01-18 18:00:00,0.0,0.0,0.0,0.0026934405826373365,0.0,0.0,0.13691637273758336,0.03553526553234349,0.0,0.0,0.0,4.0662949738660856e-07,0.06169611523198568,0.0011920341813300426,0.00035028380918765645,0.0,0.0,0.0035889735678364216,0.0,0.0,0.0,0.0,0.003003984850491682
2018-01-18 19:00:00,0.0,0.0,0.0,0.0029647942474337707,0.0,0.0,0.13298001045957963,0.03871178006196309,0.0,0.0,0.0,4.421373521707081e-07,0.03020889684160062,0.001319770863925015,0.00026507217874431214,0.0,0.0,0.003902371275306584,0.0,0.0,0.0,0.0,0.0023988225983385607
2018-01-18 20:00:00,0.0,0.0,0.0,0.0032790130563560512,0.0,0.0,0.10991640878511275,0.03854734962469054,0.0,0.0,0.0,4.889965473068908e-07,0.010822861265755981,0.0014454649809662748,0.0002844056114927285,0.0,0.0,0.004315957632997582,0.0,0.0,0.0,0.0,0.0022480934458461157
2018-01-18 21:00:00,0.0,0.0,0.0,0.0034402367453306424,0.0,0.0,0.09727351679471828,0.03410017591753986,0.0,0.0,0.0,5.130397047746037e-07,0.009585195977568016,0.0014695453434863514,0.0002868509426696144,0.0,0.0,0.004528166184500939,0.0,0.0,0.0,0.0,0.0026767212427190375
2018-01-18 22:00:00,0.0,0.0,0.0,0.003642314823827303,0.0,0.0,0.0726804684405902,0.03166789635665901,0.0,0.0,0.0,5.431754440879112e-07,0.0009929352430068923,0.001496164447099,0.0003843841997380571,0.0,0.0,0.004794148786692334,0.0,0.0,0.0,0.0,0.0034905623089013316
2018-01-18 23:00:00,0.0,0.0,0.0,0.003546684943321858,0.0,0.0,0.06185799827547756,0.03127277046053753,0.0,0.0,0.0,5.354440432762298e-07,0.0,0.0014665939078538724,0.00012756456679541343,0.0,0.0,0.004725910271449816,0.0,0.0,0.0,0.0,0.0038393390865624614
2018-01-19 00:00:00,0.0,0.0,0.0,0.003552431508084862,0.0,0.0,0.059146538123031285,0.031312296748151114,0.0,0.0,0.0,5.36311603806929e-07,0.0,0.0014505783659189556,0.00011514840854649792,0.0,0.0,0.004733567492170863,0.0,0.0,0.0,0.0,0.004039586624561706
2018-01-19 01:00:00,0.0,0.0,0.0,0.0037091319414345285,0.0,0.0,0.06358595596669035,0.03261206145874912,0.0,0.0,0.0,5.5996871317997e-07,0.0,0.0015726598881172966,0.00021856252521275987,0.0,0.0,0.004942368724685816,0.0,0.0,0.0,0.0,0.003477460244359064
2018-01-19 02:00:00,0.0,0.0,0.0,0.003880723010809007,0.0,0.0,0.065150157635949,0.034205965754801906,0.0,0.0,0.0,5.858738661451244e-07,0.0,0.0016159125646284717,0.00024008814238838744,0.0,0.0,0.005171011530631355,0.0,0.0,0.0,0.0,0.0031256495372580227
2018-01-19 03:00:00,0.0,0.0,0.0,0.003923726172650327,0.0,0.0,0.06845634389256007,0.03454808773568108,0.0,0.0,0.0,5.923660658239637e-07,0.0,0.0016860698409701237,0.00017729788481103489,0.0,0.0,0.005228312668876909,0.0,0.0,0.0,0.0,0.003004731243224777
2018-01-19 04:00:00,0.0,0.0,0.0,0.0036983780878082004,0.0,0.0,0.07201472975874625,0.032621921132601484,0.0,0.0,0.0,5.583452008132108e-07,0.004280211990295709,0.001575323054816202,0.0004341785227625881,0.0,0.0,0.004928039358496686,0.0,0.0,0.0,0.0,0.002303422890132722
2018-01-19 05:00:00,0.0,0.0,0.0,0.0031051842601536755,0.0,0.0,0.09403045232531701,0.030796331122363844,0.0,0.0,0.0,4.7024192245000154e-07,0.05928546096839112,0.0013790038617418128,0.0004816339203737318,0.0,0.0,0.004150426471784091,0.0,0.0,0.0,0.0,0.00202013965726649
2018-01-19 06:00:00,0.0,0.0,0.0,0.0027793175778345744,0.0,0.0,0.09381507230264229,0.03703442111879976,0.0,0.0,0.0,4.1959437198574755e-07,0.10140423011605242,0.0012894553391103298,0.000759005695970308,0.0,0.0,0.0037034035158497207,0.0,8.131452658003994e-05,0.0,0.0,0.0016280662538567794
2018-01-19 07:00:00,0.0,0.0,0.0,0.002714651391070767,0.0,0.0,0.09251851324294869,0.0405921561396163,0.0,0.0,0.0,4.0983169922022177e-07,0.11237705303231627,0.0013159203896068545,0.0007875393892207166,0.0,0.0,0.0036172366865072944,0.0,0.00018443408503490534,0.0,0.0,0.001202111426917236
2018-01-19 08:00:00,0.0,0.0,0.0,0.0026519502517590087,0.0,0.0,0.0916198252376227,0.03949653189554306,0.0,0.0,0.0,4.003656902322147e-07,0.11383430903029831,0.0013034966328434286,0.0007097216199754165,0.0,0.0,0.003533688256624061,0.0,0.0004989485583547782,0.0,0.0,0.0009514468629487482
2018-01-19 09:00:00,0.0,0.0,0.0,0.0026050491737917483,0.0,0.0,0.09168060672930956,0.03874081719233263,0.0,0.0,0.0,3.93285021037707e-07,0.11716283724900564,0.0013068370776573505,0.0006031134071753005,0.0,0.0,0.0034711931972518173,0.0,0.0009447905871210708,0.0,0.0,0.0007198258924726414
2018-01-19 10:00:00,0.0,0.0,0.0,0.002371499700054928,0.0,0.0,0.0856217752467034,0.035341990105657486,0.0,0.0,0.0,3.580259899929159e-07,0.10897418976597206,0.0011999021102477143,0.0006625683366838935,0.0,0.0,0.003159991645813541,0.0,0.0012862369977219383,0.0,0.0,0.0011547406412994155
2018-01-19 11:00:00,0.0,0.0,0.0,0.0023755549209466343,0.0,0.0,0.08323830705738375,0.03570914826103267,0.0,0.0,0.0,3.6312118545237303e-07,0.07867727304921054,0.0011649612931923,0.0005913274762731941,0.0,0.0,0.0032049626131055806,0.0,0.0016187808941865115,0.0,0.0,0.0023218141618124334
2018-01-19 12:00:00,0.0,0.0,0.0,0.002489135362788384,0.0,0.0,0.07962171541827404,0.03702695282279641,0.0,0.0,0.0,3.7811955104285146e-07,0.06996084902417879,0.0011886223072566401,0.0003532142334428909,0.0,0.0,0.003337340460780011,0.0,0.0015885043496119428,0.0,0.0,0.003070989216806728
2018-01-19 13:00:00,0.0,0.0,0.0,0.0025667447831026987,0.0,0.0,0.07827288818840712,0.03808744751913634,0.0,0.0,0.0,3.8870189338940923e-07,0.06948918917367494,0.0012172984612509807,0.0004403547787231179,0.0,0.0,0.003430741818063942,0.0,0.0011668208962749317,0.0,0.0,0.0029152304279320704
2018-01-19 14:00:00,0.0,0.0,0.0,0.0026661820149796755,0.0,0.0,0.08642779221279229,0.03990001053311412,0.0,0.0,0.0,4.075456919031867e-07,0.059888504717531085,0.001298248669576762,0.0005306063227819982,0.0,0.0,0.0035970600394872212,0.0,0.0006953681968070721,0.0,0.0,0.0022704753204284135
2018-01-19 15:00:00,0.0,0.0,0.0,0.0026224021033272133,0.0,0.0,0.09282508549833574,0.03929480452277488,0.0,0.0,0.0,4.00853607759787e-07,0.11001766785598796,0.00129172141120651,0.0006542407026464815,0.0,0.0,0.0035379946906653587,0.0,0.00025257184107288304,0.0,0.0,0.0013245426840192904
2018-01-19 16:00:00,0.0,0.0,0.0,0.0025740086533936907,0.0,0.0,0.09360521020452804,0.03854513956035594,0.0,0.0,0.0,3.9345631007870946e-07,0.12963438840216332,0.0013209332959429926,0.0007048819889957556,0.0,0.0,0.0034727050202862236,0.0,8.361504160545681e-05,0.0,0.0,0.0007794246652192581
2018-01-19 17:00:00,0.0,0.0,0.0,0.002544031194055073,0.0,0.0,0.09253950889548171,0.03809623456062004,0.0,0.0,0.0,3.88874033122742e-07,0.12303772420537652,0.001319256542445501,0.0007205205904711404,0.0,0.0,0.0034322611494377753,0.0,7.41611194962024e-05,0.0,0.0,0.0009095739072312791
2018-01-19 18:00:00,0.0,0.0,0.0,0.0026345457654318384,0.0,0.0,0.09187066669028968,0.039189994736512045,0.0,0.0,0.0,4.002085531061667e-07,0.1098956891444456,0.001305243478379398,0.0005276473114598423,0.0,0.0,0.0035323013405357383,0.0,0.0,0.0,0.0,0.0010547971752261915
2018-01-19 19:00:00,0.0,0.0,0.0,0.0029547251321360964,0.0,0.0,0.09964252945821846,0.04417120209861407,0.0,0.0,0.0,4.51651647034803e-07,0.03803659589002261,0.0014582768355987472,0.000312883847867689,0.0,0.0,0.003986345883649797,0.0,0.0,0.0,0.0,0.0012918827206811149
2018-01-19 20:00:00,0.0,0.0,0.0,0.003249007585330877,0.0,0.0,0.10296359426768889,0.038718917041139764,0.0,0.0,0.0,4.950877530114256e-07,0.0069677591026778354,0.0015404523009294182,0.00033824865612082887,0.0,0.0,0.004369719537656074,0.0,0.0,0.0,0.0,0.0013512004424724407
2018-01-19 21:00:00,0.0,0.0,0.0,0.0033727248039011706,0.0,0.0,0.10299251804360673,0.033417883260099146,0.0,0.0,0.0,5.107576436068885e-07,0.012032359306283522,0.0015673033475091605,0.00033152346321690956,0.0,0.0,0.004508024366792794,0.0,0.0,0.0,0.0,0.0011876262337596419
2018-01-19 22:00:00,0.0,0.0,0.0,0.0037300245052095792,0.0,0.0,0.09905249557891849,0.029379288421561643,0.0,0.0,0.0,5.631228695262176e-07,0.008572795321561438,0.0016453187371635776,0.00019041418478266754,0.0,0.0,0.0049702077866040015,0.0,0.0,0.0,0.0,0.0012061320751584872
2018-01-19 23:00:00,0.0,0.0,0.0,0.00396392433591951,0.0,0.0,0.08230953476226953,0.01913581072832112,0.0,0.0,0.0,6.059152289895373e-07,0.0,0.0017503062155618167,0.00018919680487600372,0.0,0.0,0.005347899636325347,0.0,0.0,0.0,0.0,0.0009836285005480937
2018-01-20 00:00:00,0.0,0.0,0.0,0.004139110866424374,0.0,0.0,0.07877235919499996,0.019968375660905813,0.0,0.0,0.0,6.326937892624631e-07,0.0,0.0018214543601868386,0.00019449740593399604,0.0,0.0,0.005584251267532439,0.0,0.0,0.0,0.0,0.0007220180295231069
2018-01-20 01:00:00,0.0,0.0,0.0,0.0040703459948542705,0.0,0.0,0.07797212514897994,0.019623706083731207,0.0,0.0,0.0,6.221825687211735e-07,0.0,0.0018071827324209185,0.0001845136488637684,0.0,0.0,0.0054914776420801744,0.0,0.0,0.0,0.0,0.0004587248555458795
2018-01-20 02:00:00,0.0,0.0,0.0,0.0040139424025444435,0.0,0.0,0.0766525224870108,0.019364523532196802,0.0,0.0,0.0,6.135608613791452e-07,0.0,0.0017932199197735353,0.00022263233313457893,0.0,0.0,0.005415381146476606,0.0,0.0,0.0,0.0,0.0003046320632656724
2018-01-20 03:00:00,0.0,0.0,0.0,0.00401260305088283,0.0,0.0,0.07760627839576426,0.0191414152850728,0.0,0.0,0.0,6.133561315457854e-07,0.0,0.0017911306600480485,0.00014355996501517655,0.0,0.0,0.00541357416994097,0.0,0.0,0.0,0.0,0.0003751249660943442
2018-01-20 04:00:00,0.0,0.0,0.0,0.0038179783138562458,0.0,0.0,0.07700446713084984,0.018212992296570533,0.0,0.0,0.0,5.836062972631549e-07,0.0,0.0016957426235031296,0.00016651076315088038,0.0,0.0,0.0051509976240334794,0.0,0.0,0.0,0.0,0.0007839206633501426
2018-01-20 05:00:00,0.0,0.0,0.0,0.0037118541437922196,0.0,0.0,0.07641198228536127,0.0177067456568656,0.0,0.0,0.0,5.673844309114219e-07,0.0,0.0016348645220711164,0.00023978189313860523,0.0,0.0,0.005007820973221075,0.0,0.0,0.0,0.0,0.0007923986397276398
2018-01-20 06:00:00,0.0,0.0,0.0,0.003527983247067386,0.0,0.0,0.0806271700351066,0.01682962196722617,0.0,0.0,0.0,5.392784008633746e-07,0.0031376362917949186,0.001679682718517895,0.00024687251779864514,0.0,0.0,0.004759752892603323,0.0,0.00010450847482419473,0.0,0.0,0.0007061221020219706
2018-01-20 07:00:00,0.0,0.0,0.0,0.0033117227059525195,0.0,0.0,0.10269513355554562,0.01579798919050696,0.0,0.0,0.0,5.062213734868368e-07,0.010184183198509935,0.0015806758936746912,0.0002566279142366608,0.0,0.0,0.004467986559250385,0.0,0.0002468177647916716,0.0,0.0,0.0007867317112026653
2018-01-20 08:00:00,0.0,0.0,0.0,0.0031397072359380454,0.0,0.0,0.1030448271870989,0.01497741972344253,0.0,0.0,0.0,4.79927533324677e-07,0.027536430112178743,0.0015094066568895651,0.00031427336620647905,0.0,0.0,0.004235913141199294,0.0,0.0006623517092172102,0.0,0.0,0.000492097638240448
2018-01-20 09:00:00,0.0,0.0,0.0,0.003052505756634504,0.0,0.0,0.0990741724263362,0.014571135735854846,0.0,0.0,0.0,4.665981405757673e-07,0.060321028574839314,0.0014673226607386472,0.0003676543554173328,0.0,0.0,0.004118265900754109,0.0,0.00117531400308943,0.0,0.0,0.0004058737562764626
2018-01-20 10:00:00,0.0,0.0,0.0,0.002995281036323187,0.0,0.0,0.0966842072948886,0.014404476349395155,0.0,0.0,0.0,4.6218389171450935e-07,0.07286872874159604,0.0014546850063750169,0.00040376053084759486,0.0,0.0,0.004079305071333895,0.0,0.0016339757620992415,0.0,0.0,0.00028738653431234826
2018-01-20 11:00:00,0.0,0.0,0.0,0.0030275524035443258,0.0,0.0,0.0974341718138327,0.014605746093102284,0.0,0.0,0.0,4.6864185875021137e-07,0.07569239637844209,0.001466914224852444,0.00043832566078849905,0.0,0.0,0.004136304067083229,0.0,0.001780285779919457,0.0,0.0,0.00026143716808246786
2018-01-20 12:00:00,0.0,0.0,0.0,0.003165573102119932,0.0,0.0,0.09951039924839672,0.015291957748822116,0.0,0.0,0.0,4.900064028125211e-07,0.06753696722555454,0.0015331500991757358,0.0003700167166973398,0.0,0.0,0.004324870770731895,0.0,0.0016974837576350166,0.0,0.0,0.0002924284297733333
2018-01-20 13:00:00,0.0,0.0,0.0,0.0033129732309773925,0.0,0.0,0.10298221670248131,0.015803954599624664,0.0,0.0,0.0,5.064125255100822e-07,0.051024752257756045,0.0015951658832392905,0.00033823840588658095,0.0,0.0,0.004469673695976263,0.0,0.0013671782186209242,0.0,0.0,0.0004617980664607123
2018-01-20 14:00:00,0.0,0.0,0.0,0.0033829324991916806,0.0,0.0,0.10660822116022489,0.01620982659249827,0.0,0.0,0.0,5.187273413772164e-07,0.06846217163015594,0.0016137361043034658,0.0003652518707367309,0.0,0.0,0.004578366127105762,0.0,0.000821707861436232,0.0,0.0,0.00040099261325988973
2018-01-20 15:00:00,0.0,0.0,0.0,0.0032512762425715323,0.0,0.0,0.10613167142950321,0.015509639995877587,0.0,0.0,0.0,4.969816833219128e-07,0.09269551576436391,0.0015488909505095932,0.00041336467792261485,0.0,0.0,0.004386435653597855,0.0,0.0002755924367772771,0.0,0.0,0.00021681252530760664
2018-01-20 16:00:00,0.0,0.0,0.0,0.0030462068702952513,0.0,0.0,0.10570730466685087,0.014541068002932644,0.0,0.0,0.0,4.6563530908979704e-07,0.11630189827605901,0.0014925118854529648,0.00046504304561893875,0.0,0.0,0.004109767804143713,0.0,9.308678261896103e-05,0.0,0.0,0.00018338036848574823
2018-01-20 17:00:00,0.0,0.0,0.0,0.0029782585909398935,0.0,0.0,0.10421366734795609,0.014188339933883456,0.0,0.0,0.0,4.55248910723922e-07,0.12483953177661886,0.0014621053762623002,0.0005644978107799699,0.0,0.0,0.0040180958781282135,0.0,8.681929363500696e-05,0.0,0.0,0.0003302547985930771
2018-01-20 18:00:00,0.0,0.0,0.0,0.0030014185510546802,0.0,0.0,0.10213428607666294,0.014298673330709175,0.0,0.0,0.0,4.587890823687686e-07,0.11492107352438741,0.0014608088713776541,0.0004311499385510367,0.0,0.0,0.004049341969571694,0.0,0.0,0.0,0.0,0.0007997160008578234
2018-01-20 19:00:00,0.0,0.0,0.0,0.003264085726420613,0.0,0.0,0.1062926290906353,0.015591478413226917,0.0,0.0,0.0,4.989397079162074e-07,0.04931070498821612,0.0015607545022313517,0.0003622791449808974,0.0,0.0,0.004403717475401883,0.0,0.0,0.0,0.0,0.0016237225055977926
2018-01-20 20:00:00,0.0,0.0,0.0,0.00357235581054826,0.0,0.0,0.1113196113205283,0.01706398458033379,0.0,0.0,0.0,5.460610762335214e-07,0.005576024376222503,0.0016459101602052468,0.00029960172409772506,0.0,0.0,0.004819617813321379,0.0,0.0,0.0,0.0,0.0025754247780085276
2018-01-20 21:00:00,0.0,0.0,0.0,0.0036183025542318955,0.0,0.0,0.10869051705984324,0.017294949628792678,0.0,0.0,0.0,5.530843767208994e-07,0.003766973227796173,0.0016417741252312153,0.00023728223863580847,0.0,0.0,0.00488160652779038,0.0,0.0,0.0,0.0,0.0032661439404738464
2018-01-20 22:00:00,0.0,0.0,0.0,0.0038041116336740275,0.0,0.0,0.10427845144811436,0.018122680538621212,0.0,0.0,0.0,5.81486672369764e-07,0.0016058832934191035,0.0016765589997841815,0.00018917238890153108,0.0,0.0,0.005132289493499418,0.0,0.0,0.0,0.0,0.0034408475185552156
2018-01-20 23:00:00,0.0,0.0,0.0,0.003955061682785231,0.0,0.0,0.08541660925623759,0.018841802315468087,0.0,0.0,0.0,6.045605067374879e-07,0.0016755476473320706,0.0016860854387076762,0.00022893170439548124,0.0,0.0,0.005335942652423259,0.0,0.0,0.0,0.0,0.003267537686235346
2018-01-21 00:00:00,0.0,0.0,0.0,0.004174509725181984,0.0,0.0,0.08179661644630762,0.01991376252472892,0.0,0.0,0.0,6.381047673216873e-07,0.0,0.001743296820290219,0.00020083329020932595,0.0,0.0,0.005632009379906256,0.0,0.0,0.0,0.0,0.0029314483406566276
2018-01-21 01:00:00,0.0,0.0,0.0,0.004331774846668074,0.0,0.0,0.08577717819096906,0.020650211679246185,0.0,0.0,0.0,6.621439073309548e-07,0.0,0.0017786188763899995,0.00023662444114644777,0.0,0.0,0.0058441824727125365,0.0,0.0,0.0,0.0,0.0020333120328373815
2018-01-21 02:00:00,0.0,0.0,0.0,0.004484955516337926,0.0,0.0,0.09131857390988658,0.021394689428453295,0.0,0.0,0.0,6.855587085921018e-07,0.0,0.0018703216674366761,0.00022374680645923282,0.0,0.0,0.006050845057110593,0.0,0.0,0.0,0.0,0.001326325472365623
2018-01-21 03:00:00,0.0,0.0,0.0,0.004308919913510614,0.0,0.0,0.09048349467323975,0.020527572947073934,0.0,0.0,0.0,6.586503613184449e-07,0.0,0.0018316782314925764,0.00027921295373347304,0.0,0.0,0.005813347906166082,0.0,0.0,0.0,0.0,0.0006914173689853548
2018-01-21 04:00:00,0.0,0.0,0.0,0.004316567854990607,0.0,0.0,0.09129114178515019,0.020564007524596077,0.0,0.0,0.0,6.598194058865153e-07,0.0,0.0018522291116470665,0.000221299307816281,0.0,0.0,0.005823666070690281,0.0,0.0,0.0,0.0,0.00041602761792947356
2018-01-21 05:00:00,0.0,0.0,0.0,0.0041462677322792385,0.0,0.0,0.09010381515282276,0.019779039077686092,0.0,0.0,0.0,6.337877692796907e-07,0.0,0.0017947806944558877,0.00022110433681995687,0.0,0.0,0.005593906900955014,0.0,0.0,0.0,0.0,0.0004095426056207736
2018-01-21 06:00:00,0.0,0.0,0.0,0.003851214205291221,0.0,0.0,0.09618089212334321,0.01859170429555731,0.0,0.0,0.0,5.961383794711489e-07,0.0,0.0017577752069049687,0.0002876345494875883,0.0,0.0,0.005261607680813694,0.0,0.00011586481457410035,0.0,0.0,0.0005866743364159336
2018-01-21 07:00:00,0.0,0.0,0.0,0.0035945602791642266,0.0,0.0,0.11082337892799825,0.017147215958870286,0.0,0.0,0.0,5.49455193917383e-07,0.0,0.0016463137490811057,0.00023062422132454058,0.0,0.0,0.004849574810371015,0.0,0.00025150688336302083,0.0,0.0,0.0008963875053535698
2018-01-21 08:00:00,0.0,0.0,0.0,0.0034484130521554627,0.0,0.0,0.11616530766902003,0.016417189764257205,0.0,0.0,0.0,5.271155065230576e-07,0.004118516497990993,0.0016174988436069928,0.00028734608395839607,0.0,0.0,0.004652401343892921,0.0,0.0006625742732847968,0.0,0.0,0.0013294219999961192
2018-01-21 09:00:00,0.0,0.0,0.0,0.003307737407914093,0.0,0.0,0.11026315400612355,0.015778978028968937,0.0,0.0,0.0,5.056121911289236e-07,0.037701229804993124,0.0015444029119180444,0.0003754542510836822,0.0,0.0,0.0044626098234390515,0.0,0.0011504041469063552,0.0,0.0,0.0017688468046368475
2018-01-21 10:00:00,0.0,0.0,0.0,0.0032936001247979817,0.0,0.0,0.10839962829729871,0.015820880164337223,0.0,0.0,0.0,5.066175623350411e-07,0.04300421809085035,0.0015615924994882733,0.0005242565943469347,0.0,0.0,0.004471483382066279,0.0,0.001547544278204736,0.0,0.0,0.0017201863415465563
2018-01-21 11:00:00,0.0,0.0,0.0,0.0031444366415913166,0.0,0.0,0.10364965802732423,0.015230306957028593,0.0,0.0,0.0,4.867346410626883e-07,0.06229279534545863,0.0014989111871663945,0.0005868645780704795,0.0,0.0,0.004295993705698799,0.0,0.0016090969703822541,0.0,0.0,0.0015040235557099294
2018-01-21 12:00:00,0.0,0.0,0.0,0.0032966302716345196,0.0,0.0,0.1111171375993995,0.015882646977152443,0.0,0.0,0.0,5.102930460600353e-07,0.06080418553900298,0.0015707953294180489,0.0003228812816226164,0.0,0.0,0.004503923758435421,0.0,0.001525151740821528,0.0,0.0,0.0016943879529077528
2018-01-21 13:00:00,0.0,0.0,0.0,0.0033311753903450397,0.0,0.0,0.11500428714003799,0.016070506950106436,0.0,0.0,0.0,5.156403651103323e-07,0.047991549839528885,0.001580540528736421,0.0002729323406347147,0.0,0.0,0.00455112000674905,0.0,0.0011549485884743975,0.0,0.0,0.002094603737108178
2018-01-21 14:00:00,0.0,0.0,0.0,0.0033867138211056587,0.0,0.0,0.11432698671419304,0.01622794536150435,0.0,0.0,0.0,5.193071563938619e-07,0.031076935612736487,0.0015815455346992362,0.0003044791347301933,0.0,0.0,0.004583483662312504,0.0,0.0006838748819187009,0.0,0.0,0.0025728461138808203
2018-01-21 15:00:00,0.0,0.0,0.0,0.0032756306134457507,0.0,0.0,0.11212625571865609,0.015742190926287793,0.0,0.0,0.0,5.054429572324745e-07,0.044692817642196764,0.0015759633610927448,0.0003208038101873035,0.0,0.0,0.004461116139421927,0.0,0.00025020758639477005,0.0,0.0,0.00288690272657321
2018-01-21 16:00:00,0.0,0.0,0.0,0.002859474783057239,0.0,0.0,0.09908674212578557,0.013822483457911275,0.0,0.0,0.0,4.4262473403020064e-07,0.08688541512460597,0.0013780988795370887,0.0005475708391775344,0.0,0.0,0.003906672981460229,0.0,8.855495832282666e-05,0.0,0.0,0.0028273403544592734
2018-01-21 17:00:00,0.0,0.0,0.0,0.002815207269782577,0.0,0.0,0.09767331505875562,0.013563226552336568,0.0,0.0,0.0,4.3577246297487545e-07,0.08585298366989579,0.0013484791635643843,0.0005386950613355075,0.0,0.0,0.003846193798677699,0.0,8.301534129467121e-05,0.0,0.0,0.003074636555609146
2018-01-21 18:00:00,0.0,0.0,0.0,0.003119213993810629,0.0,0.0,0.10462719089978752,0.01509810665610581,0.0,0.0,0.0,4.828303689104688e-07,0.06739256106130136,0.0014772046927899163,0.00043915895014506683,0.0,0.0,0.004261534007998528,0.0,0.0,0.0,0.0,0.0031324174567569415
2018-01-21 19:00:00,0.0,0.0,0.0,0.003518733546247884,0.0,0.0,0.11268008955123013,0.01699797255749713,0.0,0.0,0.0,5.446729270911489e-07,0.0023446486992749495,0.0015980323874497354,0.00031920907184781636,0.0,0.0,0.00480736579861952,0.0,0.0,0.0,0.0,0.0030535239261595213
2018-01-21 20:00:00,0.0,0.0,0.0,0.0036340135177617477,0.0,0.0,0.11398834334592262,0.017499478285472325,0.0,0.0,0.0,5.607428784859552e-07,0.0,0.00161918403128223,0.00021395214148605096,0.0,0.0,0.004949201624999673,0.0,0.0,0.0,0.0,0.002942803203230212
2018-01-21 21:00:00,0.0,0.0,0.0,0.003618079648474441,0.0,0.0,0.1101787365288842,0.01983338547307193,0.0,0.0,0.0,5.530503039229282e-07,0.0,0.0015623045484877466,0.00018867150161429183,0.0,0.0,0.004881305796111821,0.0,0.0,0.0,0.0,0.0029141549802650935
2018-01-21 22:00:00,0.0,0.0,0.0,0.003457817527244325,0.0,0.0,0.09966334389133456,0.03233089973992949,0.0,0.0,0.0,5.285530502787137e-07,0.0,0.0014557497085406345,0.00013877776861246835,0.0,0.0,0.004665089322937277,0.0,0.0,0.0,0.0,0.0025182886938086555
2018-01-21 23:00:00,0.0,0.0,0.0,0.003776805210784451,0.0,0.0,0.0798611828817603,0.03897195681070333,0.0,0.0,0.0,5.773126831419435e-07,0.0,0.001563079212467014,9.677578778113107e-05,0.0,0.0,0.0050954492320148,0.0,0.0,0.0,0.0,0.0021735717192970447
2018-01-22 00:00:00,0.0,0.0,0.0,0.003999059403624,0.0,0.0,0.07785924354993116,0.04247193415058802,0.0,0.0,0.0,6.112858846301656e-07,0.0,0.0016426964650095078,0.00010958457895132593,0.0,0.0,0.005395301856921852,0.0,0.0,0.0,0.0,0.0017635712245298574
2018-01-22 01:00:00,0.0,0.0,0.0,0.003973728221262661,0.0,0.0,0.07819844859846323,0.046519112604528456,0.0,0.0,0.0,6.074138255643647e-07,0.0,0.0016408869073360943,0.00017854536780990767,0.0,0.0,0.005361126476804142,0.0,0.0,0.0,0.0,0.0013137104246779207
2018-01-22 02:00:00,0.0,0.0,0.0,0.004105518202398036,0.0,0.0,0.07675232819274071,0.04814016910091286,0.0,0.0,0.0,6.275589014616431e-07,0.0,0.001665831846037707,0.00013966308914074442,0.0,0.0,0.005538929969620233,0.0,0.0,0.0,0.0,0.0008663926747319273
2018-01-22 03:00:00,0.0,0.0,0.0,0.004061647946319689,0.0,0.0,0.08042816442974368,0.04770315378712528,0.0,0.0,0.0,6.208530075028033e-07,0.0,0.0016746584732883236,0.00018111564761254408,0.0,0.0,0.005479742733274445,0.0,0.0,0.0,0.0,0.0005268077386614104
2018-01-22 04:00:00,0.0,0.0,0.0,0.00385651862815456,0.0,0.0,0.08448902619200208,0.045232714313364696,0.0,0.0,0.0,5.894974700970517e-07,0.0,0.0015999591634391023,0.00028620319802970565,0.0,0.0,0.005202994008261132,0.0,0.0,0.0,0.0,0.0003673912587762929
2018-01-22 05:00:00,0.0,0.0,0.0,0.003598844780125342,0.0,0.0,0.10735908627399848,0.04241622361986884,0.0,0.0,0.0,5.501101116607507e-07,0.011267179644567107,0.0015526137422948716,0.00047438618101615593,0.0,0.0,0.004855355213625476,0.0,0.0,0.0,0.0,0.00018383440335829188
2018-01-22 06:00:00,0.0,0.0,0.0,0.002933183087113622,0.0,0.0,0.1088989869932733,0.03800819609327933,0.0,0.0,0.0,4.4835878570936914e-07,0.09857777014724566,0.0013387309710450558,0.000512043061687306,0.0,0.0,0.0039572825905648465,0.0,8.686581790334972e-05,0.0,0.0,0.00014876258256981575
2018-01-22 07:00:00,0.0,0.0,0.0,0.0027650455763511624,0.0,0.0,0.10595115430769414,0.035969977935843014,0.0,0.0,0.0,4.22657720375655e-07,0.10809294757298096,0.0013048137782832744,0.0005706193153413943,0.0,0.0,0.00373044109298348,0.0,0.00016251208151550958,0.0,0.0,0.00010172678387712716
2018-01-22 08:00:00,0.0,0.0,0.0,0.0027548792797431844,0.0,0.0,0.10592689816844036,0.03598646538098139,0.0,0.0,0.0,4.2110372655156016e-07,0.10944202147574549,0.0012985905625624813,0.0007465937585903436,0.0,0.0,0.0037167253079873046,0.0,0.0004393091658557329,0.0,0.0,0.00010369763103041723
2018-01-22 09:00:00,0.0,0.0,0.0,0.002774949797709358,0.0,0.0,0.10665596414438122,0.03635440208587625,0.0,0.0,0.0,4.2417165405441735e-07,0.10705858010079411,0.0013158952781449804,0.0007016719116079838,0.0,0.0,0.0037438033010659144,0.0,0.0008117841224609352,0.0,0.0,9.815586993341945e-05
2018-01-22 10:00:00,0.0,0.0,0.0,0.0028133503666284026,0.0,0.0,0.10735875491828636,0.03676813348239785,0.0,0.0,0.0,4.300414657708194e-07,0.11143944323371616,0.0013482178133320311,0.0006756749932776902,0.0,0.0,0.0037956111488333224,0.0,0.0011511545847425228,0.0,0.0,9.542152090041512e-05
2018-01-22 11:00:00,0.0,0.0,0.0,0.0028624809362598103,0.0,0.0,0.10165314095027178,0.037745682129209306,0.0,0.0,0.0,4.4309006345699825e-07,0.11224718010783998,0.0013663145411052615,0.0007112984316370913,0.0,0.0,0.003910780049500905,0.0,0.001401505196744393,0.0,0.0,0.00016660197183576136
2018-01-22 12:00:00,0.0,0.0,0.0,0.002847562719494122,0.0,0.0,0.09957476030723367,0.03705247288814646,0.0,0.0,0.0,4.352710776060046e-07,0.10866220931033624,0.0013389163134642456,0.0006470107491186347,0.0,0.0,0.0038417684954280768,0.0,0.001316799858387567,0.0,0.0,0.00030562238406570727
2018-01-22 13:00:00,0.0,0.0,0.0,0.00283160177562867,0.0,0.0,0.10154700124310756,0.03756423828075223,0.0,0.0,0.0,4.3283132897874397e-07,0.10393537343978106,0.0013202132896824583,0.0007378996133589616,0.0,0.0,0.0038202349043047587,0.0,0.000999990055989988,0.0,0.0,0.00041076580196906126
2018-01-22 14:00:00,0.0,0.0,0.0,0.002762920600346239,0.0,0.0,0.10086269766099451,0.039118877064965064,0.0,0.0,0.0,4.223329020356698e-07,0.1188224865041157,0.0013029310593354604,0.000789086043281591,0.0,0.0,0.0037275741970891883,0.0,0.0005505873050727229,0.0,0.0,0.0005702700822713539
2018-01-22 15:00:00,0.0,0.0,0.0,0.0028113820225611997,0.0,0.0,0.10288034993866219,0.03668883495001753,0.0,0.0,0.0,4.2974058978400957e-07,0.1155849924561453,0.0013383575740773359,0.0005524790643858894,0.0,0.0,0.0037929555717765738,0.0,0.00020276485762630672,0.0,0.0,0.0007102521226394981
2018-01-22 16:00:00,0.0,0.0,0.0,0.002707025310921916,0.0,0.0,0.1039828430589792,0.03522380078015612,0.0,0.0,0.0,4.1378889255898066e-07,0.1134824607577938,0.001294139077642829,0.0007653311359784166,0.0,0.0,0.003652163474620064,0.0,8.214737721873326e-05,0.0,0.0,0.0008334705565349661
2018-01-22 17:00:00,0.0,0.0,0.0,0.002651368259484134,0.0,0.0,0.10166149642591996,0.034499591485198454,0.0,0.0,0.0,4.052812995251739e-07,0.11676943571951896,0.0012847019474031987,0.0007884931369855284,0.0,0.0,0.003577074169194659,0.0,7.720672658100007e-05,0.0,0.0,0.0010063987823474582
2018-01-22 18:00:00,0.0,0.0,0.0,0.002731851212618479,0.0,0.0,0.10306747190435207,0.03559021683823671,0.0,0.0,0.0,4.1758371572829194e-07,0.10786234211838713,0.0013093429404976184,0.0006181529371291521,0.0,0.0,0.0036856571590104087,0.0,0.0,0.0,0.0,0.0011241248553503984
2018-01-22 19:00:00,0.0,0.0,0.0,0.0028490606224585145,0.0,0.0,0.09525791000363208,0.03705386536406428,0.0,0.0,0.0,4.355000431817219e-07,0.09634124931117735,0.00132967676439609,0.0004126806184738271,0.0,0.0,0.0038437893802986418,0.0,0.0,0.0,0.0,0.0010523939708845461
2018-01-22 20:00:00,0.0,0.0,0.0,0.0031259048982219266,0.0,0.0,0.09840478502836257,0.03736829575121944,0.0,0.0,0.0,4.77817743654357e-07,0.05169851202623822,0.0014578448674720911,0.00039386382673273717,0.0,0.0,0.0042172918178345654,0.0,0.0,0.0,0.0,0.0010613470479589218
2018-01-22 21:00:00,0.0,0.0,0.0,0.0033368426795915914,0.0,0.0,0.10125532720102343,0.0393812382084233,0.0,0.0,0.0,5.100611477332336e-07,0.03121039262821957,0.001522212034618596,0.0003490121692828078,0.0,0.0,0.004501876988659334,0.0,0.0,0.0,0.0,0.000936057694484595
2018-01-22 22:00:00,0.0,0.0,0.0,0.0036837668528278645,0.0,0.0,0.09672273273317479,0.043576694987516235,0.0,0.0,0.0,5.648562560079157e-07,0.009703921351709046,0.0016708819382693066,0.0003605814084219319,0.0,0.0,0.004985506918382787,0.0,0.0,0.0,0.0,0.0005945583707908262
2018-01-22 23:00:00,0.0,0.0,0.0,0.003740540546077208,0.0,0.0,0.10877440975753824,0.04458742345378258,0.0,0.0,0.0,5.771804267235186e-07,0.0014748669099497738,0.0016686028235019857,0.0002886004960942719,0.0,0.0,0.0050942819168225805,0.0,0.0,0.0,0.0,0.0003247384614995482
2018-01-23 00:00:00,0.0,0.0,0.0,0.0037334071894054833,0.0,0.0,0.11457111193549155,0.044490426976357585,0.0,0.0,0.0,5.760797211444614e-07,0.0,0.001660969523414531,0.0002651507457088182,0.0,0.0,0.005084566922572051,0.0,0.0,0.0,0.0,0.00038073621646693374
2018-01-23 01:00:00,0.0,0.0,0.0,0.003849491822698089,0.0,0.0,0.11535412084305711,0.04544372254015635,0.0,0.0,0.0,5.88423370776174e-07,0.0,0.0017028426640834813,0.00023567010469013533,0.0,0.0,0.00519351384487742,0.0,0.0,0.0,0.0,0.0004921253019215729
2018-01-23 02:00:00,0.0,0.0,0.0,0.003979454415633968,0.0,0.0,0.11353584668974787,0.04700322190113415,0.0,0.0,0.0,6.082891168362713e-07,0.0,0.0017686235129076092,0.00023312745915022627,0.0,0.0,0.0053688519302186625,0.0,0.0,0.0,0.0,0.0005827151935444501
2018-01-23 03:00:00,0.0,0.0,0.0,0.0038246037666488284,0.0,0.0,0.11156445731286847,0.045421653714313934,0.0,0.0,0.0,5.882958962044284e-07,0.0,0.0017090623538757786,0.00025892711958858957,0.0,0.0,0.005192388734988673,0.0,0.0,0.0,0.0,0.0007431178372929068
2018-01-23 04:00:00,0.0,0.0,0.0,0.003561386425507109,0.0,0.0,0.11096176249130599,0.04256333310980509,0.0,0.0,0.0,5.51275265202189e-07,0.004800319125742172,0.0015931857618834446,0.0002762241353428695,0.0,0.0,0.004865639035358941,0.0,0.0,0.0,0.0,0.0007573733435648572
2018-01-23 05:00:00,0.0,0.0,0.0,0.0029641533519716686,0.0,0.0,0.10249487289896475,0.03601666210197371,0.0,0.0,0.0,4.5882817250741416e-07,0.06373123569219982,0.0013809454740761479,0.0005517773513025422,0.0,0.0,0.004049686985059414,0.0,0.0,0.0,0.0,0.0006288777988493221
2018-01-23 06:00:00,0.0,0.0,0.0,0.002664348437448827,0.0,0.0,0.09555032107972437,0.03607563087505392,0.0,0.0,0.0,4.124206744109487e-07,0.11026991691670116,0.0013012103646324548,0.000867904686287506,0.0,0.0,0.0036400873738947595,0.0,8.274542444278696e-05,0.0,0.0,0.00041372316057093427
2018-01-23 07:00:00,0.0,0.0,0.0,0.002640105099091958,0.0,0.0,0.09821061568881735,0.03623136445684435,0.0,0.0,0.0,4.0866799183588487e-07,0.11623101167015995,0.0013275111958275935,0.0009228488237201198,0.0,0.0,0.003606965628775567,0.0,0.00021690916075105382,0.0,0.0,0.00028304268985451363
2018-01-23 08:00:00,0.0,0.0,0.0,0.002651126830686404,0.0,0.0,0.10586431487512024,0.03726937725414011,0.0,0.0,0.0,4.103740712335594e-07,0.11618790409794011,0.0013395374582165001,0.0007543468281877838,0.0,0.0,0.0036220237440924264,0.0,0.0005901680882035155,0.0,0.0,0.00031031628184720843
2018-01-23 09:00:00,0.0,0.0,0.0,0.002631054836659093,0.0,0.0,0.11017796032865859,0.0400758200251903,0.0,0.0,0.0,4.0726708072242245e-07,0.1073990088711294,0.0013110094251666076,0.0007577951290465883,0.0,0.0,0.003594600974982818,0.0,0.00108036726325087,0.0,0.0,0.0002997764413004807
2018-01-23 10:00:00,0.0,0.0,0.0,0.002505677835368342,0.0,0.0,0.11356843346780816,0.03805327536415267,0.0,0.0,0.0,3.878596838890468e-07,0.09239305301509125,0.0012483341470316484,0.0007355802146850495,0.0,0.0,0.003423308349378547,0.0,0.001462876215766763,0.0,0.0,0.0002907853565386835
2018-01-23 11:00:00,0.0,0.0,0.0,0.002681815335907678,0.0,0.0,0.12371767363750771,0.04071961530740795,0.0,0.0,0.0,4.1512441613669863e-07,0.05564532764958092,0.001344303440399821,0.0004718082957106161,0.0,0.0,0.00366395100811298,0.0,0.0018684369102414887,0.0,0.0,0.00035954010074286266
2018-01-23 12:00:00,0.0,0.0,0.0,0.002731420451333411,0.0,0.0,0.12692033881735154,0.03805553532523089,0.0,0.0,0.0,4.2280290700919985e-07,0.05073661834712673,0.001340610793038609,0.0005294070162071322,0.0,0.0,0.003731722532213896,0.0,0.001880316753528777,0.0,0.0,0.00044232302303680093
2018-01-23 13:00:00,0.0,0.0,0.0,0.0028356873450409254,0.0,0.0,0.12917159033089412,0.03847766264743847,0.0,0.0,0.0,4.3894262132628177e-07,0.03267821148439694,0.001395635076890741,0.00038799135635816343,0.0,0.0,0.0038741740967184876,0.0,0.0015787424700500173,0.0,0.0,0.0004560526090553288
2018-01-23 14:00:00,0.0,0.0,0.0,0.0029333222936957777,0.0,0.0,0.13355057059857067,0.03984964939078636,0.0,0.0,0.0,4.5405576148630857e-07,0.016546905665573066,0.0014262641598422028,0.00037706731505256783,0.0,0.0,0.0040075649621376126,0.0,0.0009779169593700202,0.0,0.0,0.00039871653728767347
2018-01-23 15:00:00,0.0,0.0,0.0,0.0029102243372012954,0.0,0.0,0.14142472251575477,0.040153608374550835,0.0,0.0,0.0,4.504803752263604e-07,0.012644509221360838,0.001415111481512381,0.00036714751760728024,0.0,0.0,0.003976008061164539,0.0,0.0003500110151391078,0.0,0.0,0.00030713007872378316
2018-01-23 16:00:00,0.0,0.0,0.0,0.0026599979020619706,0.0,0.0,0.13780614721313952,0.0403284643636271,0.0,0.0,0.0,4.117472449476409e-07,0.07343505398873758,0.0012995860814874374,0.0003995942780707926,0.0,0.0,0.0036341435833946913,0.0,9.616339516183646e-05,0.0,0.0,0.0003113054021659919
2018-01-23 17:00:00,0.0,0.0,0.0,0.0025915835487816327,0.0,0.0,0.13452407136232616,0.039324567803494435,0.0,0.0,0.0,4.011572285208545e-07,0.08015696155801086,0.0012580114664761794,0.0004279232846117472,0.0,0.0,0.0035406744935156708,0.0,7.642108455210764e-05,0.0,0.0,0.0002884300789432483
2018-01-23 18:00:00,0.0,0.0,0.0,0.002738121760685873,0.0,0.0,0.1360719342937597,0.04156574547005804,0.0,0.0,0.0,4.238402182271068e-07,0.04796605442439837,0.0013022456869209251,0.0005982633698834984,0.0,0.0,0.0037408779982256225,0.0,0.0,0.0,0.0,0.0002597565006062799
2018-01-23 19:00:00,0.0,0.0,0.0,0.0031075325246878805,0.0,0.0,0.13570069687007497,0.04712357151686617,0.0,0.0,0.0,4.810221672105712e-07,0.002023376682999962,0.0014551767930111605,0.00031675129035082654,0.0,0.0,0.004245574545765813,0.0,0.0,0.0,0.0,0.00022306115352598612
2018-01-23 20:00:00,0.0,0.0,0.0,0.003377340177626346,0.0,0.0,0.10913157451026001,0.04408944884229638,0.0,0.0,0.0,5.227863196097464e-07,0.0020243627718458898,0.0015661797793045827,0.00029271062793492954,0.0,0.0,0.004614191284116257,0.0,0.0,0.0,0.0,0.00022087651394691533
2018-01-23 21:00:00,0.0,0.0,0.0,0.0032968386115070085,0.0,0.0,0.09195104762941493,0.03921391800151522,0.0,0.0,0.0,5.087154364958756e-07,0.0,0.00151324939532083,0.0002197106330578158,0.0,0.0,0.0044899995373385146,0.0,0.0,0.0,0.0,0.0002564158720416989
2018-01-23 22:00:00,0.0,0.0,0.0,0.003342074092549276,0.0,0.0,0.08183132832608261,0.03944297906336777,0.0,0.0,0.0,5.108608079970462e-07,0.0,0.001481355360081802,0.00016232165470295867,0.0,0.0,0.004508934911334686,0.0,0.0,0.0,0.0,0.00024171751646525483
2018-01-23 23:00:00,0.0,0.0,0.0,0.0034430495149090656,0.0,0.0,0.07304206302331956,0.040667489425200834,0.0,0.0,0.0,5.262956500819557e-07,0.0,0.001501986754631615,0.00013020225540226753,0.0,0.0,0.00464516516669612,0.0,0.0,0.0,0.0,0.0001977758900256988
2018-01-24 00:00:00,0.0,0.0,0.0,0.0034905059621300727,0.0,0.0,0.07206327567823259,0.041216936937339375,0.0,0.0,0.0,5.335497199501373e-07,0.0,0.0015049015163985714,0.00015069410001987123,0.0,0.0,0.004709190686692743,0.0,0.0,0.0,0.0,0.0002154306283988479
2018-01-24 01:00:00,0.0,0.0,0.0,0.0035186928888766133,0.0,0.0,0.07430868331602734,0.04148272409033305,0.0,0.0,0.0,5.378583007218187e-07,0.0,0.0015148126440422348,0.00016696143955382043,0.0,0.0,0.00474721887354056,0.0,0.0,0.0,0.0,0.0003537426898612666
2018-01-24 02:00:00,0.0,0.0,0.0,0.0035433417758264484,0.0,0.0,0.07580978978929899,0.04181832945889973,0.0,0.0,0.0,5.416260658744503e-07,0.0,0.0015242485239992081,0.00013994394487508213,0.0,0.0,0.004780473739775102,0.0,0.0,0.0,0.0,0.0005651365203429278
2018-01-24 03:00:00,0.0,0.0,0.0,0.0035072416851436345,0.0,0.0,0.08302443541243161,0.04143683318097374,0.0,0.0,0.0,5.361078993155151e-07,0.0,0.0014868436396674209,0.00016620778937794474,0.0,0.0,0.004731769565458628,0.0,0.0,0.0,0.0,0.0006460796854164609
2018-01-24 04:00:00,0.0,0.0,0.0,0.0033382980808572943,0.0,0.0,0.09310509923887822,0.039667539701709685,0.0,0.0,0.0,5.134929475312076e-07,0.0,0.001414226404866582,0.00016826088241730827,0.0,0.0,0.004532166573758775,0.0,0.0,0.0,0.0,0.0006757477458251479
2018-01-24 05:00:00,0.0,0.0,0.0,0.0032650013429327985,0.0,0.0,0.11418113527206826,0.03901063330965117,0.0,0.0,0.0,5.053971308251084e-07,0.0,0.0014167641355427192,0.0001999059647783369,0.0,0.0,0.004460711668605611,0.0,0.0,0.0,0.0,0.0007093077483841955
2018-01-24 06:00:00,0.0,0.0,0.0,0.0029359119199589925,0.0,0.0,0.12270460148914096,0.03494246220673494,0.0,0.0,0.0,4.515983980329872e-07,0.03994503363022627,0.0013495410172494379,0.00027641311242513077,0.0,0.0,0.00398587589988999,0.0,9.22548552292747e-05,0.0,0.0,0.0007292735977819936
2018-01-24 07:00:00,0.0,0.0,0.0,0.002870105971030293,0.0,0.0,0.13475874660555365,0.03623372534234755,0.0,0.0,0.0,4.387169807714441e-07,0.04132800587464154,0.0013006484382324646,0.0003236570990689527,0.0,0.0,0.003872182558986107,0.0,0.0002778279279453858,0.0,0.0,0.0007098325399451988
2018-01-24 08:00:00,0.0,0.0,0.0,0.002831039221947896,0.0,0.0,0.14513315307810695,0.04224125475173176,0.0,0.0,0.0,4.3274533847705434e-07,0.015404540488145362,0.0012811411411390156,0.0002776051695905396,0.0,0.0,0.003819475939105155,0.0,0.0007881973087952638,0.0,0.0,0.0006524187269950749
2018-01-24 09:00:00,0.0,0.0,0.0,0.0028073421658484947,0.0,0.0,0.13762769206479825,0.042092747831077394,0.0,0.0,0.0,4.2912306772815635e-07,0.013027697014827453,0.0012657977572565287,0.00028869206145269927,0.0,0.0,0.003787505228527358,0.0,0.0015112238198691102,0.0,0.0,0.0006313882241485378
2018-01-24 10:00:00,0.0,0.0,0.0,0.0027999757796405944,0.0,0.0,0.13056196392577568,0.041920047876245925,0.0,0.0,0.0,4.2799706097128167e-07,0.010356111531631865,0.001244789150261867,0.0002700820438652381,0.0,0.0,0.0037775669222470686,0.0,0.0021631854729146235,0.0,0.0,0.0006705226256318755
2018-01-24 11:00:00,0.0,0.0,0.0,0.002854792006779673,0.0,0.0,0.13057241866417105,0.042786066970427285,0.0,0.0,0.0,4.3637612777594923e-07,0.004464569586009535,0.001247943086879746,0.0002839855466343759,0.0,0.0,0.0038515218356961925,0.0,0.0025370464555981545,0.0,0.0,0.0006758097110916173
2018-01-24 12:00:00,0.0,0.0,0.0,0.0029009508261427625,0.0,0.0,0.13852617219157343,0.043505511985138474,0.0,0.0,0.0,4.4343184560356647e-07,0.0,0.0012626927000118416,0.00016797435978105856,0.0,0.0,0.00391379667052293,0.0,0.002463123971581766,0.0,0.0,0.0006482458085270141
2018-01-24 13:00:00,0.0,0.0,0.0,0.0028186049662756348,0.0,0.0,0.1414515191604038,0.04215419696252747,0.0,0.0,0.0,4.308446702920688e-07,0.0,0.001222324172440376,0.00016309359083084435,0.0,0.0,0.0038027003536619383,0.0,0.001872848562594837,0.0,0.0,0.0006950173935897848
2018-01-24 14:00:00,0.0,0.0,0.0,0.0028632232872487467,0.0,0.0,0.15037065590672047,0.04290333630938896,0.0,0.0,0.0,4.3766491151730413e-07,0.0,0.0012238907573579453,0.0001756330370535831,0.0,0.0,0.003862896836310037,0.0,0.001109952320494949,0.0,0.0,0.0010118926679486575
2018-01-24 15:00:00,0.0,0.0,0.0,0.0028228007834198393,0.0,0.0,0.16116408561292186,0.04224384271741149,0.0,0.0,0.0,4.314860320563919e-07,0.0,0.001234670169686991,0.0001665523305954628,0.0,0.0,0.003808361109790971,0.0,0.0003908214087343613,0.0,0.0,0.001252073176866235
2018-01-24 16:00:00,0.0,0.0,0.0,0.002768063491035429,0.0,0.0,0.15890071195324182,0.04146864621090131,0.0,0.0,0.0,4.2311903101431133e-07,0.012047001431825681,0.0012134469201348908,0.00019978259820406464,0.0,0.0,0.0037345126905909834,0.0,0.00010872078187684574,0.0,0.0,0.0016531179016435174
2018-01-24 17:00:00,0.0,0.0,0.0,0.0026929003641828902,0.0,0.0,0.15466564026663263,0.04047766282222004,0.0,0.0,0.0,4.12920165223545e-07,0.013164816767875454,0.0012202619611719103,0.00019102557153283608,0.0,0.0,0.003644495955503586,0.0,7.866194254101127e-05,0.0,0.0,0.001997779259465814
2018-01-24 18:00:00,0.0,0.0,0.0,0.0027237245923052,0.0,0.0,0.1443687630334381,0.040795749544943936,0.0,0.0,0.0,4.1634150155093964e-07,0.0,0.001201239096408019,0.00018525896754770585,0.0,0.0,0.003674693188425977,0.0,0.0,0.0,0.0,0.0025460671043727556
2018-01-24 19:00:00,0.0,0.0,0.0,0.0027452397283079973,0.0,0.0,0.11479928574411173,0.04105696882006203,0.0,0.0,0.0,4.196302496331736e-07,0.0,0.0011494136529637022,0.00011648885848419248,0.0,0.0,0.0037037201774030902,0.0,0.0,0.0,0.0,0.0028974371636152057
2018-01-24 20:00:00,0.0,0.0,0.0,0.002796496374120203,0.0,0.0,0.08672586180636052,0.04201702321647479,0.0,0.0,0.0,4.2880522436229815e-07,0.0,0.0011915581231253486,0.00010905542518434999,0.0,0.0,0.0037846998948117554,0.0,0.0,0.0,0.0,0.003208941213107462
2018-01-24 21:00:00,0.0,0.0,0.0,0.002833957550441329,0.0,0.0,0.06238073710440286,0.03858555571214753,0.0,0.0,0.0,4.331914266279664e-07,0.0,0.001196412716560252,8.858989487033025e-05,0.0,0.0,0.003823413180728888,0.0,0.0,0.0,0.0,0.003412826515831133
2018-01-24 22:00:00,0.0,0.0,0.0,0.0029703485069164696,0.0,0.0,0.04658550331953742,0.039791644973313466,0.0,0.0,0.0,4.5403979572418596e-07,0.0,0.0012403934193495622,6.589986123352747e-05,0.0,0.0,0.004007424045901538,0.0,0.0,0.0,0.0,0.003457462616745904
2018-01-24 23:00:00,0.0,0.0,0.0,0.00303452416134402,0.0,0.0,0.04145253052376012,0.03522947561586513,0.0,0.0,0.0,4.653035941258139e-07,0.0,0.001250401143630422,6.69871223717593e-05,0.0,0.0,0.004106840037600846,0.0,0.0,0.0,0.0,0.003331210385403448
2018-01-25 00:00:00,0.0,0.0,0.0,0.0031231902446131107,0.0,0.0,0.04108992404650843,0.029846852625239194,0.0,0.0,0.0,4.774027887198978e-07,0.0,0.0012587098468863451,6.036413944143581e-05,0.0,0.0,0.004213629362697422,0.0,0.0,0.0,0.0,0.0033670453177541636
2018-01-25 01:00:00,0.0,0.0,0.0,0.003220792542500634,0.0,0.0,0.041854094057512496,0.02134829116734703,0.0,0.0,0.0,4.923220237160182e-07,0.0,0.0012800083877114105,5.4718702593941604e-05,0.0,0.0,0.004345308791753963,0.0,0.0,0.0,0.0,0.0032575973281803857
2018-01-25 02:00:00,0.0,0.0,0.0,0.003296633846496344,0.0,0.0,0.04338448803377287,0.015935411389490645,0.0,0.0,0.0,5.03914929428424e-07,0.0,0.0013279112637518014,5.8906382520021824e-05,0.0,0.0,0.004447629534453763,0.0,0.0,0.0,0.0,0.0030796968997435135
2018-01-25 03:00:00,0.0,0.0,0.0,0.0033541469758416502,0.0,0.0,0.04976862560105293,0.016213420843706645,0.0,0.0,0.0,5.127062377340308e-07,0.0,0.0013462706894387729,6.26827171406222e-05,0.0,0.0,0.004525222953864567,0.0,0.0,0.0,0.0,0.002859722639764218
2018-01-25 04:00:00,0.0,0.0,0.0,0.0032726599364704184,0.0,0.0,0.07937070804395961,0.015434951044821827,0.0,0.0,0.0,5.002503395038628e-07,0.0,0.0012868104296623248,6.155235097521873e-05,0.0,0.0,0.004415285308418176,0.0,0.0,0.0,0.0,0.002429985198306599
2018-01-25 05:00:00,0.0,0.0,0.0,0.0031857916026663768,0.0,0.0,0.09820844058772281,0.014276517155835887,0.0,0.0,0.0,4.869718705149724e-07,0.0,0.0012954391696535503,0.00016708416691799244,0.0,0.0,0.0042980875287963165,0.0,0.0,0.0,0.0,0.0018550392797843287
2018-01-25 06:00:00,0.0,0.0,0.0,0.002968179648803933,0.0,0.0,0.12313433625513044,0.013383786673189018,0.0,0.0,0.0,4.5945141233280696e-07,0.026637035777543033,0.0013257804239808428,0.0002828418463713872,0.0,0.0,0.004055187794209102,0.0,9.350465316002793e-05,0.0,0.0,0.0013590769500341601
2018-01-25 07:00:00,0.0,0.0,0.0,0.0027797129574534773,0.0,0.0,0.13589925306949086,0.012569734644785996,0.0,0.0,0.0,4.3027821604276733e-07,0.05323214903853374,0.0012720441304355482,0.0004357509906679331,0.0,0.0,0.003797700742612574,0.0,0.00025860852034087403,0.0,0.0,0.0012066846132935119
2018-01-25 08:00:00,0.0,0.0,0.0,0.0027811164232978253,0.0,0.0,0.14766926404319064,0.0124776901190667,0.0,0.0,0.0,4.3049546177605926e-07,0.02368054988723751,0.0012690236325669324,0.000491192102766077,0.0,0.0,0.0037996181863777737,0.0,0.0007126506027517393,0.0,0.0,0.0009643635586136917
2018-01-25 09:00:00,0.0,0.0,0.0,0.00273246568769642,0.0,0.0,0.13747122813854412,0.013349140130017517,0.0,0.0,0.0,4.22964701570186e-07,0.01844842520866856,0.0012614026011386066,0.00046307657393135707,0.0,0.0,0.003733150555528807,0.0,0.001277873392511015,0.0,0.0,0.0008806127033373323
2018-01-25 10:00:00,0.0,0.0,0.0,0.002731877065549236,0.0,0.0,0.13562868998472496,0.013451700173251695,0.0,0.0,0.0,4.228735873827536e-07,0.014130494686799585,0.0012489420598024328,0.00038324283598858755,0.0,0.0,0.0037323463679023528,0.0,0.0017496371167308902,0.0,0.0,0.0008929400978826097
2018-01-25 11:00:00,0.0,0.0,0.0,0.0027810680717833265,0.0,0.0,0.12100074712533614,0.013559749184251641,0.0,0.0,0.0,4.3048797733298184e-07,0.0192673477755039,0.001260928809913783,0.0004095635554651264,0.0,0.0,0.0037995521275489197,0.0,0.0020693232251145117,0.0,0.0,0.0008916008542652372
2018-01-25 12:00:00,0.0,0.0,0.0,0.0028167824624235754,0.0,0.0,0.10142695169052815,0.013597993174430346,0.0,0.0,0.0,4.30566087063613e-07,0.041220308872827086,0.0012619425432977695,0.00048401002257877207,0.0,0.0,0.0038002415358688456,0.0,0.0020489049016334947,0.0,0.0,0.0007770956784987576
2018-01-25 13:00:00,0.0,0.0,0.0,0.0027484719463374673,0.0,0.0,0.09880876317309628,0.013303140592129425,0.0,0.0,0.0,4.20124318127298e-07,0.07800108648029692,0.0012186458340544724,0.0006888790206383889,0.0,0.0,0.0037080809008073422,0.0,0.0016314344594435945,0.0,0.0,0.0007789607788927231
2018-01-25 14:00:00,0.0,0.0,0.0,0.002734569700802454,0.0,0.0,0.09848239546649186,0.013209797244984453,0.0,0.0,0.0,4.179992568059994e-07,0.09690650060767074,0.0012234412436001774,0.0007452435974176201,0.0,0.0,0.003689324787536689,0.0,0.0009990236727248807,0.0,0.0,0.0009475158759001076
2018-01-25 15:00:00,0.0,0.0,0.0,0.0027360050298102906,0.0,0.0,0.09859718009597442,0.013251488314083704,0.0,0.0,0.0,4.182186574884438e-07,0.09513651964852282,0.0012342861667933396,0.0006705517492291862,0.0,0.0,0.0036912612512096862,0.0,0.0003725666095899487,0.0,0.0,0.001425260964316045
2018-01-25 16:00:00,0.0,0.0,0.0,0.0026095828241068557,0.0,0.0,0.09325897476523652,0.012978986559044413,0.0,0.0,0.0,3.988940858703557e-07,0.11304346008891236,0.0011862232135757145,0.0007258378501226546,0.0,0.0,0.003520699653507541,0.0,0.0001025371945932311,0.0,0.0,0.0019633026387787505
2018-01-25 17:00:00,0.0,0.0,0.0,0.0025893712814665684,0.0,0.0,0.0918101542756079,0.012829119429379171,0.0,0.0,0.0,3.9580460170030005e-07,0.11349441560141946,0.0011940110548303519,0.0007258574032857857,0.0,0.0,0.003493431398017368,0.0,7.540140070311474e-05,0.0,0.0,0.002383679376611168
2018-01-25 18:00:00,0.0,0.0,0.0,0.002620017835664466,0.0,0.0,0.09286656603928999,0.012914389449046392,0.0,0.0,0.0,4.004891547671415e-07,0.0955629233173989,0.001209290213030466,0.0005330968785442244,0.0,0.0,0.0035347779733201335,0.0,0.0,0.0,0.0,0.0025355044219301398
2018-01-25 19:00:00,0.0,0.0,0.0,0.002834302779880234,0.0,0.0,0.1010719443860168,0.01369157459841921,0.0,0.0,0.0,4.332441975077313e-07,0.04846825658972228,0.0012846115418784607,0.00044441970267631957,0.0,0.0,0.003823878944511016,0.0,0.0,0.0,0.0,0.0028838136249632776
2018-01-25 20:00:00,0.0,0.0,0.0,0.0032210492464021844,0.0,0.0,0.10575160159727183,0.015559818222441646,0.0,0.0,0.0,4.923612628109425e-07,0.009663397048664661,0.0014191198244250106,0.00028043961082918926,0.0,0.0,0.004345655121952373,0.0,0.0,0.0,0.0,0.003060706562230597
2018-01-25 21:00:00,0.0,0.0,0.0,0.0033491997738220127,0.0,0.0,0.10733292209613972,0.01623205417724998,0.0,0.0,0.0,5.11950021219648e-07,0.010259180412029984,0.001459534855132266,0.0002770706904968775,0.0,0.0,0.004518548472305497,0.0,0.0,0.0,0.0,0.0027723338434714776
2018-01-25 22:00:00,0.0,0.0,0.0,0.003510230705204201,0.0,0.0,0.10918133097703626,0.016956757725085335,0.0,0.0,0.0,5.365647931966725e-07,0.0036386405299857504,0.0015409364657208958,0.00021504049620368478,0.0,0.0,0.004735802180095095,0.0,0.0,0.0,0.0,0.002274599290731378
2018-01-25 23:00:00,0.0,0.0,0.0,0.0036676059501092595,0.0,0.0,0.09238170462903082,0.01765874398348772,0.0,0.0,0.0,5.606207663871429e-07,0.0019339452158271143,0.0015878759711152283,0.0001974118035266745,0.0,0.0,0.0049481238451097075,0.0,0.0,0.0,0.0,0.0020107533967484454
2018-01-26 00:00:00,0.0,0.0,0.0,0.003848872825818009,0.0,0.0,0.07976520214445393,0.018617072766477383,0.0,0.0,0.0,5.883287525129194e-07,0.0,0.0016455663482167317,0.00028263557168502516,0.0,0.0,0.005192678729746723,0.0,0.0,0.0,0.0,0.0017283617694161004
2018-01-26 01:00:00,0.0,0.0,0.0,0.003976108265314737,0.0,0.0,0.07708383077220438,0.019257768768430678,0.0,0.0,0.0,6.07777632946799e-07,0.0,0.0016905200173172406,0.0002094873153068582,0.0,0.0,0.005364337495895801,0.0,0.0,0.0,0.0,0.0013689992003521239
2018-01-26 02:00:00,0.0,0.0,0.0,0.004136494229966894,0.0,0.0,0.08043962716003278,0.035838901713784545,0.0,0.0,0.0,6.322938169764258e-07,0.0,0.0017695254371126506,0.00018701615828917587,0.0,0.0,0.005580721051520858,0.0,0.0,0.0,0.0,0.0009415660813027714
2018-01-26 03:00:00,0.0,0.0,0.0,0.004137302199820545,0.0,0.0,0.08175929166864593,0.039695922674080904,0.0,0.0,0.0,6.324173211600089e-07,0.0,0.001783762131295585,0.0002479150938348975,0.0,0.0,0.005581811118161978,0.0,0.0,0.0,0.0,0.0005956368250469224
2018-01-26 04:00:00,0.0,0.0,0.0,0.00378914633542735,0.0,0.0,0.08719280722631903,0.03908726695556181,0.0,0.0,0.0,5.791991155584836e-07,0.007912442723936527,0.0016391890809215005,0.0002564380426450204,0.0,0.0,0.0051120991704083135,0.0,0.0,0.0,0.0,0.0003583981904359009
2018-01-26 05:00:00,0.0,0.0,0.0,0.0033194076286018654,0.0,0.0,0.10493648426600205,0.04033513205648756,0.0,0.0,0.0,5.073960709008744e-07,0.03581960958430923,0.0014816606001089472,0.0005293746575232682,0.0,0.0,0.004478354616649768,0.0,0.0,0.0,0.0,0.00020882614231559543
2018-01-26 06:00:00,0.0,0.0,0.0,0.0028236327856773777,0.0,0.0,0.10222711096185459,0.0413146770662564,0.0,0.0,0.0,4.3161320977111977e-07,0.11351806272895927,0.001320394932764261,0.0008492608936751265,0.0,0.0,0.0038094835995746926,0.0,8.795018825182477e-05,0.0,0.0,0.00010676629966412911
2018-01-26 07:00:00,0.0,0.0,0.0,0.0028010058739566055,0.0,0.0,0.10344293223252152,0.04233464403312182,0.0,0.0,0.0,4.294966957001498e-07,0.11630874099943797,0.0013545268485599543,0.000862674400888219,0.0,0.0,0.0037908029256307585,0.0,0.0002922009307993073,0.0,0.0,9.378661533923868e-05
2018-01-26 08:00:00,0.0,0.0,0.0,0.0027255893776819947,0.0,0.0,0.10110415858206416,0.041585882415995375,0.0,0.0,0.0,4.2190030159391125e-07,0.1135218478582732,0.0013343790277070494,0.0008025659763574997,0.0,0.0,0.0037237560000304803,0.0,0.0008058098343339168,0.0,0.0,8.734767433062192e-05
2018-01-26 09:00:00,0.0,0.0,0.0,0.0026633080095388242,0.0,0.0,0.09862283089525256,0.0408326321899107,0.0,0.0,0.0,4.1225962416155637e-07,0.10873987976917122,0.0012938301866907442,0.0007830408826654991,0.0,0.0,0.0036386659199867727,0.0,0.0014471507811214205,0.0,0.0,7.62906457249083e-05
2018-01-26 10:00:00,0.0,0.0,0.0,0.002602478981332291,0.0,0.0,0.09660329279790708,0.03984980826841947,0.0,0.0,0.0,4.0284375779659896e-07,0.10672348315191625,0.001259872867104594,0.0006455843350991914,0.0,0.0,0.0035555600564935925,0.0,0.0019489122949927734,0.0,0.0,8.665402355642661e-05
2018-01-26 11:00:00,0.0,0.0,0.0,0.0025368844037451685,0.0,0.0,0.09503156365938051,0.039199573395145695,0.0,0.0,0.0,3.9519143258830693e-07,0.09914988376239457,0.0012323037502383267,0.0005870724131026913,0.0,0.0,0.003488019474510341,0.0,0.00214678959386063,0.0,0.0,8.479336316446549e-05
2018-01-26 12:00:00,0.0,0.0,0.0,0.002624927891944597,0.0,0.0,0.09775330503755955,0.040092243567913737,0.0,0.0,0.0,4.0631867673902663e-07,0.0955443016849678,0.001243472277276148,0.0005399534663833127,0.0,0.0,0.003586230217696605,0.0,0.0020794268088875825,0.0,0.0,9.396100876672682e-05
2018-01-26 13:00:00,0.0,0.0,0.0,0.002691313953668388,0.0,0.0,0.09846842908213958,0.037967253445593534,0.0,0.0,0.0,4.1267691044127624e-07,0.09992309432619786,0.0012545469435657761,0.0005332398862342347,0.0,0.0,0.003642348951930497,0.0,0.0016668671620055262,0.0,0.0,9.222561286400232e-05
2018-01-26 14:00:00,0.0,0.0,0.0,0.0027195252687136893,0.0,0.0,0.10061122439557939,0.038184889849415475,0.0,0.0,0.0,4.156996038001439e-07,0.10366601838332432,0.001263555547075972,0.0006207451230944036,0.0,0.0,0.003669027701599109,0.0,0.00103164793907558,0.0,0.0,9.672338212002558e-05
2018-01-26 15:00:00,0.0,0.0,0.0,0.002723887176487754,0.0,0.0,0.10008685039448743,0.040512699657835376,0.0,0.0,0.0,4.163663537488763e-07,0.10455249972526973,0.0012804390204655747,0.0007476132817590787,0.0,0.0,0.0036749125376912676,0.0,0.0003864846814733013,0.0,0.0,0.00012702277517203725
2018-01-26 16:00:00,0.0,0.0,0.0,0.0027603649267941804,0.0,0.0,0.10124152647117866,0.04099387113511072,0.0,0.0,0.0,4.21942248381793e-07,0.11302306699359992,0.0013193825724283129,0.0007996112970599176,0.0,0.0,0.0037241262287372773,0.0,0.00011132634664815053,0.0,0.0,0.00015664647994465577
2018-01-26 17:00:00,0.0,0.0,0.0,0.002818074665475342,0.0,0.0,0.10348270180198896,0.04159135815065107,0.0,0.0,0.0,4.307636098823301e-07,0.11374760058184523,0.0013948732913084973,0.0007897426473216992,0.0,0.0,0.0038019849022010396,0.0,8.214976785815824e-05,0.0,0.0,0.00020450483398520654
2018-01-26 18:00:00,0.0,0.0,0.0,0.002815849487954668,0.0,0.0,0.10108491003378907,0.041379655533363945,0.0,0.0,0.0,4.3042347499762404e-07,0.11226603302620322,0.0013715376042927631,0.0006658069063656117,0.0,0.0,0.0037989828201618497,0.0,0.0,0.0,0.0,0.00023605596857763272
2018-01-26 19:00:00,0.0,0.0,0.0,0.00299357554980152,0.0,0.0,0.10896078349527315,0.04405793821628311,0.0,0.0,0.0,4.5759022146791547e-07,0.07725332917222709,0.0014291826598057244,0.0004443833390961531,0.0,0.0,0.004038760641575747,0.0,0.0,0.0,0.0,0.00024287283478564468
2018-01-26 20:00:00,0.0,0.0,0.0,0.003385451845564253,0.0,0.0,0.11935328496388929,0.0479545060891371,0.0,0.0,0.0,5.17491419210523e-07,0.03855649299057956,0.0015815868124570052,0.00021659899492287795,0.0,0.0,0.004567457690760947,0.0,0.0,0.0,0.0,0.00025979627726195376
2018-01-26 21:00:00,0.0,0.0,0.0,0.0034833475945717143,0.0,0.0,0.11339926495175107,0.03959464263512029,0.0,0.0,0.0,5.32455510386395e-07,0.03347030373012191,0.0016135915946177757,0.00022933720450655945,0.0,0.0,0.0046995330272578415,0.0,0.0,0.0,0.0,0.00024408918146491527
2018-01-26 22:00:00,0.0,0.0,0.0,0.0037137616836528677,0.0,0.0,0.11343504983700704,0.03234144527030651,0.0,0.0,0.0,5.676760125243697e-07,0.01731211748852715,0.0017272261815858565,0.00018237835577835209,0.0,0.0,0.005010394516725577,0.0,0.0,0.0,0.0,0.0002091567065351976
2018-01-26 23:00:00,0.0,0.0,0.0,0.003968003267321312,0.0,0.0,0.1202322833591413,0.019042081769901718,0.0,0.0,0.0,6.065387239013752e-07,0.014288757916962344,0.0017875465207749682,0.0001935155912748449,0.0,0.0,0.0053534026969066575,0.0,0.0,0.0,0.0,0.00018635141194019833
2018-01-27 00:00:00,0.0,0.0,0.0,0.00418111330538879,0.0,0.0,0.10974356913282335,0.020064777190615737,0.0,0.0,0.0,6.391141735247526e-07,0.014302414582916756,0.0018592471776357204,0.00014348824971967156,0.0,0.0,0.005640918552028039,0.0,0.0,0.0,0.0,0.00011310645072742443
2018-01-27 01:00:00,0.0,0.0,0.0,0.004276532759136219,0.0,0.0,0.10782653711363498,0.020549850310812006,0.0,0.0,0.0,6.536997446073092e-07,0.013228254387061227,0.0018874899641741012,0.00013419785352072227,0.0,0.0,0.005769653012817353,0.0,0.0,0.0,0.0,0.0001501810413814197
2018-01-27 02:00:00,0.0,0.0,0.0,0.004401700150431282,0.0,0.0,0.0883545498445821,0.021235189147375166,0.0,0.0,0.0,6.728325085380763e-07,0.01614145374521771,0.0019348479343453088,0.00019073651898149647,0.0,0.0,0.0059385216868031235,0.0,0.0,0.0,0.0,0.00016317209999512479
2018-01-27 03:00:00,0.0,0.0,0.0,0.004378635133456382,0.0,0.0,0.08822815794028412,0.021165636047285573,0.0,0.0,0.0,6.693068496562065e-07,0.014787320007229971,0.001931275509065771,0.00017757217133831317,0.0,0.0,0.005907403687205058,0.0,0.0,0.0,0.0,0.00020564229724108797
2018-01-27 04:00:00,0.0,0.0,0.0,0.004306012017308415,0.0,0.0,0.09063759310856102,0.020787236075729982,0.0,0.0,0.0,6.582058678206081e-07,0.011262334576319009,0.0019309587978659148,0.00014811881779360026,0.0,0.0,0.005809424739192058,0.0,0.0,0.0,0.0,0.00034256143578355444
2018-01-27 05:00:00,0.0,0.0,0.0,0.003896861978564862,0.0,0.0,0.09557089082713889,0.01895529068329439,0.0,0.0,0.0,5.994105664110417e-07,0.012453668041830006,0.001792038378774178,0.00019492511661173243,0.0,0.0,0.005290488498638697,0.0,0.0,0.0,0.0,0.0004111618961226169
2018-01-27 06:00:00,0.0,0.0,0.0,0.0033200183931125873,0.0,0.0,0.10959240346256614,0.016240916731689252,0.0,0.0,0.0,5.139133476308112e-07,0.03839597133917516,0.001628831794479949,0.00037375627546868626,0.0,0.0,0.004535877088748686,0.0,0.00010503773894539048,0.0,0.0,0.0005676236066255792
2018-01-27 07:00:00,0.0,0.0,0.0,0.0030196235969169967,0.0,0.0,0.10799757022590935,0.014761728618922328,0.0,0.0,0.0,4.6741454038202973e-07,0.06768474235381262,0.0015402558536996382,0.00041829226756170284,0.0,0.0,0.004125471569167968,0.0,0.00026768254293400834,0.0,0.0,0.0006403883091656786
2018-01-27 08:00:00,0.0,0.0,0.0,0.002874460373157487,0.0,0.0,0.10909337623324765,0.014061329198006052,0.0,0.0,0.0,4.4494438827989335e-07,0.08341385051732954,0.0014666355609255703,0.0004033034128488434,0.0,0.0,0.003927146601407065,0.0,0.0007173927740032368,0.0,0.0,0.0006752209422255033
2018-01-27 09:00:00,0.0,0.0,0.0,0.002827603145197646,0.0,0.0,0.11025350105501228,0.013841205551890577,0.0,0.0,0.0,4.3769124928177893e-07,0.07792451201522486,0.001443297596034128,0.00038637014230298176,0.0,0.0,0.0038631292974107287,0.0,0.0012827463060403395,0.0,0.0,0.000693654226669487
2018-01-27 10:00:00,0.0,0.0,0.0,0.0028495859944672164,0.0,0.0,0.11239722503039333,0.013957977635233647,0.0,0.0,0.0,4.410940255079663e-07,0.05090273556911852,0.0014364048092480354,0.0003879897144679048,0.0,0.0,0.0038931627160671166,0.0,0.00187770114327387,0.0,0.0,0.0006474102222083927
2018-01-27 11:00:00,0.0,0.0,0.0,0.0029548577958059975,0.0,0.0,0.11019528466274851,0.01445461853922947,0.0,0.0,0.0,4.5738929180810825e-07,0.03664078436905548,0.0014871666003848205,0.00027397686514089425,0.0,0.0,0.004036987205947793,0.0,0.002337592869679413,0.0,0.0,0.0005909960838610755
2018-01-27 12:00:00,0.0,0.0,0.0,0.0031887301363648503,0.0,0.0,0.11004638103851554,0.015403695344825385,0.0,0.0,0.0,4.874210471813053e-07,0.005365252802619791,0.0015864205376937195,0.0001758423871794022,0.0,0.0,0.004302052030125212,0.0,0.002410280509096658,0.0,0.0,0.0005478867392570832
2018-01-27 13:00:00,0.0,0.0,0.0,0.0032586104825590265,0.0,0.0,0.09980821894210506,0.015565324949859186,0.0,0.0,0.0,4.9810277629062e-07,0.013981219814131491,0.0015846451500714045,0.00011756113499421619,0.0,0.0,0.004396330590039104,0.0,0.0019496381724167845,0.0,0.0,0.0004888151606852767
2018-01-27 14:00:00,0.0,0.0,0.0,0.003292101833648042,0.0,0.0,0.1002709552767383,0.015505734500200284,0.0,0.0,0.0,5.032221776576905e-07,0.012750010847436124,0.001584898055077046,0.00014370768600034024,0.0,0.0,0.004441515202340097,0.0,0.001228977145139292,0.0,0.0,0.0004025588088045708
2018-01-27 15:00:00,0.0,0.0,0.0,0.00327087637102434,0.0,0.0,0.10782122187884771,0.015395374115296494,0.0,0.0,0.0,4.999777082995067e-07,0.026677083181804864,0.001548157921277639,0.00017625365872596816,0.0,0.0,0.004412879024091805,0.0,0.0004642754584516817,0.0,0.0,0.0003192021899982237
2018-01-27 16:00:00,0.0,0.0,0.0,0.003114288815319534,0.0,0.0,0.11189421345468363,0.014658347175595816,0.0,0.0,0.0,4.76042139244357e-07,0.05263860877294123,0.0014530473492031506,0.0002835937929006122,0.0,0.0,0.004201620064222543,0.0,0.00012391084725948723,0.0,0.0,0.0003672726503983289
2018-01-27 17:00:00,0.0,0.0,0.0,0.0031382342730931594,0.0,0.0,0.11895436418955056,0.014940491990616523,0.0,0.0,0.0,4.79702380031168e-07,0.042874071093753886,0.001444020967835836,0.00027410749571864327,0.0,0.0,0.004233925904109244,0.0,9.177880693189908e-05,0.0,0.0,0.0005156953942999944
2018-01-27 18:00:00,0.0,0.0,0.0,0.0032654700252929343,0.0,0.0,0.11204837844440635,0.015587720637870027,0.0,0.0,0.0,4.991513082640274e-07,0.02154578967679146,0.0014619183881302393,0.00019436787698449748,0.0,0.0,0.004405585092139361,0.0,0.0,0.0,0.0,0.0007118206569775817
2018-01-27 19:00:00,0.0,0.0,0.0,0.0034320006472696022,0.0,0.0,0.08710010242294651,0.01633905365891722,0.0,0.0,0.0,5.246067487310453e-07,0.0,0.0014669246448271104,0.00022822031039932325,0.0,0.0,0.0046302586674233015,0.0,0.0,0.0,0.0,0.0007257948935660595
2018-01-27 20:00:00,0.0,0.0,0.0,0.003513775528578596,0.0,0.0,0.07531227292781738,0.01717475455649499,0.0,0.0,0.0,5.371066457358749e-07,0.0,0.0014958620175762121,0.00016469142024395404,0.0,0.0,0.004740584652722784,0.0,0.0,0.0,0.0,0.0005661306418098213
2018-01-27 21:00:00,0.0,0.0,0.0,0.0035676880182894275,0.0,0.0,0.07345790555309506,0.022979085964490772,0.0,0.0,0.0,5.45347569573024e-07,0.0,0.0015239740842528254,0.00011245342015590347,0.0,0.0,0.004813320295405294,0.0,0.0,0.0,0.0,0.0004259578044037953
2018-01-27 22:00:00,0.0,0.0,0.0,0.003558173086325455,0.0,0.0,0.08464974494536512,0.03428586951693792,0.0,0.0,0.0,5.473138532477191e-07,0.0,0.0015096544074978265,5.9184711653447605e-05,0.0,0.0,0.004830675013104585,0.0,0.0,0.0,0.0,0.0002986657292222154
2018-01-27 23:00:00,0.0,0.0,0.0,0.0035956023886316306,0.0,0.0,0.06390965467066256,0.03849535627987767,0.0,0.0,0.0,5.496144880771763e-07,0.0,0.0016119580083753672,4.1969967465239835e-05,0.0,0.0,0.004850980764766067,0.0,0.0,0.0,0.0,0.00018432132938783739
2018-01-28 00:00:00,0.0,0.0,0.0,0.0037461994601185817,0.0,0.0,0.02570873894163893,0.044117259910097205,0.0,0.0,0.0,5.726343671975488e-07,0.0,0.001725111158688125,6.424396163228995e-05,0.0,0.0,0.005054157706499972,0.0,0.0,0.0,0.0,0.0002359499608467174
2018-01-28 01:00:00,0.0,0.0,0.0,0.003744538075716439,0.0,0.0,0.0239558760812507,0.044169054404072906,0.0,0.0,0.0,5.723804122717844e-07,0.0,0.0017017855368913794,8.591999922296758e-05,0.0,0.0,0.005051916261838806,0.0,0.0,0.0,0.0,0.0002424832148208673
2018-01-28 02:00:00,0.0,0.0,0.0,0.0036787737621478134,0.0,0.0,0.041923525163828836,0.04347510907402599,0.0,0.0,0.0,5.623278492714793e-07,0.0,0.0015438908057951266,0.00014970454334827942,0.0,0.0,0.004963190817351921,0.0,0.0,0.0,0.0,0.0004500843624043421
2018-01-28 03:00:00,0.0,0.0,0.0,0.0036517409152289257,0.0,0.0,0.047812163645310886,0.043167238154903316,0.0,0.0,0.0,5.58195678159465e-07,0.0,0.0014991558731206752,6.444879324308668e-05,0.0,0.0,0.004926719648894861,0.0,0.0,0.0,0.0,0.0006642366976514982
2018-01-28 04:00:00,0.0,0.0,0.0,0.003556595403201324,0.0,0.0,0.046819314857052895,0.04227972935307276,0.0,0.0,0.0,5.436519811001825e-07,0.0,0.001457594166674366,6.0921330993365523e-05,0.0,0.0,0.00479835477458089,0.0,0.0,0.0,0.0,0.0008362270350427797
2018-01-28 05:00:00,0.0,0.0,0.0,0.0034969784672565316,0.0,0.0,0.04653854011165282,0.04152659659469649,0.0,0.0,0.0,5.345390903551919e-07,0.0,0.001443046188058739,6.8007987892388e-05,0.0,0.0,0.0047179230198248975,0.0,0.0,0.0,0.0,0.0009015773923111068
2018-01-28 06:00:00,0.0,0.0,0.0,0.0033287191311863673,0.0,0.0,0.04721115846527435,0.03985991764697678,0.0,0.0,0.0,5.136347287013825e-07,0.0,0.001463000058618872,9.698155802456957e-05,0.0,0.0,0.004533417955853396,0.0,0.00010490153499675617,0.0,0.0,0.0009919943903677509
2018-01-28 07:00:00,0.0,0.0,0.0,0.003257796375142387,0.0,0.0,0.046865021061324015,0.03920744587176288,0.0,0.0,0.0,5.042818571493891e-07,0.0,0.0014859636656548022,8.644575210941818e-05,0.0,0.0,0.0044508680941261775,0.0,0.0003679004238891232,0.0,0.0,0.0013516937480469629
2018-01-28 08:00:00,0.0,0.0,0.0,0.003245267997216502,0.0,0.0,0.04677952786682819,0.03899404245562277,0.0,0.0,0.0,5.023425604715056e-07,0.0,0.0014913703211300953,6.0824501197609334e-05,0.0,0.0,0.004433751567750571,0.0,0.0010511432058739419,0.0,0.0,0.001428452499900283
2018-01-28 09:00:00,0.0,0.0,0.0,0.0031625467578281934,0.0,0.0,0.04599332908680108,0.038050945575145954,0.0,0.0,0.0,4.895379479601996e-07,0.0,0.0014625782279641599,5.472932344158608e-05,0.0,0.0,0.004320736117211892,0.0,0.0018910626146990193,0.0,0.0,0.0015869351127034855
2018-01-28 10:00:00,0.0,0.0,0.0,0.003165522987193323,0.0,0.0,0.044798371619146425,0.03802567186690386,0.0,0.0,0.0,4.899986454067932e-07,0.0,0.0014237961157206253,4.5298297131382764e-05,0.0,0.0,0.00432480230269332,0.0,0.0025327026305497916,0.0,0.0,0.0017801500809709189
2018-01-28 11:00:00,0.0,0.0,0.0,0.003179040969069258,0.0,0.0,0.044797891448093194,0.0381982808884738,0.0,0.0,0.0,4.920911251754253e-07,0.0,0.0014235534312117847,5.8746760944290065e-05,0.0,0.0,0.004343270846242468,0.0,0.0028061486430606053,0.0,0.0,0.0015443987028546055
2018-01-28 12:00:00,0.0,0.0,0.0,0.00313681568542184,0.0,0.0,0.04538714752600657,0.037721180656962165,0.0,0.0,0.0,4.855549755809163e-07,0.0,0.0014077224588829552,8.285458038018265e-05,0.0,0.0,0.00428558179938069,0.0,0.0025549097918247873,0.0,0.0,0.0015766020412302793
2018-01-28 13:00:00,0.0,0.0,0.0,0.0031619553644380476,0.0,0.0,0.04517247227270759,0.03797264594421142,0.0,0.0,0.0,4.894464048056414e-07,0.0,0.001399075420871275,6.355094403932923e-05,0.0,0.0,0.004319928143456575,0.0,0.0019642641929879345,0.0,0.0,0.0016844745738357303
2018-01-28 14:00:00,0.0,0.0,0.0,0.0032013691913145067,0.0,0.0,0.04544738196277875,0.03794162427969951,0.0,0.0,0.0,4.908870424622119e-07,0.0,0.0014138479308394428,7.426471482928159e-05,0.0,0.0,0.004332643429739276,0.0,0.0011796391038816228,0.0,0.0,0.0019426634374985219
2018-01-28 15:00:00,0.0,0.0,0.0,0.0031512257840889024,0.0,0.0,0.04452306425993085,0.03725064758410166,0.0,0.0,0.0,4.816882288246416e-07,0.0,0.001435320258851063,8.40213093014517e-05,0.0,0.0,0.004251453306511928,0.0,0.00044156919570832525,0.0,0.0,0.002346983542739028
2018-01-28 16:00:00,0.0,0.0,0.0,0.0031403239489805456,0.0,0.0,0.04363276834024861,0.03705196047880945,0.0,0.0,0.0,4.80021802486422e-07,0.0,0.0014059334521855495,0.00010067761354296348,0.0,0.0,0.0042367451751071615,0.0,0.0001287733905596217,0.0,0.0,0.002560427332397516
2018-01-28 17:00:00,0.0,0.0,0.0,0.003076089957538549,0.0,0.0,0.04368836571841147,0.036783175692994,0.0,0.0,0.0,4.7615509931259185e-07,0.0,0.0014130453617635951,0.00014270219354326597,0.0,0.0,0.00420261706690366,0.0,9.110012530396488e-05,0.0,0.0,0.0027661812689084896
2018-01-28 18:00:00,0.0,0.0,0.0,0.0032028067034785028,0.0,0.0,0.043530924440272886,0.03828812707552943,0.0,0.0,0.0,4.957698783276658e-07,0.0,0.0014155153687671522,0.00010696253387904566,0.0,0.0,0.004375740079071964,0.0,0.0,0.0,0.0,0.002581813044593113
2018-01-28 19:00:00,0.0,0.0,0.0,0.003284230213538829,0.0,0.0,0.04483826501782887,0.03892366714473256,0.0,0.0,0.0,5.035926692438552e-07,0.0,0.0014555142225348493,5.155950986071713e-05,0.0,0.0,0.00444478521722686,0.0,0.0,0.0,0.0,0.0024096918545035042
2018-01-28 20:00:00,0.0,0.0,0.0,0.0032885573850135598,0.0,0.0,0.04451056686034926,0.03887404476942393,0.0,0.0,0.0,5.026803824002625e-07,0.0,0.0014074463732093657,5.212340067193216e-05,0.0,0.0,0.0044367332352900305,0.0,0.0,0.0,0.0,0.002349950200178297
2018-01-28 21:00:00,0.0,0.0,0.0,0.003278084918387307,0.0,0.0,0.0448286999100278,0.03885436107689046,0.0,0.0,0.0,5.010795882184887e-07,0.0,0.0013901745644910222,5.9099095807185405e-05,0.0,0.0,0.004422604383244479,0.0,0.0,0.0,0.0,0.002247719313409383
2018-01-28 22:00:00,0.0,0.0,0.0,0.003278542658739922,0.0,0.0,0.04443802356249962,0.03880772361523476,0.0,0.0,0.0,5.011495572257322e-07,0.0,0.0013693973354998161,6.0024758181966164e-05,0.0,0.0,0.004423221940306076,0.0,0.0,0.0,0.0,0.0021013307499968877
2018-01-28 23:00:00,0.0,0.0,0.0,0.003300900032242775,0.0,0.0,0.04577505781240837,0.03888365855871729,0.0,0.0,0.0,5.045670475554116e-07,0.0,0.0013661197585984912,5.416635787720778e-05,0.0,0.0,0.0044533852278697775,0.0,0.0,0.0,0.0,0.001944258984145594
2018-01-29 00:00:00,0.0,0.0,0.0,0.003335667057029103,0.0,0.0,0.057366352279361925,0.039377958236504376,0.0,0.0,0.0,5.098814451067983e-07,0.0,0.0013731601834380493,6.20040072347327e-05,0.0,0.0,0.004500290906044834,0.0,0.0,0.0,0.0,0.0018051493949036918
2018-01-29 01:00:00,0.0,0.0,0.0,0.0033456268269524934,0.0,0.0,0.06289341175900463,0.03967616860923085,0.0,0.0,0.0,5.114038697956679e-07,0.0,0.0013769050062652196,7.161781655635796e-05,0.0,0.0,0.004513728057069271,0.0,0.0,0.0,0.0,0.0018280396604385012
2018-01-29 02:00:00,0.0,0.0,0.0,0.0034012183820986983,0.0,0.0,0.06605623562056309,0.040378643340217235,0.0,0.0,0.0,5.199014512356231e-07,0.0,0.0013570845226293145,0.00010054414549503856,0.0,0.0,0.004588728998650106,0.0,0.0,0.0,0.0,0.0018902551340238254
2018-01-29 03:00:00,0.0,0.0,0.0,0.003288122387991729,0.0,0.0,0.0792528289450329,0.03907776296623718,0.0,0.0,0.0,5.026138898797812e-07,0.0,0.0013010502807632109,9.654368371612689e-05,0.0,0.0,0.004436146362227452,0.0,0.0,0.0,0.0,0.0020134927883925942
2018-01-29 04:00:00,0.0,0.0,0.0,0.003145153486680651,0.0,0.0,0.09759637704499025,0.03743857715995107,0.0,0.0,0.0,4.807600331370315e-07,0.0,0.001216556856184116,0.00014427086909303677,0.0,0.0,0.004243260910706847,0.0,0.0,0.0,0.0,0.002082352232729364
2018-01-29 05:00:00,0.0,0.0,0.0,0.003051451016854052,0.0,0.0,0.11746515287808888,0.03921120697151568,0.0,0.0,0.0,4.6643691577896556e-07,0.0,0.001237937030569174,0.0001855933673889264,0.0,0.0,0.004116842906264235,0.0,0.0,0.0,0.0,0.0020502016105161175
2018-01-29 06:00:00,0.0,0.0,0.0,0.0028482154848394063,0.0,0.0,0.1308135026503613,0.04228948352687927,0.0,0.0,0.0,4.353708576295737e-07,0.04054639857702016,0.0012040573282466587,0.0003112830357738106,0.0,0.0,0.0038426491690375653,0.0,9.527665421358027e-05,0.0,0.0,0.0018454508562687918
2018-01-29 07:00:00,0.0,0.0,0.0,0.0028212418278676194,0.0,0.0,0.1361483984239924,0.042047263671995565,0.0,0.0,0.0,4.325996079146266e-07,0.03575183815037308,0.001225011960843657,0.00028791978246306307,0.0,0.0,0.003818189699075987,0.0,0.00042188864668190966,0.0,0.0,0.0015920190190415729
2018-01-29 08:00:00,0.0,0.0,0.0,0.0026837090242201496,0.0,0.0,0.15056634408668318,0.04031680591705956,0.0,0.0,0.0,4.154175445428696e-07,0.040415137282667796,0.0011834255667467644,0.00022895493820444178,0.0,0.0,0.0036665382038488796,0.0,0.001132903966625309,0.0,0.0,0.0015366824993745345
2018-01-29 09:00:00,0.0,0.0,0.0,0.002657459845541035,0.0,0.0,0.14956946718341835,0.03993956212376574,0.0,0.0,0.0,4.113543732919128e-07,0.03517250179606777,0.001172707724623369,0.0001805118348029391,0.0,0.0,0.0036306760386223057,0.0,0.002024084057718869,0.0,0.0,0.001651587111099885
2018-01-29 10:00:00,0.0,0.0,0.0,0.002734185162647713,0.0,0.0,0.14605746644855064,0.04075849879333422,0.0,0.0,0.0,4.1925063553357e-07,0.01674127105015647,0.001186446753404103,0.00021939080862617597,0.0,0.0,0.003700369645830217,0.0,0.002839968324640278,0.0,0.0,0.0017868792633837173
2018-01-29 11:00:00,0.0,0.0,0.0,0.002747899545108479,0.0,0.0,0.1464296168438031,0.041325315589215414,0.0,0.0,0.0,4.253537441568e-07,0.00780899290110204,0.0012004313955809233,0.00014961327915673518,0.0,0.0,0.003754236607452978,0.0,0.0032513948497930587,0.0,0.0,0.0018831720071206468
2018-01-29 12:00:00,0.0,0.0,0.0,0.0027585664774231545,0.0,0.0,0.13861794105156203,0.04144137396262399,0.0,0.0,0.0,4.2700490335102564e-07,0.0060221650238974885,0.001181847321717883,0.0001518132443916354,0.0,0.0,0.0037688099887311483,0.0,0.003096538453031403,0.0,0.0,0.002024480291186031
2018-01-29 13:00:00,0.0,0.0,0.0,0.002836769025763279,0.0,0.0,0.12261822439215185,0.042661809745230185,0.0,0.0,0.0,4.3911005719418105e-07,0.00062576212782734,0.0012200786656938343,0.00015123654466369537,0.0,0.0,0.003875651911063144,0.0,0.0024986492060500016,0.0,0.0,0.0021063802724281917
2018-01-29 14:00:00,0.0,0.0,0.0,0.0030167215576386614,0.0,0.0,0.10981711359605426,0.0450538363894252,0.0,0.0,0.0,4.6402843814204965e-07,0.002772784132584842,0.0012787601043660036,0.00015799857450152013,0.0,0.0,0.004095585317640755,0.0,0.001582694319376164,0.0,0.0,0.0019477567073806848
2018-01-29 15:00:00,0.0,0.0,0.0,0.002989835750761902,0.0,0.0,0.12513112627241513,0.044373227979879644,0.0,0.0,0.0,4.570185654524535e-07,0.006638595004698674,0.0012816618270476135,0.00012985574759857683,0.0,0.0,0.004033715118949933,0.0,0.000594090479690802,0.0,0.0,0.001858139652175207
2018-01-29 16:00:00,0.0,0.0,0.0,0.0029071355502258054,0.0,0.0,0.11373235783649846,0.04333358293832613,0.0,0.0,0.0,4.47172051866276e-07,0.035712425417413686,0.001260531645469976,0.0001783372615145649,0.0,0.0,0.003946808297818522,0.0,0.00015034214474091528,0.0,0.0,0.001792299974365943
2018-01-29 17:00:00,0.0,0.0,0.0,0.002860361764349826,0.0,0.0,0.11704931835748907,0.041600539604128337,0.0,0.0,0.0,4.3859812566545645e-07,0.041877183535244535,0.0012722704441708982,0.0002045679048893901,0.0,0.0,0.003871133525808402,0.0,8.391455696660768e-05,0.0,0.0,0.0017001072791388034
2018-01-29 18:00:00,0.0,0.0,0.0,0.0030500455788335643,0.0,0.0,0.13016439145104583,0.04446951603630114,0.0,0.0,0.0,4.6915429852135065e-07,0.014768640226838908,0.0013532492829802134,0.00011109685541475729,0.0,0.0,0.004140826938162545,0.0,0.0,0.0,0.0,0.0017643711217153043
2018-01-29 19:00:00,0.0,0.0,0.0,0.0031347309128670667,0.0,0.0,0.10497075683748469,0.04603381818822421,0.0,0.0,0.0,4.852322688016722e-07,0.007949744216012923,0.0013728326175392479,8.387812646428956e-05,0.0,0.0,0.0042827335404415036,0.0,0.0,0.0,0.0,0.0018487385666670793
2018-01-29 20:00:00,0.0,0.0,0.0,0.0032009475526306244,0.0,0.0,0.08787983167214446,0.04632714334913217,0.0,0.0,0.0,4.892885698550497e-07,0.0,0.0013752607488933806,7.901319615019422e-05,0.0,0.0,0.004318535068263076,0.0,0.0,0.0,0.0,0.002150631571969179
2018-01-29 21:00:00,0.0,0.0,0.0,0.0031596221902479953,0.0,0.0,0.07866337802281634,0.04565879805195876,0.0,0.0,0.0,4.829716817691076e-07,0.0,0.0013343599344740231,6.801504035321269e-05,0.0,0.0,0.00426278125670456,0.0,0.0,0.0,0.0,0.002537750432920466
2018-01-29 22:00:00,0.0,0.0,0.0,0.0032480571232357093,0.0,0.0,0.06963573667227355,0.03999423517245441,0.0,0.0,0.0,4.964896170602451e-07,0.0,0.0013685176679669921,7.770910582338033e-05,0.0,0.0,0.0043820926022007,0.0,0.0,0.0,0.0,0.0031237315240391084
2018-01-29 23:00:00,0.0,0.0,0.0,0.0030172705701938364,0.0,0.0,0.06008966669786651,0.03054994802103312,0.0,0.0,0.0,4.6121218104389013e-07,0.0,0.001230116748245267,8.268102362202537e-05,0.0,0.0,0.004070728605694164,0.0,0.0,0.0,0.0,0.0037130283179193507
2018-01-30 00:00:00,0.0,0.0,0.0,0.0029950861672435264,0.0,0.0,0.0675391186163096,0.02463695375000219,0.0,0.0,0.0,4.578211305458197e-07,0.0,0.0012131626052218846,8.895743714628766e-05,0.0,0.0,0.004040798680091147,0.0,0.0,0.0,0.0,0.004141754803603247
2018-01-30 01:00:00,0.0,0.0,0.0,0.00303719269593431,0.0,0.0,0.0685236460942998,0.012453072954934087,0.0,0.0,0.0,4.642574256946555e-07,0.0,0.0012300969586833467,9.30611948058191e-05,0.0,0.0,0.004097606396482669,0.0,0.0,0.0,0.0,0.004358668551778128
2018-01-30 02:00:00,0.0,0.0,0.0,0.0030997075936271515,0.0,0.0,0.05743648837403458,0.012719239745144745,0.0,0.0,0.0,4.7381329138249753e-07,0.0,0.0012628205916048085,0.00014478832627395932,0.0,0.0,0.004181947915216252,0.0,0.0,0.0,0.0,0.004429801767932276
2018-01-30 03:00:00,0.0,0.0,0.0,0.0031274736338791527,0.0,0.0,0.05271603961786552,0.012833174015417408,0.0,0.0,0.0,4.780575365324296e-07,0.0,0.0012779093820200482,0.00012808247655732484,0.0,0.0,0.004219408266116574,0.0,0.0,0.0,0.0,0.004422010175226226
2018-01-30 04:00:00,0.0,0.0,0.0,0.003081934672395144,0.0,0.0,0.06111094401543329,0.012636523645356383,0.0,0.0,0.0,4.7109656857814887e-07,0.0,0.0012460503544786902,0.0001843674469211885,0.0,0.0,0.004157969708031063,0.0,0.0,0.0,0.0,0.004335265545413338
2018-01-30 05:00:00,0.0,0.0,0.0,0.0030016896848696815,0.0,0.0,0.07547556209605907,0.012288436012049155,0.0,0.0,0.0,4.5883052718296816e-07,0.020075915613785623,0.0012441997158417623,0.0003135973736597263,0.0,0.0,0.004049707767782699,0.0,4.719651081251546e-07,0.0,0.0,0.0040439799937715465
2018-01-30 06:00:00,0.0,0.0,0.0,0.002706367881843669,0.0,0.0,0.08521633220407078,0.011245026717899894,0.0,0.0,0.0,4.176034318225813e-07,0.08968158690781508,0.0011446595788313107,0.0004982151720860088,0.0,0.0,0.0036858311762465413,0.0,9.778883753753521e-05,0.0,0.0,0.003292563606887039
2018-01-30 07:00:00,0.0,0.0,0.0,0.0026949297513630846,0.0,0.0,0.09913821837920167,0.011172263349301492,0.0,0.0,0.0,4.171544269230518e-07,0.10236019358387384,0.001153098647913567,0.0006775182712281699,0.0,0.0,0.0036818681909574825,0.0,0.0004377637294765379,0.0,0.0,0.002168688160072348
2018-01-30 08:00:00,0.0,0.0,0.0,0.002711701390597545,0.0,0.0,0.10913280394566022,0.01125923659177543,0.0,0.0,0.0,4.1975054786085087e-07,0.08230042173695215,0.0011901208488834661,0.000620317677362206,0.0,0.0,0.00370478194779153,0.0,0.0011930785865506583,0.0,0.0,0.001679946935244396
2018-01-30 09:00:00,0.0,0.0,0.0,0.0027570946157692215,0.0,0.0,0.1237833351960922,0.011456579998466814,0.0,0.0,0.0,4.267770704717285e-07,0.058138459876326556,0.0012147116776123,0.0004285780255130294,0.0,0.0,0.0037667991012108465,0.0,0.0020938920196286646,0.0,0.0,0.0014742601279819458
2018-01-30 10:00:00,0.0,0.0,0.0,0.002607244549474309,0.0,0.0,0.11572117558647485,0.010850677171128944,0.0,0.0,0.0,4.0358143114271893e-07,0.08192250380690148,0.0011313123488280981,0.0003576846760130743,0.0,0.0,0.0035620708732393945,0.0,0.0026314333899841178,0.0,0.0,0.0016590323712442417
2018-01-30 11:00:00,0.0,0.0,0.0,0.0027353575079651017,0.0,0.0,0.11049473550824239,0.011348661044495226,0.0,0.0,0.0,4.2341233313695914e-07,0.05255334508801024,0.001157310306018876,0.0003294739162532707,0.0,0.0,0.0037371014195748333,0.0,0.003069462545691147,0.0,0.0,0.0019158313133773412
2018-01-30 12:00:00,0.0,0.0,0.0,0.0027954933417634656,0.0,0.0,0.11416430868612391,0.01158916583617933,0.0,0.0,0.0,4.327208983316578e-07,0.04774627145246823,0.0011825655095767202,0.0003449216164067296,0.0,0.0,0.0038192602266780284,0.0,0.0029561406871578314,0.0,0.0,0.0016104395688393146
2018-01-30 13:00:00,0.0,0.0,0.0,0.002850474877452901,0.0,0.0,0.1308311069478549,0.011788329180176544,0.0,0.0,0.0,4.38456576145849e-07,0.05440768579613522,0.001189218698425729,0.0003611891862235707,0.0,0.0,0.003869884188296795,0.0,0.0023845240797056755,0.0,0.0,0.001262772144107014
2018-01-30 14:00:00,0.0,0.0,0.0,0.002931168299658902,0.0,0.0,0.12952550179012523,0.012036970968598421,0.0,0.0,0.0,4.480508105063791e-07,0.07869443202073553,0.0012470213786074992,0.00039188269024217307,0.0,0.0,0.00395456435475022,0.0,0.0015158007076419493,0.0,0.0,0.00107024438225968
2018-01-30 15:00:00,0.0,0.0,0.0,0.0028129169225542187,0.0,0.0,0.12461992221523006,0.011697586339935215,0.0,0.0,0.0,4.3541793481509037e-07,0.11206240603566837,0.0012629698694610924,0.0005446903671146714,0.0,0.0,0.0038430646794113898,0.0,0.0005837473511773938,0.0,0.0,0.001109379548857207
2018-01-30 16:00:00,0.0,0.0,0.0,0.002809023562083641,0.0,0.0,0.1130640065288832,0.011562589396762375,0.0,0.0,0.0,4.307261006756031e-07,0.12111617049819992,0.0012491737978339262,0.0007419138851042453,0.0,0.0,0.00380165384025802,0.0,0.00014891117528492725,0.0,0.0,0.0011274239423985693
2018-01-30 17:00:00,0.0,0.0,0.0,0.002917086965322326,0.0,0.0,0.10920395036960345,0.01196988017374724,0.0,0.0,0.0,4.458983741337395e-07,0.12730630540908022,0.0013139254826314362,0.000698490186038292,0.0,0.0,0.003935566625127796,0.0,8.558646838638591e-05,0.0,0.0,0.0008851370307469339
2018-01-30 18:00:00,0.0,0.0,0.0,0.0030091837991005448,0.0,0.0,0.11176216895507547,0.01243570040473209,0.0,0.0,0.0,4.6432914383880105e-07,0.12183514062558493,0.0013482807744899994,0.0005683498881119265,0.0,0.0,0.004098239391691642,0.0,0.0,0.0,0.0,0.0009893540898327647
2018-01-30 19:00:00,0.0,0.0,0.0,0.003356591683022944,0.0,0.0,0.10588090832754235,0.013947675541781097,0.0,0.0,0.0,5.195746120053385e-07,0.053760302952100124,0.0015205164185486295,0.00033466472357937066,0.0,0.0,0.004585844266071768,0.0,0.0,0.0,0.0,0.0012578236785948675
2018-01-30 20:00:00,0.0,0.0,0.0,0.0036855481807707654,0.0,0.0,0.1076219875374,0.015314591428855913,0.0,0.0,0.0,5.704945512843488e-07,0.010176443349064604,0.0016308989792833007,0.00030950133812263363,0.0,0.0,0.0050352713669651675,0.0,0.0,0.0,0.0,0.0009589607384966345
2018-01-30 21:00:00,0.0,0.0,0.0,0.0038983911599436765,0.0,0.0,0.11124105885812205,0.01602183821128933,0.0,0.0,0.0,5.977660158839149e-07,0.0030138141572548884,0.0017018550862629568,0.0002648147727517815,0.0,0.0,0.005275973446457871,0.0,0.0,0.0,0.0,0.0006864945572132163
2018-01-30 22:00:00,0.0,0.0,0.0,0.0039538769698687646,0.0,0.0,0.10696292406352491,0.016211654409192082,0.0,0.0,0.0,6.04379414583038e-07,0.0,0.001711973353225308,0.0001744133093481285,0.0,0.0,0.005334344305623924,0.0,0.0,0.0,0.0,0.0006501722342578656
2018-01-30 23:00:00,0.0,0.0,0.0,0.003960774835787738,0.0,0.0,0.10339697079716904,0.01625251517804304,0.0,0.0,0.0,6.05433804539466e-07,0.0,0.001651516996031389,0.00010655634082268942,0.0,0.0,0.005343650511170086,0.0,0.0,0.0,0.0,0.0004572201530010378
2018-01-31 00:00:00,0.0,0.0,0.0,0.003814286891715132,0.0,0.0,0.07720122745531753,0.015615078612789452,0.0,0.0,0.0,5.830420360153654e-07,0.0,0.0016105317441552222,9.09510933087866e-05,0.0,0.0,0.005146017368747802,0.0,0.0,0.0,0.0,0.00019504341592184473
2018-01-31 01:00:00,0.0,0.0,0.0,0.00375250078146561,0.0,0.0,0.06958299671273756,0.015397890169199357,0.0,0.0,0.0,5.735975708925142e-07,0.0,0.0015878795628227705,9.622802489676002e-05,0.0,0.0,0.005062659088283367,0.0,0.0,0.0,0.0,9.736214463387048e-05
2018-01-31 02:00:00,0.0,0.0,0.0,0.0037003193737721644,0.0,0.0,0.08558256997853134,0.015195523532995697,0.0,0.0,0.0,5.656212557784579e-07,0.0,0.0015417858957132678,8.801167467382734e-05,0.0,0.0,0.004992258922291806,0.0,0.0,0.0,0.0,6.62718241079207e-05
2018-01-31 03:00:00,0.0,0.0,0.0,0.003505067927452664,0.0,0.0,0.10782849595648496,0.01438258220999492,0.0,0.0,0.0,5.357756243330798e-07,0.0,0.0014461052099960677,0.0001038942979403494,0.0,0.0,0.004728836856108034,0.0,0.0,0.0,0.0,6.684813852008767e-05
2018-01-31 04:00:00,0.0,0.0,0.0,0.003259519406468823,0.0,0.0,0.1308993600537807,0.013343949528934581,0.0,0.0,0.0,4.982417120503033e-07,0.0,0.0013221315954441224,0.0001267147848607268,0.0,0.0,0.004397556858109512,0.0,0.0,0.0,0.0,0.00013827096909023914
2018-01-31 05:00:00,0.0,0.0,0.0,0.003144347213319828,0.0,0.0,0.15883822902266542,0.012912399511938129,0.0,0.0,0.0,4.806367882749577e-07,0.009513588247419037,0.001305542832627293,0.00013411551243310666,0.0,0.0,0.004242173132876667,0.0,3.4607691625876335e-07,0.0,0.0,0.00013638459906103293
2018-01-31 06:00:00,0.0,0.0,0.0,0.0028279648296054517,0.0,0.0,0.16826315071470027,0.011604180659047062,0.0,0.0,0.0,4.322753948095389e-07,0.0300491405969998,0.0012670274710166862,0.0002963520702144732,0.0,0.0,0.0038153281450766224,0.0,9.117544546409886e-05,0.0,0.0,0.00015488472474775385
2018-01-31 07:00:00,0.0,0.0,0.0,0.0027593621123096724,0.0,0.0,0.18099131766226698,0.011296385806337052,0.0,0.0,0.0,4.2178896075152496e-07,0.040993545868584426,0.0012225223007304269,0.0002501152095723518,0.0,0.0,0.003722773288882093,0.0,0.00032105874980674495,0.0,0.0,0.00021013580546535833
2018-01-31 08:00:00,0.0,0.0,0.0,0.0026957262254602545,0.0,0.0,0.18695048945920476,0.01104443279297719,0.0,0.0,0.0,4.1206174355847214e-07,0.03264113312070657,0.0011859932674708573,0.00020102735276618077,0.0,0.0,0.003636919395795534,0.0,0.0008600916413196919,0.0,0.0,0.00030101491881800855
2018-01-31 09:00:00,0.0,0.0,0.0,0.002642215732920495,0.0,0.0,0.18914487182345696,0.010850374601021388,0.0,0.0,0.0,4.0388226796990736e-07,0.025515176473874867,0.0011554733988016401,0.00018679165190876442,0.0,0.0,0.003564726104667391,0.0,0.0014998978348981418,0.0,0.0,0.00041143638784998617
2018-01-31 10:00:00,0.0,0.0,0.0,0.0026686429941015625,0.0,0.0,0.1911290014380988,0.010933472367644437,0.0,0.0,0.0,4.0792187081121094e-07,0.016100471352266988,0.001148012529463323,0.0001336141098243074,0.0,0.0,0.003600380251538618,0.0,0.002247498805156252,0.0,0.0,0.0004718577326859718
2018-01-31 11:00:00,0.0,0.0,0.0,0.0026694669985983617,0.0,0.0,0.19100540678540626,0.01108387546481749,0.0,0.0,0.0,4.1321298836344587e-07,0.01754793938366001,0.0011284280005581968,0.00010914225818404827,0.0,0.0,0.0036470804569131237,0.0,0.0026990786486684277,0.0,0.0,0.0004956668277119711
2018-01-31 12:00:00,0.0,0.0,0.0,0.00274172300322393,0.0,0.0,0.19312787390167555,0.011267712427112489,0.0,0.0,0.0,4.1909269212600907e-07,0.0057952485234410295,0.0011555092848444472,0.00012034000840599147,0.0,0.0,0.003698975613379071,0.0,0.00261311492389597,0.0,0.0,0.0006603681577490846
2018-01-31 13:00:00,0.0,0.0,0.0,0.002740235336212249,0.0,0.0,0.19035845074372973,0.011226787320574536,0.0,0.0,0.0,4.188652911915677e-07,0.012810965714179685,0.0011488093510973226,0.0001419635967142553,0.0,0.0,0.0036969685382695263,0.0,0.00206957279306361,0.0,0.0,0.0009118559588803614
2018-01-31 14:00:00,0.0,0.0,0.0,0.0027979707888784945,0.0,0.0,0.19531556359284935,0.011463330379258322,0.0,0.0,0.0,4.276905832654055e-07,0.015304468909740928,0.001171714621951617,0.00013913861347377107,0.0,0.0,0.00377486190356891,0.0,0.0013176235663173996,0.0,0.0,0.0010991349514214968
2018-01-31 15:00:00,0.0,0.0,0.0,0.00282642495870754,0.0,0.0,0.1973452960119967,0.011606837852621331,0.0,0.0,0.0,4.3204001412397253e-07,0.01764685860325672,0.0012015221805820682,0.00017676534612497038,0.0,0.0,0.0038132506394743327,0.0,0.0005393553682790883,0.0,0.0,0.0012472308666789103
2018-01-31 16:00:00,0.0,0.0,0.0,0.002725913914314676,0.0,0.0,0.19123373571310676,0.011168112229553148,0.0,0.0,0.0,4.166761556548746e-07,0.02212183390828813,0.0011812592560365457,0.00029878838837655897,0.0,0.0,0.0036776468962634794,0.0,0.00014143932334702316,0.0,0.0,0.0016722023992311182
2018-01-31 17:00:00,0.0,0.0,0.0,0.0026731907916458376,0.0,0.0,0.18351253578041782,0.010977575035971153,0.0,0.0,0.0,4.086170353897745e-07,0.04716690489950102,0.001143760741776265,0.00036668915139986743,0.0,0.0,0.003606515879459847,0.0,7.834656205881788e-05,0.0,0.0,0.001606267329390594
2018-01-31 18:00:00,0.0,0.0,0.0,0.002692740576935873,0.0,0.0,0.18443418987042823,0.011136008448565273,0.0,0.0,0.0,4.1419407802930517e-07,0.056424319516280165,0.0011476486086914193,0.0003614037077837499,0.0,0.0,0.0036557397029862103,0.0,0.0,0.0,0.0,0.0018093208736295583
2018-01-31 19:00:00,0.0,0.0,0.0,0.0028153323359196044,0.0,0.0,0.17921449303710943,0.011698575719620196,0.0,0.0,0.0,4.3579182225230846e-07,0.049198693272137745,0.0012085887872947585,0.00019402772622080988,0.0,0.0,0.0038463646665941827,0.0,0.0,0.0,0.0,0.001949411643298594
2018-01-31 20:00:00,0.0,0.0,0.0,0.003141666278417809,0.0,0.0,0.14107974811392923,0.013044490829174249,0.0,0.0,0.0,4.863058101213888e-07,0.015662236028323583,0.001282563403272023,0.0001952160115569784,0.0,0.0,0.004292208778822402,0.0,0.0,0.0,0.0,0.002462572678075139
2018-01-31 21:00:00,0.0,0.0,0.0,0.0033016443401944332,0.0,0.0,0.1292409142225367,0.021475247114283398,0.0,0.0,0.0,5.046808205451938e-07,0.008337818148224346,0.0013070579028769105,0.00025485706970026936,0.0,0.0,0.0044543894055196695,0.0,0.0,0.0,0.0,0.002351224099615518
2018-01-31 22:00:00,0.0,0.0,0.0,0.0034368831738366985,0.0,0.0,0.12254690506827987,0.030432346708288597,0.0,0.0,0.0,5.253530791229103e-07,0.0,0.0013764686152854951,0.00024276465635350453,0.0,0.0,0.0046368458925668075,0.0,0.0,0.0,0.0,0.0019376762358358978
2018-01-31 23:00:00,0.0,0.0,0.0,0.0034685828473254893,0.0,0.0,0.08917655110945295,0.03269706104188692,0.0,0.0,0.0,5.369099840837548e-07,0.0,0.0014032061068172488,0.00011387278001039142,0.0,0.0,0.004738848887177485,0.0,0.0,0.0,0.0,0.0021913718392647208
2018-02-01 00:00:00,0.0,0.0,0.0,0.0034506713469507617,0.0,0.0,0.07771636593339973,0.03714498132542315,0.0,0.0,0.0,5.341374213962219e-07,0.0,0.0014152047632210614,0.00011586892486926671,0.0,0.0,0.004714377828720886,0.0,0.0,0.0,0.0,0.0022527069701528753
2018-02-01 01:00:00,0.0,0.0,0.0,0.0035711766756257543,0.0,0.0,0.07986050778134171,0.04033728626735527,0.0,0.0,0.0,5.527907207258852e-07,0.0,0.0014409187147696,0.0001208549967808114,0.0,0.0,0.004879014675475396,0.0,0.0,0.0,0.0,0.0021783032155893623
2018-02-01 02:00:00,0.0,0.0,0.0,0.0037884880328920185,0.0,0.0,0.08435887123920287,0.042718761931039,0.0,0.0,0.0,5.864288497563088e-07,0.0,0.0015035009125847192,0.0001045150408931661,0.0,0.0,0.005175909900090346,0.0,0.0,0.0,0.0,0.0018690355302726411
2018-02-01 03:00:00,0.0,0.0,0.0,0.0038570895551627593,0.0,0.0,0.08719252051846825,0.04351711649120957,0.0,0.0,0.0,5.970478385052458e-07,0.0,0.0015305706118545915,0.00011928891680326202,0.0,0.0,0.005269634704075365,0.0,0.0,0.0,0.0,0.001310540660780788
2018-02-01 04:00:00,0.0,0.0,0.0,0.0038269114217935442,0.0,0.0,0.09406954691624016,0.043139712939880455,0.0,0.0,0.0,5.923764952448603e-07,0.0,0.0015350011208095549,0.00019418681933056878,0.0,0.0,0.0052284047205263,0.0,0.0,0.0,0.0,0.0009308940999742546
2018-02-01 05:00:00,0.0,0.0,0.0,0.0035487528575255988,0.0,0.0,0.11156953756286644,0.04002693672977609,0.0,0.0,0.0,5.493196859116138e-07,0.0284621998476002,0.0014708821904518379,0.0003712062326199638,0.0,0.0,0.004848378796176123,0.0,2.2601784313709227e-07,0.0,0.0,0.0005674205837863856
2018-02-01 06:00:00,0.0,0.0,0.0,0.0030609419788629926,0.0,0.0,0.11012462502533138,0.034455928720569504,0.0,0.0,0.0,4.738103085586776e-07,0.11390600476190998,0.0013178516978548862,0.0005654577533699105,0.0,0.0,0.0041819215883611765,0.0,0.00010293331953065741,0.0,0.0,0.0003524810636485107
2018-02-01 07:00:00,0.0,0.0,0.0,0.0028225268460696073,0.0,0.0,0.12312315622200154,0.03520356864809126,0.0,0.0,0.0,4.369054771656131e-07,0.12342055086104849,0.0011881978695652072,0.0006343010784417554,0.0,0.0,0.0038561939536312265,0.0,0.0003859104233104459,0.0,0.0,0.000281886398244931
2018-02-01 08:00:00,0.0,0.0,0.0,0.0027540663425439462,0.0,0.0,0.13436133384942114,0.03985912218298633,0.0,0.0,0.0,4.263083170353107e-07,0.11427637456001495,0.001190208489168737,0.0005461155223224785,0.0,0.0,0.0037626618123423597,0.0,0.0009349293122915663,0.0,0.0,0.0002500433370358852
2018-02-01 09:00:00,0.0,0.0,0.0,0.0027058368545242947,0.0,0.0,0.15116537475757608,0.03901316484901707,0.0,0.0,0.0,4.188427627196728e-07,0.09863748806039417,0.0011599473348511467,0.0005446573951914033,0.0,0.0,0.003696769698562436,0.0,0.0015537978860121694,0.0,0.0,0.0002947735672429279
2018-02-01 10:00:00,0.0,0.0,0.0,0.0027350128212409973,0.0,0.0,0.16554291267276847,0.03944262250364299,0.0,0.0,0.0,4.233589782794572e-07,0.0698639632546243,0.001176865213252721,0.00031005727785648763,0.0,0.0,0.003736630501516697,0.0,0.002060072862256547,0.0,0.0,0.000287992312694184
2018-02-01 11:00:00,0.0,0.0,0.0,0.0028636215265108607,0.0,0.0,0.16998910822276958,0.04134338544948024,0.0,0.0,0.0,4.432666180674812e-07,0.05445129235771732,0.00122724068960443,0.00023839180645885758,0.0,0.0,0.0039123383472495325,0.0,0.00235227534278614,0.0,0.0,0.00023645758213941393
2018-02-01 12:00:00,0.0,0.0,0.0,0.0028245897563010814,0.0,0.0,0.16974445134364693,0.04073444432150383,0.0,0.0,0.0,4.372247998251255e-07,0.0552732450893657,0.0012382232224726593,0.0002624128359764068,0.0,0.0,0.0038590123438168055,0.0,0.002133930458026311,0.0,0.0,0.00023415614807892904
2018-02-01 13:00:00,0.0,0.0,0.0,0.0027541473429792264,0.0,0.0,0.16490553419976378,0.039691996007636544,0.0,0.0,0.0,4.2632085528056283e-07,0.07116977306837455,0.0012058626925416465,0.0004310743515019059,0.0,0.0,0.0037627724767951014,0.0,0.0016144729228962712,0.0,0.0,0.00025365670188923575
2018-02-01 14:00:00,0.0,0.0,0.0,0.002750632677053422,0.0,0.0,0.14893057014520794,0.03970326778797004,0.0,0.0,0.0,4.2577681198987464e-07,0.10483998521808198,0.00120890748772102,0.0004216164598954327,0.0,0.0,0.003757970668262795,0.0,0.0010305539433698742,0.0,0.0,0.00036705363408653637
2018-02-01 15:00:00,0.0,0.0,0.0,0.0027841260958371638,0.0,0.0,0.14260596814126358,0.04032103344155237,0.0,0.0,0.0,4.3096133596915785e-07,0.10848847051339348,0.0012474614787020106,0.0004661400760617491,0.0,0.0,0.003803730062608382,0.0,0.00044691101137684606,0.0,0.0,0.0004452018066112054
2018-02-01 16:00:00,0.0,0.0,0.0,0.002694191349889546,0.0,0.0,0.13190688789449742,0.0334469530532267,0.0,0.0,0.0,4.1704012804628974e-07,0.118706438757326,0.0012242183919577842,0.0005831026747996004,0.0,0.0,0.00368085937174941,0.0,0.00013021639186624516,0.0,0.0,0.0004942773564279485
2018-02-01 17:00:00,0.0,0.0,0.0,0.0026328786447582467,0.0,0.0,0.12486233376221871,0.029882939207245707,0.0,0.0,0.0,4.075493922082915e-07,0.10358418884819377,0.001205487145939872,0.00048424861289586427,0.0,0.0,0.0035970926989408497,0.0,7.862395393415145e-05,0.0,0.0,0.0015671779882375579
2018-02-01 18:00:00,0.0,0.0,0.0,0.002869466933906565,0.0,0.0,0.1076139037332096,0.03232824771491407,0.0,0.0,0.0,4.441714422362944e-07,0.07994692001416183,0.0012769458015218147,0.00035677858925875093,0.0,0.0,0.003920324462487805,0.0,0.0,0.0,0.0,0.002597757586681828
2018-02-01 19:00:00,0.0,0.0,0.0,0.0031381822224211095,0.0,0.0,0.11468682789730596,0.03522446480890623,0.0,0.0,0.0,4.857665050126245e-07,0.05363272167528756,0.0013889782140749111,0.0001843920467136599,0.0,0.0,0.004287448790201818,0.0,0.0,0.0,0.0,0.001899458534106486
2018-02-01 20:00:00,0.0,0.0,0.0,0.003572041194473285,0.0,0.0,0.13537716222055815,0.03982002221611155,0.0,0.0,0.0,5.460129848334448e-07,0.007475185697696347,0.0015452216961082375,0.00018648494012925548,0.0,0.0,0.0048191933513361445,0.0,0.0,0.0,0.0,0.0012180362878241276
2018-02-01 21:00:00,0.0,0.0,0.0,0.0037236005050071347,0.0,0.0,0.1060429999583203,0.04173425393073787,0.0,0.0,0.0,5.691799493275617e-07,0.010320811643479819,0.001607177088230257,0.0002042214200526346,0.0,0.0,0.005023668490869219,0.0,0.0,0.0,0.0,0.001002374898871862
2018-02-01 22:00:00,0.0,0.0,0.0,0.003972774220634058,0.0,0.0,0.10225199460982615,0.044590089549651636,0.0,0.0,0.0,6.072679994939479e-07,0.0017725753999555626,0.0016709134467735888,0.00018620478837743593,0.0,0.0,0.005359839393806989,0.0,0.0,0.0,0.0,0.0009131192681271133
2018-02-01 23:00:00,0.0,0.0,0.0,0.003847183357170938,0.0,0.0,0.08227425980346999,0.04351670956055406,0.0,0.0,0.0,5.955144351413271e-07,0.0,0.0016400725043314985,0.0001387610530791815,0.0,0.0,0.005256100653601149,0.0,0.0,0.0,0.0,0.0007198592313498064
2018-02-02 00:00:00,0.0,0.0,0.0,0.003921220295269303,0.0,0.0,0.07372355274757644,0.04413977394032045,0.0,0.0,0.0,6.069747845133061e-07,0.0,0.0016352216749632128,0.00018349577764706555,0.0,0.0,0.005357251433951688,0.0,0.0,0.0,0.0,0.0006848523841686816
2018-02-02 01:00:00,0.0,0.0,0.0,0.003935786625315664,0.0,0.0,0.07515398364098111,0.044493615085748194,0.0,0.0,0.0,6.092295405268119e-07,0.0,0.001633732502960614,0.00017143157529829099,0.0,0.0,0.005377152252230739,0.0,0.0,0.0,0.0,0.0005393069824269143
2018-02-02 02:00:00,0.0,0.0,0.0,0.004038956686927806,0.0,0.0,0.0848977279201598,0.04542612188604422,0.0,0.0,0.0,6.251994736598224e-07,0.0,0.0016694475148710925,0.00015009246726498414,0.0,0.0,0.00551810530227471,0.0,0.0,0.0,0.0,0.0005029844127375459
2018-02-02 03:00:00,0.0,0.0,0.0,0.004101228727079601,0.0,0.0,0.0844188419892511,0.04617925556348417,0.0,0.0,0.0,6.348387071907565e-07,0.0,0.00169066736861349,0.00016593720898612434,0.0,0.0,0.005603182638225659,0.0,0.0,0.0,0.0,0.00042563562282006034
2018-02-02 04:00:00,0.0,0.0,0.0,0.004058949350942035,0.0,0.0,0.0910132032797958,0.045650979259552686,0.0,0.0,0.0,6.282941844942336e-07,0.0012288079063033873,0.0016636925802689443,0.00016143332663346403,0.0,0.0,0.005545419689096577,0.0,0.0,0.0,0.0,0.0005193181786996723
2018-02-02 05:00:00,0.0,0.0,0.0,0.0035370696111173172,0.0,0.0,0.10273557647907396,0.039610762949770194,0.0,0.0,0.0,5.475112091015662e-07,0.022616233598920236,0.0015001690797043236,0.00021692182273514604,0.0,0.0,0.004832416905779531,0.0,2.2527374450299345e-07,0.0,0.0,0.0004781261533445942
2018-02-02 06:00:00,0.0,0.0,0.0,0.0029731024173206277,0.0,0.0,0.10069245226760366,0.033438465241782275,0.0,0.0,0.0,4.602134190895389e-07,0.09301561903548314,0.0013309758633973678,0.0004912809097296836,0.0,0.0,0.004061913381324647,0.0,0.00010471333665502429,0.0,0.0,0.0003797382866777922
2018-02-02 07:00:00,0.0,0.0,0.0,0.0029168549281204815,0.0,0.0,0.09884423790521514,0.03283399234143395,0.0,0.0,0.0,4.5150673977395394e-07,0.08882860095855226,0.0013181039433393738,0.0005577912769315385,0.0,0.0,0.003985066910205132,0.0,0.0003437955445036087,0.0,0.0,0.0003398823741960213
2018-02-02 08:00:00,0.0,0.0,0.0,0.0028535021404409756,0.0,0.0,0.09793573842579317,0.032093321637562976,0.0,0.0,0.0,4.4170021482648364e-07,0.08264938740480608,0.0013313891292196143,0.00048260701548195266,0.0,0.0,0.003898513034859152,0.0,0.000796602067646171,0.0,0.0,0.0003027416064629966
2018-02-02 09:00:00,0.0,0.0,0.0,0.002815654659175079,0.0,0.0,0.09771623477239158,0.03168576090632404,0.0,0.0,0.0,4.358417154166306e-07,0.08079070421623488,0.0013122166658318614,0.000402803216866688,0.0,0.0,0.0038468050312237025,0.0,0.0012688078392948845,0.0,0.0,0.0002698797131879145
2018-02-02 10:00:00,0.0,0.0,0.0,0.0028142128872167198,0.0,0.0,0.09663465997746669,0.031211103258148205,0.0,0.0,0.0,4.301733084387136e-07,0.0756390313297531,0.0012831247699332015,0.00046078784180230396,0.0,0.0,0.0037967748122006545,0.0,0.0016312082602142172,0.0,0.0,0.00021777329740954764
2018-02-02 11:00:00,0.0,0.0,0.0,0.002827682601049462,0.0,0.0,0.0980687656336588,0.028015161767920637,0.0,0.0,0.0,4.3495069593147874e-07,0.0783471146204353,0.0012716592188414466,0.0003736568956204891,0.0,0.0,0.003838940758215498,0.0,0.0018041024949459795,0.0,0.0,0.00017521911063000966
2018-02-02 12:00:00,0.0,0.0,0.0,0.0030285159511234676,0.0,0.0,0.09944791726945933,0.02684526121638994,0.0,0.0,0.0,4.629311209084351e-07,0.03661156338435101,0.0013726763136269853,0.0003065333073210322,0.0,0.0,0.004085900229440601,0.0,0.001812162314689003,0.0,0.0,0.00022805507777561663
2018-02-02 13:00:00,0.0,0.0,0.0,0.003142565379784958,0.0,0.0,0.10048135297734195,0.012865158506497977,0.0,0.0,0.0,4.803644218060726e-07,0.03451560516576967,0.0014135678941962627,0.0002793222791019096,0.0,0.0,0.004239769185145683,0.0,0.0014416558037829103,0.0,0.0,0.0002808116513596601
2018-02-02 14:00:00,0.0,0.0,0.0,0.0032737784168799,0.0,0.0,0.1031731459523434,0.013433516323405998,0.0,0.0,0.0,5.004213075284768e-07,0.05881641600128397,0.0014553847636277967,0.00030171612613426666,0.0,0.0,0.0044167942981132875,0.0,0.0009477769330750462,0.0,0.0,0.00019166820969583002
2018-02-02 15:00:00,0.0,0.0,0.0,0.0033097879886746,0.0,0.0,0.11120927235353069,0.01358127683401624,0.0,0.0,0.0,5.059256376041264e-07,0.060194281859999074,0.001467747546721142,0.00036516855007038537,0.0,0.0,0.004465376349531388,0.0,0.0004385221060200403,0.0,0.0,0.00018168345960727057
2018-02-02 16:00:00,0.0,0.0,0.0,0.0031346688910825695,0.0,0.0,0.10881320125025153,0.012872655057889487,0.0,0.0,0.0,4.791573849519721e-07,0.08875878720472387,0.0013978272665226394,0.000546339087136072,0.0,0.0,0.004229115694947325,0.0,0.00014108513656655353,0.0,0.0,0.000245662809046642
2018-02-02 17:00:00,0.0,0.0,0.0,0.003137456350553516,0.0,0.0,0.11000731882451434,0.01284424296046045,0.0,0.0,0.0,4.795834688023455e-07,0.08855019414269814,0.0014433715807859752,0.0006274063346442394,0.0,0.0,0.004232876375582893,0.0,9.25206840682145e-05,0.0,0.0,0.0005011909112730525
2018-02-02 18:00:00,0.0,0.0,0.0,0.0032388655665934775,0.0,0.0,0.1144032729140749,0.013300543268298702,0.0,0.0,0.0,4.950846194680404e-07,0.06973066583693485,0.001461054266804189,0.0005184720427274186,0.0,0.0,0.0043696918805272746,0.0,0.0,0.0,0.0,0.000990225214391835
2018-02-02 19:00:00,0.0,0.0,0.0,0.003479104734867928,0.0,0.0,0.11833582908790319,0.014264997126841499,0.0,0.0,0.0,5.318069578179985e-07,0.037161351893211306,0.0015413546415463434,0.0002111866329757121,0.0,0.0,0.004693808804002305,0.0,0.0,0.0,0.0,0.001560454943676466
2018-02-02 20:00:00,0.0,0.0,0.0,0.003791035094581422,0.0,0.0,0.1164073103156418,0.015543971467709262,0.0,0.0,0.0,5.794878264011642e-07,0.0,0.001600160646516768,0.00020223693862954722,0.0,0.0,0.005114647376059374,0.0,0.0,0.0,0.0,0.0018318140543374865
2018-02-02 21:00:00,0.0,0.0,0.0,0.003980555563881053,0.0,0.0,0.12368780368234863,0.01633368277703517,0.0,0.0,0.0,6.084574355113373e-07,0.0,0.001644868274840987,0.00013676458929615302,0.0,0.0,0.005370337536353161,0.0,0.0,0.0,0.0,0.001905104979418889
2018-02-02 22:00:00,0.0,0.0,0.0,0.004161702559568888,0.0,0.0,0.12341419696743498,0.017090213787895388,0.0,0.0,0.0,6.36147097086954e-07,0.0,0.0016997851387255182,0.00012593632304091766,0.0,0.0,0.005614730685733416,0.0,0.0,0.0,0.0,0.0017268953738824127
2018-02-02 23:00:00,0.0,0.0,0.0,0.004560338869711631,0.0,0.0,0.11500850623186228,0.018668890966177035,0.0,0.0,0.0,6.94910019345574e-07,0.0,0.0018193946065235068,0.00014629249647640964,0.0,0.0,0.006133381142993528,0.0,0.0,0.0,0.0,0.0013639310873815374
2018-02-03 00:00:00,0.0,0.0,0.0,0.0047525384571213,0.0,0.0,0.09688559050786731,0.019486319786981825,0.0,0.0,0.0,7.264607453361612e-07,0.0,0.0019023783446396434,0.00013935092583020354,0.0,0.0,0.00641185263203705,0.0,0.0,0.0,0.0,0.0012960623299547221
2018-02-03 01:00:00,0.0,0.0,0.0,0.0047236062107029065,0.0,0.0,0.08843452252906084,0.019352689023786437,0.0,0.0,0.0,7.220382369257641e-07,0.0,0.0018768808924669229,0.0001515314697185178,0.0,0.0,0.006372818902584416,0.0,0.0,0.0,0.0,0.0011215534556413397
2018-02-03 02:00:00,0.0,0.0,0.0,0.004894224945561953,0.0,0.0,0.08994522162147407,0.020082804125542402,0.0,0.0,0.0,7.481185757620107e-07,0.0,0.001944609642536921,0.00015534187631616213,0.0,0.0,0.006603007925577289,0.0,0.0,0.0,0.0,0.0010905776276902894
2018-02-03 03:00:00,0.0,0.0,0.0,0.004747084893742612,0.0,0.0,0.08853654246187537,0.019479036703051195,0.0,0.0,0.0,7.256271277331555e-07,0.0,0.001881611075842692,0.00016234209167718066,0.0,0.0,0.006404494996739808,0.0,0.0,0.0,0.0,0.0011189267417208177
2018-02-03 04:00:00,0.0,0.0,0.0,0.004809380950457748,0.0,0.0,0.09241570428391645,0.01968883404742553,0.0,0.0,0.0,7.351495419547531e-07,0.0,0.0018911132737705672,0.00018206365341834457,0.0,0.0,0.006488541267762815,0.0,0.0,0.0,0.0,0.0010226567650641982
2018-02-03 05:00:00,0.0,0.0,0.0,0.004342579811584389,0.0,0.0,0.09155752286973276,0.017832994143306507,0.0,0.0,0.0,6.637955263419858e-07,0.0,0.001749630290734404,0.00021994217878380134,0.0,0.0,0.005858759912403515,0.0,2.7311898152509776e-07,0.0,0.0,0.0009852869004008597
2018-02-03 06:00:00,0.0,0.0,0.0,0.00407600499280276,0.0,0.0,0.11637664587433469,0.01669945663683394,0.0,0.0,0.0,6.230475885215615e-07,0.0,0.0017331553621637943,0.0002669717318025779,0.0,0.0,0.005499112437930452,0.0,0.00014596111735884175,0.0,0.0,0.0008268298470293302
2018-02-03 07:00:00,0.0,0.0,0.0,0.0035204914861624516,0.0,0.0,0.1123217121326626,0.01442350905293845,0.0,0.0,0.0,5.381332296543496e-07,0.06038759820515109,0.0015114289406766308,0.0003537957981123799,0.0,0.0,0.0047496454379640195,0.0,0.0004071824940420444,0.0,0.0,0.0008978474202374451
2018-02-03 08:00:00,0.0,0.0,0.0,0.0031695051715421793,0.0,0.0,0.1115269508506769,0.01300564486572995,0.0,0.0,0.0,4.844823687465813e-07,0.08379804046388249,0.0013525822890934488,0.0005686915950184212,0.0,0.0,0.004276114808909388,0.0,0.0008823557822421291,0.0,0.0,0.0009057128168179492
2018-02-03 09:00:00,0.0,0.0,0.0,0.0030662982558794043,0.0,0.0,0.1087556980299996,0.012572411336682358,0.0,0.0,0.0,4.6870642636280515e-07,0.08413267575166676,0.0013059752413751998,0.0006099284374460712,0.0,0.0,0.004136873950617077,0.0,0.0014536029848235981,0.0,0.0,0.0009821109734360644
2018-02-03 10:00:00,0.0,0.0,0.0,0.00304351218042749,0.0,0.0,0.10764337209409987,0.012488649306700335,0.0,0.0,0.0,4.6522340576119807e-07,0.08952454713735793,0.0012799933508632311,0.0006393399960601032,0.0,0.0,0.004106132282942357,0.0,0.0019648893073929536,0.0,0.0,0.0008062772066232195
2018-02-03 11:00:00,0.0,0.0,0.0,0.0031961615765199636,0.0,0.0,0.11345996737749162,0.013115025894557694,0.0,0.0,0.0,4.88556997916415e-07,0.08734053069385303,0.0013331217679193549,0.00042596942066129746,0.0,0.0,0.004312078103464395,0.0,0.0022922724077464557,0.0,0.0,0.0010580551010377478
2018-02-03 12:00:00,0.0,0.0,0.0,0.0034308630506343267,0.0,0.0,0.10886870814479321,0.014056299941278366,0.0,0.0,0.0,5.244328586495636e-07,0.03926953614320077,0.0014173568796000957,0.00021456706033690985,0.0,0.0,0.004628723887211444,0.0,0.00230343176382291,0.0,0.0,0.002068536274354794
2018-02-03 13:00:00,0.0,0.0,0.0,0.0035641614701691247,0.0,0.0,0.10432437748044238,0.014602425665047214,0.0,0.0,0.0,5.448085105419286e-07,0.02568511424000958,0.0014562959894741383,0.00023857592946431754,0.0,0.0,0.004808562478703508,0.0,0.0019005272022874792,0.0,0.0,0.0018114759419069998
2018-02-03 14:00:00,0.0,0.0,0.0,0.0036104693294625014,0.0,0.0,0.10678304467292857,0.014780682211156736,0.0,0.0,0.0,5.518870102280871e-07,0.025769328227427106,0.0014968262743960496,0.00040844558411799855,0.0,0.0,0.004871038389666276,0.0,0.0012086306738335493,0.0,0.0,0.0013790868539181912
2018-02-03 15:00:00,0.0,0.0,0.0,0.0036219744564723474,0.0,0.0,0.11047136525790499,0.014919809288636782,0.0,0.0,0.0,5.536456542071244e-07,0.05658914387398163,0.0015071237056176001,0.00036370487516798855,0.0,0.0,0.004886560447944304,0.0,0.000515392454440938,0.0,0.0,0.0011910411268643258
2018-02-03 16:00:00,0.0,0.0,0.0,0.003237745224630457,0.0,0.0,0.11408993025362371,0.013295942534971536,0.0,0.0,0.0,4.949133668911638e-07,0.09463474686781129,0.0013781803363765682,0.0005771822424362375,0.0,0.0,0.00436818037933077,0.0,0.00014923705546319047,0.0,0.0,0.0013875211319481979
2018-02-03 17:00:00,0.0,0.0,0.0,0.0030935199275383047,0.0,0.0,0.10849651948793043,0.012693849476524329,0.0,0.0,0.0,4.728674607365489e-07,0.09828723919246596,0.001341134034773223,0.0005746583364921717,0.0,0.0,0.004173599870596332,0.0,9.13466480031761e-05,0.0,0.0,0.0018727966234756378
2018-02-03 18:00:00,0.0,0.0,0.0,0.0033175076112713364,0.0,0.0,0.11231658493130345,0.013623490268240248,0.0,0.0,0.0,5.071056391624379e-07,0.07083568533121523,0.001395842437934495,0.00043285872848397957,0.0,0.0,0.004475791222111967,0.0,0.0,0.0,0.0,0.0021977904086888894
2018-02-03 19:00:00,0.0,0.0,0.0,0.003716397275509303,0.0,0.0,0.11560816459679059,0.015249744212192752,0.0,0.0,0.0,5.680788822837001e-07,0.028256141095697847,0.0015375360518167951,0.00023754981125137338,0.0,0.0,0.005013950306275546,0.0,0.0,0.0,0.0,0.0023643464285075235
2018-02-03 20:00:00,0.0,0.0,0.0,0.003981726736146267,0.0,0.0,0.11464899832228026,0.016351135188471467,0.0,0.0,0.0,6.086364578768332e-07,0.0011544713090699235,0.001572854885331085,0.00022967932390172686,0.0,0.0,0.005371917614881517,0.0,0.0,0.0,0.0,0.002698940311059812
2018-02-03 21:00:00,0.0,0.0,0.0,0.004158521402387381,0.0,0.0,0.11860475988656503,0.0173148835738745,0.0,0.0,0.0,6.356608336220793e-07,0.0,0.0015941826846804297,0.00017745610060596785,0.0,0.0,0.005610438850700159,0.0,0.0,0.0,0.0,0.0024867733095563587
2018-02-03 22:00:00,0.0,0.0,0.0,0.004518927505157329,0.0,0.0,0.11405106744384276,0.019073845391255784,0.0,0.0,0.0,6.907515790004023e-07,0.0,0.0016886875425685783,9.248886526233517e-05,0.0,0.0,0.006096678118303571,0.0,0.0,0.0,0.0,0.002458726319694661
2018-02-03 23:00:00,0.0,0.0,0.0,0.004743442714801752,0.0,0.0,0.09864182894683908,0.020081758602958487,0.0,0.0,0.0,7.250703936736845e-07,0.0,0.0017565980632760535,8.068212464926042e-05,0.0,0.0,0.006399581177558964,0.0,0.0,0.0,0.0,0.002345955990162224
2018-02-04 00:00:00,0.0,0.0,0.0,0.00485777688004239,0.0,0.0,0.08929405750153228,0.02055037263549497,0.0,0.0,0.0,7.425472186688916e-07,0.0,0.0017932009866028884,8.097626402363015e-05,0.0,0.0,0.006553834283545188,0.0,0.0,0.0,0.0,0.002181006670811018
2018-02-04 01:00:00,0.0,0.0,0.0,0.004968035955654126,0.0,0.0,0.08929675532969814,0.02100103644105625,0.0,0.0,0.0,7.594011359957375e-07,0.0,0.0018186062184081806,7.814722478559753e-05,0.0,0.0,0.0067025895120500206,0.0,0.0,0.0,0.0,0.0019279905482621155
2018-02-04 02:00:00,0.0,0.0,0.0,0.004985604022314443,0.0,0.0,0.08750467448795096,0.02107530072002394,0.0,0.0,0.0,7.620865452597166e-07,0.0,0.0018233170712288025,0.0001821579350739798,0.0,0.0,0.006726291341182402,0.0,0.0,0.0,0.0,0.0016150722822797204
2018-02-04 03:00:00,0.0,0.0,0.0,0.005122144256650557,0.0,0.0,0.09272625670959064,0.021668754198939415,0.0,0.0,0.0,7.829577325839469e-07,0.0,0.0018809332677380065,0.00017424706325513012,0.0,0.0,0.006910503603493533,0.0,0.0,0.0,0.0,0.0012243742499037796
2018-02-04 04:00:00,0.0,0.0,0.0,0.004921801634668347,0.0,0.0,0.093771972420881,0.020789960774773228,0.0,0.0,0.0,7.523338771852145e-07,0.0,0.0018110218644699894,0.00015926674097193087,0.0,0.0,0.006640212814759143,0.0,0.0,0.0,0.0,0.0012593570523615231
2018-02-04 05:00:00,0.0,0.0,0.0,0.0047521484223986095,0.0,0.0,0.08981820682409507,0.020073336276224173,0.0,0.0,0.0,7.26401125636519e-07,0.0,0.0017345329444645099,9.536254428979615e-05,0.0,0.0,0.0064113264195327585,0.0,4.856768808427444e-07,0.0,0.0,0.0013077228997139165
2018-02-04 06:00:00,0.0,0.0,0.0,0.004516242213853368,0.0,0.0,0.09008958764059065,0.019134228603864534,0.0,0.0,0.0,6.903411123119747e-07,0.0,0.0017184902820739669,0.00011048740230269229,0.0,0.0,0.006093055277106089,0.0,0.00015991518855152157,0.0,0.0,0.001193848356460841
2018-02-04 07:00:00,0.0,0.0,0.0,0.004256542631802258,0.0,0.0,0.08809935127664521,0.018047463658209802,0.0,0.0,0.0,6.506441054087175e-07,0.0,0.0016667817998320762,0.0001454813128937258,0.0,0.0,0.005742683478174459,0.0,0.0006179700540564055,0.0,0.0,0.001004583466371993
2018-02-04 08:00:00,0.0,0.0,0.0,0.003988442223665953,0.0,0.0,0.11734876292379465,0.01699940551705431,0.0,0.0,0.0,6.096629699425141e-07,0.0,0.0015657156180256058,0.00014436964349875318,0.0,0.0,0.005380977765939104,0.0,0.001517963901595602,0.0,0.0,0.0010240032312787578
2018-02-04 09:00:00,0.0,0.0,0.0,0.003917659518162976,0.0,0.0,0.12339730143851918,0.016697717828738398,0.0,0.0,0.0,5.988433085214576e-07,0.0,0.0015396445156956504,0.00012935728083764044,0.0,0.0,0.005285481794538408,0.0,0.0025301004918432605,0.0,0.0,0.001103211585219638
2018-02-04 10:00:00,0.0,0.0,0.0,0.0038260109966377553,0.0,0.0,0.12220170154448186,0.016294946328295624,0.0,0.0,0.0,5.848341523921882e-07,0.0,0.0014892575515119803,0.00014659610577439063,0.0,0.0,0.005161834859481362,0.0,0.003348911952328662,0.0,0.0,0.0011582906080011637
2018-02-04 11:00:00,0.0,0.0,0.0,0.003891947216180823,0.0,0.0,0.12269961387200849,0.01658812771218161,0.0,0.0,0.0,5.949129924954455e-07,0.0,0.0014863608916043545,9.233615015610136e-05,0.0,0.0,0.005250792229661144,0.0,0.0038596166516697405,0.0,0.0,0.0008749446753444556
2018-02-04 12:00:00,0.0,0.0,0.0,0.003994766081351622,0.0,0.0,0.11821040424662997,0.017077109221942856,0.0,0.0,0.0,6.106296184839577e-07,0.0,0.0015141241639919586,8.814842297761703e-05,0.0,0.0,0.005389509552459574,0.0,0.0037423399316426796,0.0,0.0,0.0007753925315819591
2018-02-04 13:00:00,0.0,0.0,0.0,0.00399052352561875,0.0,0.0,0.11814620655334702,0.017058972843953503,0.0,0.0,0.0,6.099811123797695e-07,0.0,0.001506002335804289,8.510369103761714e-05,0.0,0.0,0.005383785739304183,0.0,0.0029564465807858775,0.0,0.0,0.0007573051769456797
2018-02-04 14:00:00,0.0,0.0,0.0,0.004127087275043132,0.0,0.0,0.12152317755755693,0.017301968099231006,0.0,0.0,0.0,6.308558941596163e-07,0.0,0.0015391929182193577,8.380915620930432e-05,0.0,0.0,0.005568029726825318,0.0,0.0018833457868134087,0.0,0.0,0.0007061653228151657
2018-02-04 15:00:00,0.0,0.0,0.0,0.004282491547452963,0.0,0.0,0.13054326372563183,0.017967070624514754,0.0,0.0,0.0,6.546105895885625e-07,0.0,0.0015945364511848693,0.0002018340499131297,0.0,0.0,0.005777692268658664,0.0,0.0007812875355554767,0.0,0.0,0.0005149215456945969
2018-02-04 16:00:00,0.0,0.0,0.0,0.0038112986657744233,0.0,0.0,0.12166587235476382,0.01586914825670048,0.0,0.0,0.0,5.825852635213169e-07,0.04183757448776279,0.001453486880459581,0.00028886534259382356,0.0,0.0,0.005141985825492357,0.0,0.00019233329549601363,0.0,0.0,0.00037781839891863313
2018-02-04 17:00:00,0.0,0.0,0.0,0.003399404513234251,0.0,0.0,0.11812051614915985,0.014078563386721548,0.0,0.0,0.0,5.196241879290562e-07,0.09250125960652268,0.0012868419567852508,0.0005377840032463079,0.0,0.0,0.004586281830687635,0.0,0.00010045909746795495,0.0,0.0,0.00030264300169103106
2018-02-04 18:00:00,0.0,0.0,0.0,0.003616126834835978,0.0,0.0,0.11624163737618985,0.014987599844926269,0.0,0.0,0.0,5.527518018773162e-07,0.061636905383779,0.0013547733486440573,0.0004719662568715925,0.0,0.0,0.00487867117181985,0.0,0.0,0.0,0.0,0.0003199889159513967
2018-02-04 19:00:00,0.0,0.0,0.0,0.003849054407477747,0.0,0.0,0.12376615895706791,0.015965229652174524,0.0,0.0,0.0,5.883565086161182e-07,0.030507963487246787,0.0014325381845807486,0.00024041313157290812,0.0,0.0,0.005192923709319939,0.0,0.0,0.0,0.0,0.0003406817468485774
2018-02-04 20:00:00,0.0,0.0,0.0,0.004167521440512347,0.0,0.0,0.12880060622301648,0.01727294051022491,0.0,0.0,0.0,6.370365561887256e-07,0.012916102366400464,0.001485914165290627,0.00018475385306148865,0.0,0.0,0.0056225811865614345,0.0,0.0,0.0,0.0,0.00038887486559175007
2018-02-04 21:00:00,0.0,0.0,0.0,0.004361535701583814,0.0,0.0,0.1324498575411826,0.018090915778344013,0.0,0.0,0.0,6.666930746946686e-07,0.015352041197642033,0.0015330366413951562,0.0001781863468506077,0.0,0.0,0.005884334113282059,0.0,0.0,0.0,0.0,0.000435548724528237
2018-02-04 22:00:00,0.0,0.0,0.0,0.00434873159610674,0.0,0.0,0.12733464142661,0.01823815882429229,0.0,0.0,0.0,6.73150250353841e-07,0.0,0.0015221118740820045,0.00017559919206084162,0.0,0.0,0.005941326124222213,0.0,0.0,0.0,0.0,0.000422710576516418
2018-02-04 23:00:00,0.0,0.0,0.0,0.004400515252415268,0.0,0.0,0.12766054179963304,0.01848363975696361,0.0,0.0,0.0,6.811659626225702e-07,0.0,0.0015152808120799694,0.00020788415115828666,0.0,0.0,0.006012074015471477,0.0,0.0,0.0,0.0,0.00036716892587837865
2018-02-05 00:00:00,0.0,0.0,0.0,0.004434208889853081,0.0,0.0,0.12786137371094497,0.018596642309594565,0.0,0.0,0.0,6.86381478911711e-07,0.0,0.0015176464353484629,0.00020462938774654422,0.0,0.0,0.00605810695264069,0.0,0.0,0.0,0.0,0.0003200662330607413
2018-02-05 01:00:00,0.0,0.0,0.0,0.004497689808678943,0.0,0.0,0.1290091285746292,0.018848411059053986,0.0,0.0,0.0,6.962078375765174e-07,0.0,0.001543423010533957,0.00012362499568797908,0.0,0.0,0.006144835883381641,0.0,0.0,0.0,0.0,0.00027396849327086066
2018-02-05 02:00:00,0.0,0.0,0.0,0.004622790531362583,0.0,0.0,0.13525137328361747,0.019402404086338036,0.0,0.0,0.0,7.155724686034886e-07,0.0,0.0015692681834630407,0.00015120376225691355,0.0,0.0,0.006315751051497512,0.0,0.0,0.0,0.0,0.00028944598804648815
2018-02-05 03:00:00,0.0,0.0,0.0,0.004368694671652377,0.0,0.0,0.13135393636092846,0.0209774322911755,0.0,0.0,0.0,6.762403811205705e-07,0.0,0.0014875327159862358,0.00018250651933088575,0.0,0.0,0.00596860008667262,0.0,0.0,0.0,0.0,0.00030445139477313857
2018-02-05 04:00:00,0.0,0.0,0.0,0.0040025207228781955,0.0,0.0,0.12660672257253736,0.019579592062495245,0.0,0.0,0.0,6.195594662737981e-07,0.0,0.0013688753484892586,0.00020334070274528326,0.0,0.0,0.0054683257423536104,0.0,0.0,0.0,0.0,0.00030318529242180105
2018-02-05 05:00:00,0.0,0.0,0.0,0.0036590780380591154,0.0,0.0,0.12791264192491708,0.01786422872807705,0.0,0.0,0.0,5.663971764982844e-07,0.0363275427020788,0.0012906573037772097,0.00037422945675097554,0.0,0.0,0.0049991073161542565,0.0,5.826109833820971e-07,0.0,0.0,0.0002783064456142845
2018-02-05 06:00:00,0.0,0.0,0.0,0.003058611041335638,0.0,0.0,0.11167765541470995,0.014991670214093727,0.0,0.0,0.0,4.734494973323645e-07,0.11932386181482495,0.001157693555899587,0.0006385729146418597,0.0,0.0,0.004178737013797504,0.0,0.00011556570449651776,0.0,0.0,0.00020731771286214537
2018-02-05 07:00:00,0.0,0.0,0.0,0.0028554163087227413,0.0,0.0,0.10476418284198305,0.013968169152459539,0.0,0.0,0.0,4.4199651337460367e-07,0.12518884274833847,0.0011014669932294153,0.0007193680045128038,0.0,0.0,0.003901128210748322,0.0,0.0004397594254341276,0.0,0.0,0.00021092790290611223
2018-02-05 08:00:00,0.0,0.0,0.0,0.0027687642934921164,0.0,0.0,0.10431679944703177,0.013570996974648362,0.0,0.0,0.0,4.2858344695349344e-07,0.11200934988869811,0.0010971385359347856,0.0006677240852209499,0.0,0.0,0.003782742453791714,0.0,0.0011232692579162453,0.0,0.0,0.00017870519155832872
2018-02-05 09:00:00,0.0,0.0,0.0,0.00267122657049288,0.0,0.0,0.10354267485086584,0.013084327711616474,0.0,0.0,0.0,4.1348535657820784e-07,0.10090315420337204,0.001059278399278734,0.0006678826998258143,0.0,0.0,0.003649484420053481,0.0,0.001825013599054605,0.0,0.0,0.00012402787445026887
2018-02-05 10:00:00,0.0,0.0,0.0,0.0026423852829673693,0.0,0.0,0.102882383902377,0.012926060723862641,0.0,0.0,0.0,4.0902094678669396e-07,0.09541192865286346,0.001045142522658329,0.0005727994894471247,0.0,0.0,0.0036100808626610375,0.0,0.0022856560014720044,0.0,0.0,0.0002014030396849078
2018-02-05 11:00:00,0.0,0.0,0.0,0.002755017467764067,0.0,0.0,0.10718734277732501,0.01181123565725483,0.0,0.0,0.0,4.264555439142046e-07,0.07617982344870854,0.0010377471600691807,0.0004570843037049453,0.0,0.0,0.003763961259087422,0.0,0.0025557184053021553,0.0,0.0,0.0002865230261067384
2018-02-05 12:00:00,0.0,0.0,0.0,0.0028176423279341455,0.0,0.0,0.108614902405214,0.011789733772501858,0.0,0.0,0.0,4.3614939127411147e-07,0.0669423195252546,0.0010550885679515886,0.0005042016365060972,0.0,0.0,0.0038495206249695006,0.0,0.002505557385391443,0.0,0.0,0.0002605001229716168
2018-02-05 13:00:00,0.0,0.0,0.0,0.002910664166098105,0.0,0.0,0.11220638531647535,0.012188321229471414,0.0,0.0,0.0,4.5054845736145133e-07,0.07317742749339855,0.0010942632216164056,0.0005513052699390756,0.0,0.0,0.003976608964406565,0.0,0.002144874176427504,0.0,0.0,0.0002089505154286997
2018-02-05 14:00:00,0.0,0.0,0.0,0.0028909399303630183,0.0,0.0,0.11126597706429586,0.012449744635757386,0.0,0.0,0.0,4.4749529716296976e-07,0.08774912410151764,0.0010888681184053868,0.000560793399502708,0.0,0.0,0.003949661309794333,0.0,0.0014015838264745326,0.0,0.0,0.0002418023896963264
2018-02-05 15:00:00,0.0,0.0,0.0,0.00301227703588578,0.0,0.0,0.11293536110627783,0.014570442648479976,0.0,0.0,0.0,4.6044888229564816e-07,0.11407880300576098,0.0011334194184265314,0.000614776545972272,0.0,0.0,0.004063991615265754,0.0,0.0006176606180857905,0.0,0.0,0.00032673776883199764
2018-02-05 16:00:00,0.0,0.0,0.0,0.0030318841119952042,0.0,0.0,0.11387439333840499,0.014646024337208753,0.0,0.0,0.0,4.6344596927407596e-07,0.11709416570259795,0.0011905279158992415,0.0006736809978302731,0.0,0.0,0.004090444359140006,0.0,0.0001701864253085341,0.0,0.0,0.0003585356115804338
2018-02-05 17:00:00,0.0,0.0,0.0,0.002953981745360091,0.0,0.0,0.11080086514648811,0.014391666030042502,0.0,0.0,0.0,4.5153801485355026e-07,0.12730111782829506,0.0011879672363642663,0.0008166115057330974,0.0,0.0,0.0039853429487973265,0.0,8.738887244399534e-05,0.0,0.0,0.00035965908075059774
2018-02-05 18:00:00,0.0,0.0,0.0,0.0030670710222587016,0.0,0.0,0.11371063760914549,0.014816000604451773,0.0,0.0,0.0,4.6882454943428366e-07,0.11801540244520774,0.00122184688915556,0.0006571624377567707,0.0,0.0,0.004137916522747267,0.0,0.0,0.0,0.0,0.00026108600986860555
2018-02-05 19:00:00,0.0,0.0,0.0,0.0032979126211557124,0.0,0.0,0.12190142478281152,0.01596254068310788,0.0,0.0,0.0,5.041103996177857e-07,0.07731385329528352,0.0012545933138620518,0.0005441396039307704,0.0,0.0,0.004449354783968193,0.0,0.0,0.0,0.0,0.0002548277926635171
2018-02-05 20:00:00,0.0,0.0,0.0,0.003927193088843737,0.0,0.0,0.14421071106116307,0.018983435950340948,0.0,0.0,0.0,6.003005854956361e-07,0.018543043627699724,0.0014184148822263334,0.000251730214048531,0.0,0.0,0.005298343941959972,0.0,0.0,0.0,0.0,0.00021407721504265717
2018-02-05 21:00:00,0.0,0.0,0.0,0.004306675401110204,0.0,0.0,0.15740910277300993,0.020831472733066077,0.0,0.0,0.0,6.583072709539946e-07,0.008980200155402416,0.0015437591012329777,0.0001916975068558447,0.0,0.0,0.005810319738614772,0.0,0.0,0.0,0.0,0.00023621148616699913
2018-02-05 22:00:00,0.0,0.0,0.0,0.004503115583806978,0.0,0.0,0.15092444750061296,0.021738751852208256,0.0,0.0,0.0,6.883346095696425e-07,0.0,0.0016116048080212738,0.00022717291368584528,0.0,0.0,0.006075345579820712,0.0,0.0,0.0,0.0,0.00047942547408743046
2018-02-05 23:00:00,0.0,0.0,0.0,0.004390314835063905,0.0,0.0,0.14378587790426897,0.0211942072052783,0.0,0.0,0.0,6.710921786570464e-07,0.0,0.0015194974124807792,0.00011776121692660764,0.0,0.0,0.005923161271529577,0.0,0.0,0.0,0.0,0.0006031677923972099
2018-02-06 00:00:00,0.0,0.0,0.0,0.004541347504956732,0.0,0.0,0.1436267758364553,0.021937740238213876,0.0,0.0,0.0,6.941786422239108e-07,0.0,0.0015498329207190085,0.00014659237328040132,0.0,0.0,0.006126925897678963,0.0,0.0,0.0,0.0,0.0004860067948734472
2018-02-06 01:00:00,0.0,0.0,0.0,0.0045141584628264194,0.0,0.0,0.14106655589433656,0.021777723498487507,0.0,0.0,0.0,6.900225955155741e-07,0.0,0.0015382177801966936,0.00017404563186865866,0.0,0.0,0.006090243999590461,0.0,0.0,0.0,0.0,0.0005320628566679699
2018-02-06 02:00:00,0.0,0.0,0.0,0.004452657653731184,0.0,0.0,0.1394783912113634,0.024182062456056194,0.0,0.0,0.0,6.806217407897896e-07,0.0,0.0015196837451517784,0.0001491583083526967,0.0,0.0,0.006007270631099605,0.0,0.0,0.0,0.0,0.0005816949375774689
2018-02-06 03:00:00,0.0,0.0,0.0,0.004404346800164038,0.0,0.0,0.1401741975731836,0.04186644932175209,0.0,0.0,0.0,6.732370685758012e-07,0.0,0.0015056501768935578,0.0001415538463495512,0.0,0.0,0.005942092395006364,0.0,0.0,0.0,0.0,0.0006376517518699622
2018-02-06 04:00:00,0.0,0.0,0.0,0.0042408106161633055,0.0,0.0,0.14056022678242297,0.04217060942939544,0.0,0.0,0.0,6.482393501584808e-07,0.0,0.0014547532000009507,0.0001523179415532832,0.0,0.0,0.0057214587438999326,0.0,0.0,0.0,0.0,0.0006653875051900585
2018-02-06 05:00:00,0.0,0.0,0.0,0.003903484467029965,0.0,0.0,0.14403784117388685,0.04216996785605435,0.0,0.0,0.0,6.042294145230699e-07,0.02595082621547715,0.001404144343821823,0.00039211524686533856,0.0,0.0,0.005333020382362432,0.0,6.215262151553838e-07,0.0,0.0,0.0006501999342897851
2018-02-06 06:00:00,0.0,0.0,0.0,0.0033972398394439738,0.0,0.0,0.12876895675700223,0.04192362618591511,0.0,0.0,0.0,5.258666344184334e-07,0.10195923663614354,0.0013192392381802403,0.0006275831494147798,0.0,0.0,0.004641378609433392,0.0,0.00013065926704599535,0.0,0.0,0.0006756670421671803
2018-02-06 07:00:00,0.0,0.0,0.0,0.0030763938407641638,0.0,0.0,0.11593707784341689,0.0446824204451321,0.0,0.0,0.0,4.762021381019216e-07,0.12620477181844794,0.0012029973990003303,0.0006300812399230505,0.0,0.0,0.004203032238386921,0.0,0.00040989308867803235,0.0,0.0,0.0006321041157215121
2018-02-06 08:00:00,0.0,0.0,0.0,0.003017624391078208,0.0,0.0,0.11419796708148094,0.04390647690288298,0.0,0.0,0.0,4.6710507867321913e-07,0.120534413253102,0.0012052401611324112,0.0006232972345239249,0.0,0.0,0.004122740213227691,0.0,0.0009425988047639173,0.0,0.0,0.0006876426051899626
2018-02-06 09:00:00,0.0,0.0,0.0,0.0030198933055364603,0.0,0.0,0.11621736031997712,0.038189673067742784,0.0,0.0,0.0,4.674562892048077e-07,0.07315328018970266,0.0011930784476960178,0.0006118467906807926,0.0,0.0,0.004125840050604759,0.0,0.0015226929997807395,0.0,0.0,0.0008700242240142915
2018-02-06 10:00:00,0.0,0.0,0.0,0.003138380437687099,0.0,0.0,0.12036189294069029,0.04546160691514214,0.0,0.0,0.0,4.85797187213394e-07,0.04489410473247646,0.0012254231377488497,0.0005234828990402363,0.0,0.0,0.004287719595955636,0.0,0.002083539554006296,0.0,0.0,0.0010309202238993065
2018-02-06 11:00:00,0.0,0.0,0.0,0.0031629600868880834,0.0,0.0,0.1229665209993201,0.04792340196548181,0.0,0.0,0.0,4.896019281240692e-07,0.0207582693613648,0.0012223112519199409,0.00036074858935456334,0.0,0.0,0.004321300815834272,0.0,0.0023663721185826873,0.0,0.0,0.0013401579130092902
2018-02-06 12:00:00,0.0,0.0,0.0,0.0031466458048123643,0.0,0.0,0.11808826991571536,0.0473763635982641,0.0,0.0,0.0,4.840132277028024e-07,0.011835197267898175,0.001201719478047098,0.0003719465477847576,0.0,0.0,0.004271974098959592,0.0,0.002264879226273291,0.0,0.0,0.0015605792696705494
2018-02-06 13:00:00,0.0,0.0,0.0,0.003160130781479481,0.0,0.0,0.11858189398630352,0.04726195298160305,0.0,0.0,0.0,4.830494237102679e-07,0.01788360593467123,0.001187919563388705,0.00036968998457063675,0.0,0.0,0.00426346741885888,0.0,0.001864780418351982,0.0,0.0,0.0016162073547154817
2018-02-06 14:00:00,0.0,0.0,0.0,0.0031805066763362475,0.0,0.0,0.12386950169683457,0.04771820709702608,0.0,0.0,0.0,4.861640303353564e-07,0.03429206721684626,0.001189501043162979,0.0004135847035992671,0.0,0.0,0.004290957408944431,0.0,0.0012314995872933071,0.0,0.0,0.0016694774497614101
2018-02-06 15:00:00,0.0,0.0,0.0,0.003027174338442498,0.0,0.0,0.12099847240841281,0.045590768905621484,0.0,0.0,0.0,4.6272604546150015e-07,0.09477407381931373,0.001134404882963439,0.0005891980648489678,0.0,0.0,0.004084090202467172,0.0,0.0005356828286528401,0.0,0.0,0.0015947542052845887
2018-02-06 16:00:00,0.0,0.0,0.0,0.002897201482024249,0.0,0.0,0.11978951628100855,0.04426949350568844,0.0,0.0,0.0,4.484645372678625e-07,0.1118500717075155,0.0011072676541387702,0.000664687073131186,0.0,0.0,0.0039582159698465505,0.0,0.00016304732911655206,0.0,0.0,0.0015186286395536203
2018-02-06 17:00:00,0.0,0.0,0.0,0.0027769090410377467,0.0,0.0,0.1169234340810468,0.042467138076517336,0.0,0.0,0.0,4.298441913172796e-07,0.11037443373047331,0.0010840205268289832,0.0007596732590456846,0.0,0.0,0.0037938699746098243,0.0,8.319033607392118e-05,0.0,0.0,0.001589008053915766
2018-02-06 18:00:00,0.0,0.0,0.0,0.0029489907918173216,0.0,0.0,0.12648765740814757,0.044450745676372354,0.0,0.0,0.0,4.5077511059442005e-07,0.10053556896812917,0.0011403282286679699,0.0006216650559822881,0.0,0.0,0.0039786094401896,0.0,0.0,0.0,0.0,0.0017666380171884766
2018-02-06 19:00:00,0.0,0.0,0.0,0.003430991033182077,0.0,0.0,0.14128008986103835,0.05109492110658522,0.0,0.0,0.0,5.244524217310341e-07,0.05203832577438676,0.0013028513090601534,0.0005876984141147685,0.0,0.0,0.004628896553933249,0.0,0.0,0.0,0.0,0.0021751269806902633
2018-02-06 20:00:00,0.0,0.0,0.0,0.003811817212909588,0.0,0.0,0.15003176315603794,0.051560559751522454,0.0,0.0,0.0,5.82664527296182e-07,0.011355576539523739,0.0013668794449054875,0.00029317114977990745,0.0,0.0,0.005142685419581586,0.0,0.0,0.0,0.0,0.0026331456717071846
2018-02-06 21:00:00,0.0,0.0,0.0,0.00390464288744399,0.0,0.0,0.13548863893378923,0.0431061284109169,0.0,0.0,0.0,5.968536199920127e-07,0.0,0.0013537889704884284,0.000324738033277984,0.0,0.0,0.005267920502044136,0.0,0.0,0.0,0.0,0.0030033339744139458
2018-02-06 22:00:00,0.0,0.0,0.0,0.004187566891129923,0.0,0.0,0.12145308749220492,0.045857135422084694,0.0,0.0,0.0,6.401006519614644e-07,0.0,0.0014075355608218242,0.000209161677736901,0.0,0.0,0.005649625360209328,0.0,0.0,0.0,0.0,0.0034067025461092574
2018-02-06 23:00:00,0.0,0.0,0.0,0.004256279513448075,0.0,0.0,0.13558445260882213,0.045298362118949304,0.0,0.0,0.0,6.506038858171422e-07,0.0,0.0013616077766423662,0.00016580441094977226,0.0,0.0,0.005742328493964015,0.0,0.0,0.0,0.0,0.0034786142989235067
2018-02-07 00:00:00,0.0,0.0,0.0,0.004064693272028558,0.0,0.0,0.12905181685554798,0.03710158437598155,0.0,0.0,0.0,6.213185081198346e-07,0.0,0.0013130484176339366,0.00019481888306455554,0.0,0.0,0.005483851312266069,0.0,0.0,0.0,0.0,0.003345816610619139
2018-02-07 01:00:00,0.0,0.0,0.0,0.004111002749222294,0.0,0.0,0.12937656316558113,0.03704119971748944,0.0,0.0,0.0,6.283972551140606e-07,0.0,0.001306785789652604,0.0001760035150272103,0.0,0.0,0.00554632940600732,0.0,0.0,0.0,0.0,0.0033709512313290658
2018-02-07 02:00:00,0.0,0.0,0.0,0.004343479465397993,0.0,0.0,0.13498997344490357,0.03913587515285838,0.0,0.0,0.0,6.639330450987244e-07,0.0,0.0013550339496008394,0.00024637932378095346,0.0,0.0,0.005859973673791187,0.0,0.0,0.0,0.0,0.0030082928046179717
2018-02-07 03:00:00,0.0,0.0,0.0,0.004362977531507934,0.0,0.0,0.13781787155314618,0.04337157932861359,0.0,0.0,0.0,6.66913469090374e-07,0.0,0.0013808606216203017,0.0002705944275592262,0.0,0.0,0.005886279347618892,0.0,0.0,0.0,0.0,0.002616157394614505
2018-02-07 04:00:00,0.0,0.0,0.0,0.0044679108598452925,0.0,0.0,0.14621558670840568,0.049579862235471284,0.0,0.0,0.0,6.829533064535704e-07,0.0,0.0014147237741026649,0.0002746913308079273,0.0,0.0,0.006027849382992334,0.0,0.0,0.0,0.0,0.0020353981897863064
2018-02-07 05:00:00,0.0,0.0,0.0,0.0036400075618117584,0.0,0.0,0.1418983408910242,0.0536064831105965,0.0,0.0,0.0,5.564021480816694e-07,0.05834734600227871,0.0012087552764846639,0.0006400162009226614,0.0,0.0,0.0049108896806222746,0.0,3.720143736530057e-07,0.0,0.0,0.0012427793407357468
2018-02-07 06:00:00,0.0,0.0,0.0,0.002932459539149863,0.0,0.0,0.13297513925551072,0.04408049316378419,0.0,0.0,0.0,4.4824818603768184e-07,0.10989738657706982,0.0010582051846809624,0.0009084851663970224,0.0,0.0,0.003956306421101372,0.0,0.00011951189170331164,0.0,0.0,0.0007559404349895538
2018-02-07 07:00:00,0.0,0.0,0.0,0.002854481991845226,0.0,0.0,0.1302016725877291,0.04274515806430301,0.0,0.0,0.0,4.363287396943218e-07,0.11271706972414942,0.0010641215417091351,0.0009406391413504297,0.0,0.0,0.003851103581306179,0.0,0.0003661242266457037,0.0,0.0,0.0006148384028238705
2018-02-07 08:00:00,0.0,0.0,0.0,0.0028383937963880734,0.0,0.0,0.13044969074914778,0.04246818314653001,0.0,0.0,0.0,4.338695397176432e-07,0.11297724341037002,0.00107081803190341,0.0009099217722438307,0.0,0.0,0.003829398309625083,0.0,0.0008036559393473114,0.0,0.0,0.0005865306811741784
2018-02-07 09:00:00,0.0,0.0,0.0,0.002814493685245767,0.0,0.0,0.12848044513040657,0.04218209768655274,0.0,0.0,0.0,4.3021623049969447e-07,0.11278701629436047,0.0010371500664927995,0.0008861149873537041,0.0,0.0,0.0037971536488156264,0.0,0.001230260234889366,0.0,0.0,0.0007957955015311495
2018-02-07 10:00:00,0.0,0.0,0.0,0.0029747271372175268,0.0,0.0,0.13341688594757542,0.04455524747153879,0.0,0.0,0.0,4.5470910183517416e-07,0.08212067546998968,0.001085774635315799,0.0008078389874100398,0.0,0.0,0.004013331443069147,0.0,0.001574855738554831,0.0,0.0,0.001023426406608263
2018-02-07 11:00:00,0.0,0.0,0.0,0.003101407552025873,0.0,0.0,0.12638546672758333,0.045339604375544906,0.0,0.0,0.0,4.7407314262968204e-07,0.06531760987980198,0.001130325531218132,0.000817879723846905,0.0,0.0,0.00418424140170385,0.0,0.0018422703670264821,0.0,0.0,0.0008538554656545671
2018-02-07 12:00:00,0.0,0.0,0.0,0.003166578418604381,0.0,0.0,0.11870820564415538,0.046905817169200024,0.0,0.0,0.0,4.84034992856877e-07,0.07462027627232976,0.0011528586940068692,0.0008022178652128179,0.0,0.0,0.0042721662015079214,0.0,0.001831143788867685,0.0,0.0,0.0005839799984671089
2018-02-07 13:00:00,0.0,0.0,0.0,0.0030662433228813733,0.0,0.0,0.12175280686607885,0.04510795104620143,0.0,0.0,0.0,4.6869802944670374e-07,0.09162116290221423,0.00113065309206628,0.0008464199387225448,0.0,0.0,0.00413679983816303,0.0,0.0014738980760482866,0.0,0.0,0.00040640187800782603
2018-02-07 14:00:00,0.0,0.0,0.0,0.003054709850555974,0.0,0.0,0.13185575560392093,0.04473454414477066,0.0,0.0,0.0,4.66935052675991e-07,0.09446134371463191,0.0011325620329831817,0.0008582557247728437,0.0,0.0,0.004121239538009049,0.0,0.0009704494547260753,0.0,0.0,0.0003352211937646578
2018-02-07 15:00:00,0.0,0.0,0.0,0.003187352557413935,0.0,0.0,0.14346768525240897,0.04730464596469538,0.0,0.0,0.0,4.872104740233034e-07,0.1004927793119137,0.0011984907632250652,0.0007905985242781637,0.0,0.0,0.004300193479520739,0.0,0.00044194569204403017,0.0,0.0,0.0002533969484915139
2018-02-07 16:00:00,0.0,0.0,0.0,0.0030510786284853,0.0,0.0,0.1393859926339303,0.04535967868168848,0.0,0.0,0.0,4.6637999345537804e-07,0.11342605482316225,0.0011843388696302578,0.0007752746388614789,0.0,0.0,0.004116340501209784,0.0,0.00013904994049342343,0.0,0.0,0.00016164432187629522
2018-02-07 17:00:00,0.0,0.0,0.0,0.002974150154436565,0.0,0.0,0.13591158570986225,0.04428212007645516,0.0,0.0,0.0,4.546209057385228e-07,0.11917162639817981,0.0011592533273556676,0.0008449544272523709,0.0,0.0,0.004012553010954157,0.0,8.789199375528611e-05,0.0,0.0,6.462672104758942e-05
2018-02-07 18:00:00,0.0,0.0,0.0,0.00308384135721859,0.0,0.0,0.13620086295683323,0.04633646568334301,0.0,0.0,0.0,4.713880194923201e-07,0.11681218867857739,0.0011894034401146647,0.0008145416757276449,0.0,0.0,0.004160542097968352,0.0,0.0,0.0,0.0,5.4354448787741394e-05
2018-02-07 19:00:00,0.0,0.0,0.0,0.0034488210919873456,0.0,0.0,0.15039849758226928,0.051754772216668535,0.0,0.0,0.0,5.271778784371559e-07,0.08856635529480669,0.001243532147208519,0.0008029960122797544,0.0,0.0,0.0046529518478590935,0.0,0.0,0.0,0.0,0.00022512405056631816
2018-02-07 20:00:00,0.0,0.0,0.0,0.0038126540727662105,0.0,0.0,0.15358168951881646,0.057057221452921664,0.0,0.0,0.0,5.827924475309512e-07,0.04984834930579305,0.0013322676568597795,0.0006651904758621213,0.0,0.0,0.005143814462959718,0.0,0.0,0.0,0.0,0.0006975881369184622
2018-02-07 21:00:00,0.0,0.0,0.0,0.003914753312274705,0.0,0.0,0.14462660222774007,0.0585851594214939,0.0,0.0,0.0,5.983990734006392e-07,0.0523300556809279,0.0013277856997254618,0.0004945888115158085,0.0,0.0,0.005281560908039103,0.0,0.0,0.0,0.0,0.0011757770193344945
2018-02-07 22:00:00,0.0,0.0,0.0,0.004250692382587212,0.0,0.0,0.14679382045258893,0.059738026964097794,0.0,0.0,0.0,6.497498514340239e-07,0.034776966374543195,0.0014359739728188345,0.00036337333366298115,0.0,0.0,0.00573479065707138,0.0,0.0,0.0,0.0,0.0017142152999742187
2018-02-07 23:00:00,0.0,0.0,0.0,0.004401807004517713,0.0,0.0,0.14136225023364513,0.05840867345639785,0.0,0.0,0.0,6.728488419775573e-07,0.012094811085398668,0.0014256874745896854,0.00028575978814695196,0.0,0.0,0.0059386658482152846,0.0,0.0,0.0,0.0,0.0024920191565735543
2018-02-08 00:00:00,0.0,0.0,0.0,0.004472730084912573,0.0,0.0,0.1424623327046285,0.05932136146200753,0.0,0.0,0.0,6.836899607417797e-07,0.0,0.001434116148850101,0.00015295963180462366,0.0,0.0,0.006034351205378582,0.0,0.0,0.0,0.0,0.002760915587805874
2018-02-08 01:00:00,0.0,0.0,0.0,0.00438329173913051,0.0,0.0,0.14150050383978952,0.05814907193515754,0.0,0.0,0.0,6.700186463642784e-07,0.0,0.001393339704693948,0.00015436910541020366,0.0,0.0,0.005913686112821895,0.0,0.0,0.0,0.0,0.002918826558348708
2018-02-08 02:00:00,0.0,0.0,0.0,0.004447626326843083,0.0,0.0,0.14820996514427323,0.05898840857658919,0.0,0.0,0.0,6.798526651654392e-07,0.0,0.0013941942988812447,0.00015743488899321503,0.0,0.0,0.0060004826530871865,0.0,0.0,0.0,0.0,0.0030417482518774034
2018-02-08 03:00:00,0.0,0.0,0.0,0.004386936967472297,0.0,0.0,0.14636464227422946,0.058169562444113865,0.0,0.0,0.0,6.705758465472936e-07,0.0,0.0013809918591148292,0.00015458517005242846,0.0,0.0,0.0059186040460797815,0.0,0.0,0.0,0.0,0.003130995490442409
2018-02-08 04:00:00,0.0,0.0,0.0,0.00420246725176144,0.0,0.0,0.15201736872773,0.05579028017276871,0.0,0.0,0.0,6.423782825767265e-07,0.0,0.0013329042459957006,0.00018924292379649815,0.0,0.0,0.00566972807319008,0.0,0.0,0.0,0.0,0.0032582547135942726
2018-02-08 05:00:00,0.0,0.0,0.0,0.0034916874775941104,0.0,0.0,0.15294554746928343,0.051765942331634514,0.0,0.0,0.0,5.33730323350273e-07,0.04199050548932337,0.0011677035991122676,0.0005919537192462584,0.0,0.0,0.004710784719672431,0.0,2.1960359257887848e-07,0.0,0.0,0.002887852761890825
2018-02-08 06:00:00,0.0,0.0,0.0,0.0028319126760788646,0.0,0.0,0.14866641611796624,0.042416182822907045,0.0,0.0,0.0,4.3287885241802e-07,0.07143921464431295,0.0010343615015519958,0.0006959251061574745,0.0,0.0,0.003820654353381892,0.0,0.00010036398120612637,0.0,0.0,0.002494607531133693
2018-02-08 07:00:00,0.0,0.0,0.0,0.0026720308015057525,0.0,0.0,0.14165957907672538,0.0400469416156289,0.0,0.0,0.0,4.084397222950249e-07,0.07386074506775986,0.0010050415047920527,0.0007636087241061885,0.0,0.0,0.003604950887214136,0.0,0.0003153299230241986,0.0,0.0,0.0025861329408481738
2018-02-08 08:00:00,0.0,0.0,0.0,0.0026764147370237374,0.0,0.0,0.13029354584283762,0.04011264565228764,0.0,0.0,0.0,4.091098393477609e-07,0.07836857135786476,0.0010015757886491364,0.0007768977762282592,0.0,0.0,0.0036108654418765085,0.0,0.0007620649126961246,0.0,0.0,0.002645185403466844
2018-02-08 09:00:00,0.0,0.0,0.0,0.0027820148456829345,0.0,0.0,0.1340389869112583,0.041942721706968354,0.0,0.0,0.0,4.2525159902761995e-07,0.07970531912077396,0.0010081985251054275,0.0006420148905717094,0.0,0.0,0.003753335059062941,0.0,0.001310546893656137,0.0,0.0,0.0026802677060239134
2018-02-08 10:00:00,0.0,0.0,0.0,0.002832057058440452,0.0,0.0,0.1295108031955408,0.04276013755237805,0.0,0.0,0.0,4.329009223326474e-07,0.07636965928560728,0.001010999618307832,0.0006274117380084327,0.0,0.0,0.0038208491457930463,0.0,0.0017678808472836867,0.0,0.0,0.0027660048990753886
2018-02-08 11:00:00,0.0,0.0,0.0,0.00292959124839641,0.0,0.0,0.12699551378662197,0.04387920539994436,0.0,0.0,0.0,4.478097465263777e-07,0.07432581218448318,0.001022413255225427,0.0005967300858562988,0.0,0.0,0.003952436687529955,0.0,0.00213524491943283,0.0,0.0,0.0029073069400848838
2018-02-08 12:00:00,0.0,0.0,0.0,0.0029437439590728996,0.0,0.0,0.12753547673178176,0.04409118367475645,0.0,0.0,0.0,4.499730933018602e-07,0.0685775882366834,0.0010211409634190817,0.0004648161812426127,0.0,0.0,0.00397153071402132,0.0,0.0021091104208507206,0.0,0.0,0.0028709247604544203
2018-02-08 13:00:00,0.0,0.0,0.0,0.002914466394478599,0.0,0.0,0.13119585464781652,0.043643409578686836,0.0,0.0,0.0,4.4549780044758923e-07,0.06519845578677248,0.000998066843047003,0.0004633971407902741,0.0,0.0,0.003932031101067677,0.0,0.0017684811979764609,0.0,0.0,0.0028736159403274977
2018-02-08 14:00:00,0.0,0.0,0.0,0.0029226001204652203,0.0,0.0,0.13167995050962775,0.043997263178732315,0.0,0.0,0.0,4.467411007798036e-07,0.06289533427496534,0.00100348967234763,0.0006045940397529021,0.0,0.0,0.003943004658219526,0.0,0.0012343423922264363,0.0,0.0,0.0028504272289112606
2018-02-08 15:00:00,0.0,0.0,0.0,0.002853298723930126,0.0,0.0,0.13492919288363822,0.043144292537243265,0.0,0.0,0.0,4.361478684190463e-07,0.07572938681847792,0.0010189991149577842,0.0007364250000331485,0.0,0.0,0.0038495071840199085,0.0,0.0005414104554463434,0.0,0.0,0.002574238676659731
2018-02-08 16:00:00,0.0,0.0,0.0,0.0028274550335913046,0.0,0.0,0.13384835622035554,0.042780452793875164,0.0,0.0,0.0,4.321974687084147e-07,0.0770738548084406,0.001032508167156996,0.0008239058071414391,0.0,0.0,0.003814640357498553,0.0,0.0001546879978854061,0.0,0.0,0.0023499099252572184
2018-02-08 17:00:00,0.0,0.0,0.0,0.0028264716236637874,0.0,0.0,0.13525209364681695,0.04281943490595603,0.0,0.0,0.0,4.3204714720857613e-07,0.07763302371145346,0.0010661327020198075,0.0007844691998884275,0.0,0.0,0.003813313597160049,0.0,8.346114282290643e-05,0.0,0.0,0.00226860717270471
2018-02-08 18:00:00,0.0,0.0,0.0,0.0029461203385374455,0.0,0.0,0.1475734502763325,0.044398124204368346,0.0,0.0,0.0,4.50336340524916e-07,0.06974828695806735,0.0010792038549877244,0.0007020856771881686,0.0,0.0,0.003974736789061415,0.0,0.0,0.0,0.0,0.0023320744242535186
2018-02-08 19:00:00,0.0,0.0,0.0,0.003364114746305199,0.0,0.0,0.13582389524478233,0.05050499552921033,0.0,0.0,0.0,5.142298853647909e-07,0.06451787186026728,0.0011631665539584863,0.0006647303528173129,0.0,0.0,0.004538670898759464,0.0,0.0,0.0,0.0,0.0023776505862772423
2018-02-08 20:00:00,0.0,0.0,0.0,0.0038551714986546125,0.0,0.0,0.14738926095607913,0.05781594376850997,0.0,0.0,0.0,5.892915513634263e-07,0.03401403393490363,0.0012464905450516497,0.0005060166891710084,0.0,0.0,0.005201176538311575,0.0,0.0,0.0,0.0,0.0023395634713017878
2018-02-08 21:00:00,0.0,0.0,0.0,0.004085555364741512,0.0,0.0,0.14602169139260324,0.061024466370253175,0.0,0.0,0.0,6.245074336926128e-07,0.021015476887835328,0.0012818346787577524,0.0004243829633090255,0.0,0.0,0.00551199725264682,0.0,0.0,0.0,0.0,0.0022938315898078454
2018-02-08 22:00:00,0.0,0.0,0.0,0.004155443102544562,0.0,0.0,0.14543702757674795,0.0533051426132921,0.0,0.0,0.0,6.351902926641557e-07,0.0,0.0013046442041509817,0.00033778910630871407,0.0,0.0,0.005606285784895969,0.0,0.0,0.0,0.0,0.0020312387534355187
2018-02-08 23:00:00,0.0,0.0,0.0,0.004296256290224384,0.0,0.0,0.13580936161150883,0.04456401300628497,0.0,0.0,0.0,6.567146325928023e-07,0.0,0.0013319206161736383,0.00032493419356948605,0.0,0.0,0.005796262871077672,0.0,0.0,0.0,0.0,0.0017096337404648445
2018-02-09 00:00:00,0.0,0.0,0.0,0.0045799720626146035,0.0,0.0,0.13741977143557565,0.04085944670877568,0.0,0.0,0.0,7.000826922800178e-07,0.0,0.0014173858329285817,0.0002599772123995421,0.0,0.0,0.006179035938221361,0.0,0.0,0.0,0.0,0.0015491159830475693
2018-02-09 01:00:00,0.0,0.0,0.0,0.004508499108679778,0.0,0.0,0.1343914992465256,0.040279087589338125,0.0,0.0,0.0,6.891575212676572e-07,0.0,0.0013980789460971306,0.00030133693237435923,0.0,0.0,0.006082608723178042,0.0,0.0,0.0,0.0,0.0014310079452077528
2018-02-09 02:00:00,0.0,0.0,0.0,0.004483944078364344,0.0,0.0,0.1327719980534298,0.040116679260995755,0.0,0.0,0.0,6.854041027975819e-07,0.0,0.0013941536321889318,0.00027173370851642735,0.0,0.0,0.006049480482937955,0.0,0.0,0.0,0.0,0.0013044515511282649
2018-02-09 03:00:00,0.0,0.0,0.0,0.004429472249833819,0.0,0.0,0.13126971284691344,0.045875489886279756,0.0,0.0,0.0,6.77077679874099e-07,0.0,0.00137233834159952,0.00032412000368110523,0.0,0.0,0.005975990212362243,0.0,0.0,0.0,0.0,0.001287420838269653
2018-02-09 04:00:00,0.0,0.0,0.0,0.004182107665169546,0.0,0.0,0.13819610745875838,0.045892853909701374,0.0,0.0,0.0,6.473581456109941e-07,0.0,0.0013178898891568033,0.0002513173128037501,0.0,0.0,0.005713681099018995,0.0,0.0,0.0,0.0,0.0014669235488973913
2018-02-09 05:00:00,0.0,0.0,0.0,0.0038753561758380368,0.0,0.0,0.14651831672511859,0.04580927459620155,0.0,0.0,0.0,5.97983019759426e-07,0.0015750397642672685,0.001263109965076054,0.0002793762316258401,0.0,0.0,0.005277888755549644,0.0,3.9981563571944203e-07,0.0,0.0,0.0013709943000985198
2018-02-09 06:00:00,0.0,0.0,0.0,0.003138269491475028,0.0,0.0,0.13852632850880273,0.04646655102476882,0.0,0.0,0.0,4.797077634219965e-07,0.09737529539916176,0.0010998221623943515,0.0006716022331717103,0.0,0.0,0.0042339734187325385,0.0,0.00012412481924693657,0.0,0.0,0.0007998862591518888
2018-02-09 07:00:00,0.0,0.0,0.0,0.0029183424853118037,0.0,0.0,0.13508868719952846,0.043831212921518224,0.0,0.0,0.0,4.4609028967436463e-07,0.11163934191358481,0.0010402530040554156,0.0006590098618832671,0.0,0.0,0.0039372605007737755,0.0,0.0004935041150200744,0.0,0.0,0.0005376911934272643
2018-02-09 08:00:00,0.0,0.0,0.0,0.0029506607981929322,0.0,0.0,0.13721977678490707,0.044147927373715,0.0,0.0,0.0,4.510303834527647e-07,0.1096264580321976,0.0010748759559619915,0.0006789877260599802,0.0,0.0,0.00398086251712345,0.0,0.0012492556808678492,0.0,0.0,0.0003976373612515152
2018-02-09 09:00:00,0.0,0.0,0.0,0.0029590172733232937,0.0,0.0,0.1360673507100377,0.04397222714212179,0.0,0.0,0.0,4.523077326433828e-07,0.09057760941161315,0.001051453154282928,0.0007695656110631246,0.0,0.0,0.003992136594659609,0.0,0.0020826003067125794,0.0,0.0,0.0003152116177458333
2018-02-09 10:00:00,0.0,0.0,0.0,0.0033285242032432857,0.0,0.0,0.15197770383406067,0.044219873306061495,0.0,0.0,0.0,5.087896069382304e-07,0.02386698409324354,0.0011642892660685923,0.0007297479425776697,0.0,0.0,0.0044906541769031225,0.0,0.003225223379837103,0.0,0.0,0.00031624426811974806
2018-02-09 11:00:00,0.0,0.0,0.0,0.0031261192971208736,0.0,0.0,0.14439075353442424,0.042589478619550335,0.0,0.0,0.0,4.838992568262514e-07,0.037699163082624755,0.0010863258022244136,0.0007021471279245886,0.0,0.0,0.004270968174731091,0.0,0.003428362781252475,0.0,0.0,0.0002571484912663708
2018-02-09 12:00:00,0.0,0.0,0.0,0.003013409055642883,0.0,0.0,0.1385076034248421,0.0409305707100973,0.0,0.0,0.0,4.6351891311692706e-07,0.0659680876880384,0.0010407340391050883,0.0007072430854103103,0.0,0.0,0.004091088172551507,0.0,0.002936559118159946,0.0,0.0,0.00018623288390019817
2018-02-09 13:00:00,0.0,0.0,0.0,0.0030065126234686814,0.0,0.0,0.13849349700954683,0.0447989289416905,0.0,0.0,0.0,4.6100840036317347e-07,0.08371141363229473,0.0010398601104962223,0.0006579007779062911,0.0,0.0,0.004068930006523597,0.0,0.0022833460754341484,0.0,0.0,0.00013319527225039986
2018-02-09 14:00:00,0.0,0.0,0.0,0.0029493974087795504,0.0,0.0,0.12487096247203261,0.043972962310863666,0.0,0.0,0.0,4.5367271950927345e-07,0.09549694488811733,0.0010309940609321225,0.0007573543222478516,0.0,0.0,0.0040041841755990406,0.0,0.0014748078261354314,0.0,0.0,0.00011850313836935723
2018-02-09 15:00:00,0.0,0.0,0.0,0.0029674090652778953,0.0,0.0,0.11609171252163139,0.04472192897053478,0.0,0.0,0.0,4.593321319214946e-07,0.1023672845180431,0.0010836140415801106,0.0007965323820585376,0.0,0.0,0.004054135007222147,0.0,0.0006673558570022189,0.0,0.0,0.00012412877319599962
2018-02-09 16:00:00,0.0,0.0,0.0,0.002929787672434379,0.0,0.0,0.11482513637448653,0.04442819433565261,0.0,0.0,0.0,4.5350862926293877e-07,0.11184673760208963,0.001082829367191071,0.0008503589914270664,0.0,0.0,0.004002735890217335,0.0,0.00018764594029688152,0.0,0.0,0.00014778316170927617
2018-02-09 17:00:00,0.0,0.0,0.0,0.002959201216485246,0.0,0.0,0.11110015235729659,0.04487423029364623,0.0,0.0,0.0,4.580616199693233e-07,0.11473435779596236,0.0011025288945106396,0.0008467374128322597,0.0,0.0,0.0040429212761886905,0.0,8.855718805205075e-05,0.0,0.0,0.00020384271632670957
2018-02-09 18:00:00,0.0,0.0,0.0,0.0033055486134814373,0.0,0.0,0.117619054080148,0.0497329903346157,0.0,0.0,0.0,5.11673536880018e-07,0.09802057306532874,0.001223484926476047,0.0006924030229239845,0.0,0.0,0.004516108179623263,0.0,0.0,0.0,0.0,0.00027497855123030527
2018-02-09 19:00:00,0.0,0.0,0.0,0.003794776655516272,0.0,0.0,0.1338231628992782,0.05481129962495336,0.0,0.0,0.0,5.874022802383573e-07,0.017850197247319947,0.0013648874294410567,0.00044095143286463056,0.0,0.0,0.005184501545046384,0.0,0.0,0.0,0.0,0.0002536425775705586
2018-02-09 20:00:00,0.0,0.0,0.0,0.0037422300530660134,0.0,0.0,0.13093100565996657,0.054450105234468964,0.0,0.0,0.0,5.738208039068717e-07,0.02509034356322448,0.001281070465175343,0.0004057705880850463,0.0,0.0,0.005064629376698611,0.0,0.0,0.0,0.0,0.00018170214499560122
2018-02-09 21:00:00,0.0,0.0,0.0,0.003927161873693845,0.0,0.0,0.13235309833530487,0.049316629092216756,0.0,0.0,0.0,6.00295814028501e-07,0.05076730141068023,0.0013063008950261138,0.00040070859974125026,0.0,0.0,0.005298301828267931,0.0,0.0,0.0,0.0,0.00011321482272754396
2018-02-09 22:00:00,0.0,0.0,0.0,0.00423327154390584,0.0,0.0,0.13406240531915736,0.04253932147428746,0.0,0.0,0.0,6.470869470583871e-07,0.0228755203083055,0.0013703705628461934,0.0004005516426217222,0.0,0.0,0.005711287459494077,0.0,0.0,0.0,0.0,0.00011566092812043928
2018-02-09 23:00:00,0.0,0.0,0.0,0.00441145178740059,0.0,0.0,0.13470326690560933,0.03129987599189043,0.0,0.0,0.0,6.743231185615167e-07,0.0,0.0014213761616619833,0.00031195608732569865,0.0,0.0,0.0059516780367690324,0.0,0.0,0.0,0.0,0.00016110687355463534
2018-02-10 00:00:00,0.0,0.0,0.0,0.004656352482718454,0.0,0.0,0.13828872839052186,0.02224188495756594,0.0,0.0,0.0,7.117580058873361e-07,0.0,0.001471487855728871,0.00021387006066774512,0.0,0.0,0.006282084025490412,0.0,0.0,0.0,0.0,0.0001872339466996644
2018-02-10 01:00:00,0.0,0.0,0.0,0.0045960790146939235,0.0,0.0,0.1378588895856099,0.021939382433681657,0.0,0.0,0.0,7.025447593454832e-07,0.0,0.0014434133170231483,0.00023728265102637962,0.0,0.0,0.006200766515262591,0.0,0.0,0.0,0.0,0.000248696325536403
2018-02-10 02:00:00,0.0,0.0,0.0,0.004767504818346305,0.0,0.0,0.14298245715257168,0.022697116070790613,0.0,0.0,0.0,7.287484646315616e-07,0.0,0.001507879285642737,0.00020372905069836376,0.0,0.0,0.006432044389237621,0.0,0.0,0.0,0.0,0.00036095730209251677
2018-02-10 03:00:00,0.0,0.0,0.0,0.004699946573089076,0.0,0.0,0.14080277192355214,0.02239041292550552,0.0,0.0,0.0,7.184216858698601e-07,0.0,0.001481958595502686,0.00023109052648772542,0.0,0.0,0.006340898674883793,0.0,0.0,0.0,0.0,0.0002940104669317888
2018-02-10 04:00:00,0.0,0.0,0.0,0.004585555641955515,0.0,0.0,0.1419731367040439,0.022114746780676906,0.0,0.0,0.0,7.053445874585915e-07,0.0,0.0014564528072672452,0.00021489428252302294,0.0,0.0,0.006225478222497339,0.0,0.0,0.0,0.0,0.0002979422317473559
2018-02-10 05:00:00,0.0,0.0,0.0,0.004179805923746666,0.0,0.0,0.13456537162509258,0.02041995083181101,0.0,0.0,0.0,6.47001853717411e-07,0.0001589693588505163,0.0013367122472311677,0.000254647620437426,0.0,0.0,0.005710536412770893,0.0,2.662092170249273e-07,0.0,0.0,0.0003653678180355714
2018-02-10 06:00:00,0.0,0.0,0.0,0.003911027642169909,0.0,0.0,0.13164351545820416,0.01914460224248188,0.0,0.0,0.0,6.053970400988727e-07,0.01471405259285411,0.0013304364087778821,0.0004979188184677441,0.0,0.0,0.005343326022645831,0.0,0.0001449709095080303,0.0,0.0,0.0002470870453141884
2018-02-10 07:00:00,0.0,0.0,0.0,0.003364103102558947,0.0,0.0,0.11674993149354843,0.016489028385168542,0.0,0.0,0.0,5.207373220575521e-07,0.08505847926475041,0.0011748119523038998,0.0006179890536789502,0.0,0.0,0.004596106521199033,0.0,0.0005327248019106411,0.0,0.0,0.0003099821449760808
2018-02-10 08:00:00,0.0,0.0,0.0,0.0032602830367610214,0.0,0.0,0.11432702722095447,0.01594870240225777,0.0,0.0,0.0,5.04666773268983e-07,0.09592935416896003,0.0011601562293711363,0.0007020582266510983,0.0,0.0,0.004454265422130995,0.0,0.001189911890061005,0.0,0.0,0.0004903053069051857
2018-02-10 09:00:00,0.0,0.0,0.0,0.0032489064775292086,0.0,0.0,0.11348550351479814,0.015903498498622333,0.0,0.0,0.0,5.029057692783214e-07,0.09895063372978562,0.0011501700598440883,0.0006609422004046362,0.0,0.0,0.004438722534032718,0.0,0.001891670097938206,0.0,0.0,0.0007555005645370791
2018-02-10 10:00:00,0.0,0.0,0.0,0.0032265994112172115,0.0,0.0,0.11059019666600946,0.015773550358724495,0.0,0.0,0.0,4.99452806744137e-07,0.09311224313094743,0.001120809005506508,0.0006931069344898872,0.0,0.0,0.004408246163416311,0.0,0.002539981165614908,0.0,0.0,0.0009810845022999672
2018-02-10 11:00:00,0.0,0.0,0.0,0.0033842728795128534,0.0,0.0,0.11616562660126663,0.016577004702716634,0.0,0.0,0.0,5.238594486146979e-07,0.07165199427229169,0.0011668470846030179,0.0005538120581784176,0.0,0.0,0.004623662883344553,0.0,0.0030472011851614255,0.0,0.0,0.0011775316650247329
2018-02-10 12:00:00,0.0,0.0,0.0,0.003719821782557145,0.0,0.0,0.12452713020343577,0.018184716704733667,0.0,0.0,0.0,5.757998416001926e-07,0.02100619592906571,0.0012772403968516516,0.00032871754154662126,0.0,0.0,0.005082096663299139,0.0,0.003273843190063404,0.0,0.0,0.0011801609582619162
2018-02-10 13:00:00,0.0,0.0,0.0,0.0037046225443900615,0.0,0.0,0.12267013243309331,0.01789594793631792,0.0,0.0,0.0,5.73447116270692e-07,0.01934795417573231,0.0012735649782787337,0.0003552679418375289,0.0,0.0,0.005061331152990062,0.0,0.002813261784766177,0.0,0.0,0.0009010418638218101
2018-02-10 14:00:00,0.0,0.0,0.0,0.003754691341825713,0.0,0.0,0.12541678644305934,0.018125740981222396,0.0,0.0,0.0,5.811973815569879e-07,0.01618221972683349,0.0012840159868049272,0.00036614915430022176,0.0,0.0,0.005129736168944401,0.0,0.002007111018906734,0.0,0.0,0.000744293492365233
2018-02-10 15:00:00,0.0,0.0,0.0,0.0037037581176633037,0.0,0.0,0.1304331892643068,0.017963244664991204,0.0,0.0,0.0,5.73313309652677e-07,0.027936141702801513,0.00127938990832086,0.00036350618484402744,0.0,0.0,0.005060150155501332,0.0,0.0009245414745713423,0.0,0.0,0.0006437428470183332
2018-02-10 16:00:00,0.0,0.0,0.0,0.0034889546641149777,0.0,0.0,0.12414506495172094,0.01708976194701071,0.0,0.0,0.0,5.400633848556682e-07,0.04813091618523574,0.0012482797769426369,0.0005362693086927678,0.0,0.0,0.00476668128028209,0.0,0.00024512467673220374,0.0,0.0,0.0007408713137173767
2018-02-10 17:00:00,0.0,0.0,0.0,0.0034635055719470587,0.0,0.0,0.12354284068200991,0.016942829506735924,0.0,0.0,0.0,5.361240608515265e-07,0.06540485090206749,0.0012670086799098249,0.0006116434591637553,0.0,0.0,0.004731912209624715,0.0,0.00010356630544287423,0.0,0.0,0.0006193445049029512
2018-02-10 18:00:00,0.0,0.0,0.0,0.0037110189096818628,0.0,0.0,0.13035667937285111,0.018165553261283125,0.0,0.0,0.0,5.74437224490152e-07,0.05861831611324948,0.0013454344196656488,0.00042295652809244715,0.0,0.0,0.005070069998183972,0.0,0.0,0.0,0.0,0.0006020947870467799
2018-02-10 19:00:00,0.0,0.0,0.0,0.003925715641595341,0.0,0.0,0.13085442712048342,0.01921650045759694,0.0,0.0,0.0,6.076706295977689e-07,0.031121261159349316,0.00134197470037577,0.0002710301310438749,0.0,0.0,0.005363393068121115,0.0,0.0,0.0,0.0,0.0006655307147529517
2018-02-10 20:00:00,0.0,0.0,0.0,0.004130508026415636,0.0,0.0,0.1332837179082238,0.020218965566101924,0.0,0.0,0.0,6.393709178463606e-07,0.011147420090586646,0.0013535303895606213,0.00021293617363304893,0.0,0.0,0.00564318461631965,0.0,0.0,0.0,0.0,0.0006461686292031747
2018-02-10 21:00:00,0.0,0.0,0.0,0.004191888521176125,0.0,0.0,0.12704130232952282,0.020519425001613443,0.0,0.0,0.0,6.488721469982947e-07,0.0,0.0013018185843342751,0.00023900863954723432,0.0,0.0,0.0057270439047072495,0.0,0.0,0.0,0.0,0.0006672613707223726
2018-02-10 22:00:00,0.0,0.0,0.0,0.004328174330833801,0.0,0.0,0.11125120835060114,0.021214388269726315,0.0,0.0,0.0,6.699681435810391e-07,0.0,0.0013594405557017081,6.263654530378516e-05,0.0,0.0,0.005913240367603426,0.0,0.0,0.0,0.0,0.0007796931803125822
2018-02-10 23:00:00,0.0,0.0,0.0,0.004302421074080305,0.0,0.0,0.0815687784018636,0.021046649185366025,0.0,0.0,0.0,6.659817372352065e-07,0.0,0.001344413378757535,0.00015883812109461924,0.0,0.0,0.005878055741063051,0.0,0.0,0.0,0.0,0.0007659574841148881
2018-02-11 00:00:00,0.0,0.0,0.0,0.004311346814598009,0.0,0.0,0.07055377250472737,0.03406896416702024,0.0,0.0,0.0,6.673633733126009e-07,0.0,0.0013312693380461286,0.00016920288543414302,0.0,0.0,0.0058902502704663694,0.0,0.0,0.0,0.0,0.0005529438049884449
2018-02-11 01:00:00,0.0,0.0,0.0,0.004199165937281413,0.0,0.0,0.07476521584928177,0.04144772856488644,0.0,0.0,0.0,6.499986351167128e-07,0.0,0.0012698811447451814,0.00016752000763409648,0.0,0.0,0.00573698645955747,0.0,0.0,0.0,0.0,0.0004033144796093616
2018-02-11 02:00:00,0.0,0.0,0.0,0.004224225053129758,0.0,0.0,0.08969629603334675,0.044520939866808475,0.0,0.0,0.0,6.538775937818235e-07,0.0,0.001262642731924557,0.00012063993374758259,0.0,0.0,0.0057712227365843095,0.0,0.0,0.0,0.0,0.0003563835584116968
2018-02-11 03:00:00,0.0,0.0,0.0,0.00410585017389534,0.0,0.0,0.10262810694908749,0.04987591945115594,0.0,0.0,0.0,6.355540716625021e-07,0.0,0.001226542532266347,0.000104627498589895,0.0,0.0,0.005609496553465367,0.0,0.0,0.0,0.0,0.00029402508186743596
2018-02-11 04:00:00,0.0,0.0,0.0,0.004065896864519102,0.0,0.0,0.10158988779820413,0.048658291269758853,0.0,0.0,0.0,6.293696062351217e-07,0.0,0.0012107278544846729,0.00012525296386531475,0.0,0.0,0.005554911524359709,0.0,0.0,0.0,0.0,0.00019486043897924278
2018-02-11 05:00:00,0.0,0.0,0.0,0.003950470555755814,0.0,0.0,0.09462355259965012,0.047149881890657074,0.0,0.0,0.0,6.115025001780385e-07,0.0,0.0011651547004002773,0.00015448024656278134,0.0,0.0,0.005397213738575039,0.0,4.4030524651615754e-07,0.0,0.0,0.0001663033943468993
2018-02-11 06:00:00,0.0,0.0,0.0,0.0037158182719765212,0.0,0.0,0.09164970946161756,0.04444485111448917,0.0,0.0,0.0,5.751801289115425e-07,0.0,0.0011488285191723542,0.0001251482501326755,0.0,0.0,0.005076626985192872,0.0,0.0001883207256288683,0.0,0.0,0.00014313214569538707
2018-02-11 07:00:00,0.0,0.0,0.0,0.003588646764293437,0.0,0.0,0.0896374515197743,0.04284296435261061,0.0,0.0,0.0,5.554949562714598e-07,0.0,0.0010961516212176286,0.00015841758903651637,0.0,0.0,0.004902882668222226,0.0,0.0007855561982981129,0.0,0.0,0.00014277878559369248
2018-02-11 08:00:00,0.0,0.0,0.0,0.003370243475386247,0.0,0.0,0.08847161487657972,0.04030059906241818,0.0,0.0,0.0,5.216878046096747e-07,0.0,0.0010317049658550115,0.00016446576425373536,0.0,0.0,0.0046044956242478315,0.0,0.001828136222728687,0.0,0.0,0.00010313345679741408
2018-02-11 09:00:00,0.0,0.0,0.0,0.0032673024647646622,0.0,0.0,0.08663407978578601,0.03904863627890748,0.0,0.0,0.0,5.05753326810761e-07,0.0,0.0010154288268633517,6.798286724895963e-05,0.0,0.0,0.004463855508355785,0.0,0.002926664261773068,0.0,0.0,6.565785083300019e-05
2018-02-11 10:00:00,0.0,0.0,0.0,0.003256380402379898,0.0,0.0,0.08882232337542736,0.038928576775230324,0.0,0.0,0.0,5.040626754412292e-07,0.0,0.0010055138471808647,0.00010571983809202034,0.0,0.0,0.004448933563153399,0.0,0.003898334430279722,0.0,0.0,5.782515336252498e-05
2018-02-11 11:00:00,0.0,0.0,0.0,0.003439958355575845,0.0,0.0,0.09014101794367259,0.04112316940943398,0.0,0.0,0.0,5.324791326132308e-07,0.0,0.0010555887947906854,6.092257447710741e-05,0.0,0.0,0.004699741520611796,0.0,0.004611271535089615,0.0,0.0,0.00012639467889605469
2018-02-11 12:00:00,0.0,0.0,0.0,0.0035370171409610037,0.0,0.0,0.09161055472754152,0.042317589642320845,0.0,0.0,0.0,5.475030871243696e-07,0.0,0.0010887472446681882,9.729121146429636e-05,0.0,0.0,0.004832345219977924,0.0,0.00445824216331484,0.0,0.0,0.00018510988221747624
2018-02-11 13:00:00,0.0,0.0,0.0,0.0034829126138062514,0.0,0.0,0.09149027501987055,0.04150224682755095,0.0,0.0,0.0,5.391281218742482e-07,0.0,0.0010734972369758772,0.0001326719766771207,0.0,0.0,0.004758426507470808,0.0,0.003458327463542824,0.0,0.0,0.0003936048495039704
2018-02-11 14:00:00,0.0,0.0,0.0,0.003437945441239161,0.0,0.0,0.0917943618771537,0.04084479143318805,0.0,0.0,0.0,5.321675489342351e-07,0.0,0.0010573274452927834,0.00019142849717195885,0.0,0.0,0.004696991435841084,0.0,0.0021174310598743576,0.0,0.0,0.0007676174495455833
2018-02-11 15:00:00,0.0,0.0,0.0,0.003508988612309716,0.0,0.0,0.10051321181023677,0.041553401077368275,0.0,0.0,0.0,5.431644861641365e-07,0.0,0.0010827132481572598,0.0001303982189585962,0.0,0.0,0.004794052070396448,0.0,0.0009053947912809003,0.0,0.0,0.00115553525099796
2018-02-11 16:00:00,0.0,0.0,0.0,0.003528535772526656,0.0,0.0,0.11044638640046973,0.04196645023974664,0.0,0.0,0.0,5.461902364324492e-07,0.0001825117169918482,0.0011139715929845148,0.00010319992491603836,0.0,0.0,0.0048207578008110895,0.0,0.00024158500230259347,0.0,0.0,0.00166845893235856
2018-02-11 17:00:00,0.0,0.0,0.0,0.003387988546807618,0.0,0.0,0.11347121869321466,0.0403166534932963,0.0,0.0,0.0,5.244346053734967e-07,0.00032471308737538565,0.0010880401372363629,0.00013749069902646663,0.0,0.0,0.004628739304061589,0.0,0.00010141606472239398,0.0,0.0,0.0020777528814259457
2018-02-11 18:00:00,0.0,0.0,0.0,0.0034934793380621155,0.0,0.0,0.11008333457640393,0.04154950842382576,0.0,0.0,0.0,5.407637696306248e-07,0.0,0.0010702752370146664,7.587084532454329e-05,0.0,0.0,0.0047728629824477925,0.0,0.0,0.0,0.0,0.002223764186091218
2018-02-11 19:00:00,0.0,0.0,0.0,0.003516804324740962,0.0,0.0,0.11093873266064037,0.04204780619104104,0.0,0.0,0.0,5.478416506386238e-07,0.0,0.0010875656078143032,6.418457223523226e-05,0.0,0.0,0.004835333432863368,0.0,0.0,0.0,0.0,0.0016238872247932947
2018-02-11 20:00:00,0.0,0.0,0.0,0.003584708822651392,0.0,0.0,0.11013863746184636,0.04332126217788771,0.0,0.0,0.0,5.619993084477013e-07,0.0,0.0010661962821776122,7.025241662445454e-05,0.0,0.0,0.004960291066251539,0.0,0.0,0.0,0.0,0.0009546639591009815
2018-02-11 21:00:00,0.0,0.0,0.0,0.0036573245506256844,0.0,0.0,0.11875665964970666,0.04416308555100596,0.0,0.0,0.0,5.733837725486917e-07,0.0,0.00107032156846573,8.13472240975499e-05,0.0,0.0,0.005060772071700071,0.0,0.0,0.0,0.0,0.0006718503070228291
2018-02-11 22:00:00,0.0,0.0,0.0,0.003835700906591973,0.0,0.0,0.11648183615505354,0.04631702353484396,0.0,0.0,0.0,6.01349053316553e-07,0.0,0.001107278849081513,5.1110201123783965e-05,0.0,0.0,0.005307597877840625,0.0,0.0,0.0,0.0,0.0005009707947017226
2018-02-11 23:00:00,0.0,0.0,0.0,0.004109640022831084,0.0,0.0,0.11238306802922826,0.049651676313955666,0.0,0.0,0.0,6.442963613127669e-07,0.0,0.0011558174983546214,5.855150801285704e-05,0.0,0.0,0.005686657326795441,0.0,0.0,0.0,0.0,0.00048148091593908
2018-02-12 00:00:00,0.0,0.0,0.0,0.004159932022226686,0.0,0.0,0.11075738808329436,0.05019153892269355,0.0,0.0,0.0,6.521809818716762e-07,0.0,0.0011679234786038685,5.329859359348585e-05,0.0,0.0,0.005756248182747144,0.0,0.0,0.0,0.0,0.0004957827884415351
2018-02-12 01:00:00,0.0,0.0,0.0,0.00428479888267555,0.0,0.0,0.11372320698240417,0.051219578676835055,0.0,0.0,0.0,6.653595254727532e-07,0.0,0.0011815879765400838,7.064476639427443e-05,0.0,0.0,0.005872564005752667,0.0,0.0,0.0,0.0,0.0006413300101702039
2018-02-12 02:00:00,0.0,0.0,0.0,0.004264081376978702,0.0,0.0,0.12044962157479902,0.05082433734187553,0.0,0.0,0.0,6.600470465944828e-07,0.0,0.0011606356428559997,6.714629671761751e-05,0.0,0.0,0.005825675262077305,0.0,0.0,0.0,0.0,0.0004881908348624384
2018-02-12 03:00:00,0.0,0.0,0.0,0.0040578817262213705,0.0,0.0,0.12149539033140386,0.048418810140644586,0.0,0.0,0.0,6.281289243874379e-07,0.0,0.0010980209512257467,7.835465014442837e-05,0.0,0.0,0.005543961078349154,0.0,0.0,0.0,0.0,0.00046870527433603374
2018-02-12 04:00:00,0.0,0.0,0.0,0.0036494869038711255,0.0,0.0,0.12846486260716092,0.044080329052694815,0.0,0.0,0.0,5.721550110860909e-07,0.0,0.0010116484971367625,0.00012015085485880894,0.0,0.0,0.005049926836814767,0.0,0.0,0.0,0.0,0.000611525044353267
2018-02-12 05:00:00,0.0,0.0,0.0,0.003472175289759071,0.0,0.0,0.1529862057358881,0.04209701791149002,0.0,0.0,0.0,5.44356657177665e-07,0.001273293055993831,0.0009964771497455785,0.00014698438383861637,0.0,0.0,0.004804574352433027,0.0,2.2397580263018234e-07,0.0,0.0,0.0006316156610134492
2018-02-12 06:00:00,0.0,0.0,0.0,0.0029442471389512993,0.0,0.0,0.17594228232130957,0.035629225912835065,0.0,0.0,0.0,4.615897518744348e-07,0.0698036266763857,0.0009075635168760934,0.0002882020965162467,0.0,0.0,0.00407406110306467,0.0,0.00012501571166062403,0.0,0.0,0.0005689488071934492
2018-02-12 07:00:00,0.0,0.0,0.0,0.0027734223724580915,0.0,0.0,0.1684236662681609,0.033562023701317695,0.0,0.0,0.0,4.348083854135698e-07,0.08554339760392313,0.0008534346379593835,0.00039968774991649834,0.0,0.0,0.003837684704017554,0.0,0.0004205988851263267,0.0,0.0,0.00047009823378504504
2018-02-12 08:00:00,0.0,0.0,0.0,0.0028288351402257815,0.0,0.0,0.1802583122062205,0.03423259037866317,0.0,0.0,0.0,4.4349582383753105e-07,0.059313252531572734,0.0008714102424158114,0.0003885366032448888,0.0,0.0,0.003914361352111677,0.0,0.0009822029805196361,0.0,0.0,0.00039088452378495874
2018-02-12 09:00:00,0.0,0.0,0.0,0.0028325629504801345,0.0,0.0,0.19287358606531213,0.03428692913981251,0.0,0.0,0.0,4.4408025813571805e-07,0.036565347531897566,0.0008605296872134622,0.0003826031947735771,0.0,0.0,0.003919519657797347,0.0,0.0015383632100543251,0.0,0.0,0.0002143133589276942
2018-02-12 10:00:00,0.0,0.0,0.0,0.002808794606218974,0.0,0.0,0.19038043321012274,0.03570101538510266,0.0,0.0,0.0,4.4035393231719893e-07,0.02717874579439447,0.0008504798555185413,0.0003947089187528136,0.0,0.0,0.0038866305414057326,0.0,0.0019338656912130526,0.0,0.0,0.00015315885467747238
2018-02-12 11:00:00,0.0,0.0,0.0,0.00283064980901505,0.0,0.0,0.19233602396370444,0.03709449566999221,0.0,0.0,0.0,4.43780321869334e-07,0.00594036359217262,0.0008586385570881355,0.00020785536508019544,0.0,0.0,0.003916872374855489,0.0,0.0021664734032402705,0.0,0.0,0.000117050585503955
2018-02-12 12:00:00,0.0,0.0,0.0,0.00280727913895375,0.0,0.0,0.1896911973050921,0.03662363321687865,0.0,0.0,0.0,4.401163421537666e-07,0.019927536240841898,0.000855255743791634,0.00021080067671976906,0.0,0.0,0.0038845335346169565,0.0,0.002088624122913558,0.0,0.0,0.0001066822333903746
2018-02-12 13:00:00,0.0,0.0,0.0,0.002787412995853112,0.0,0.0,0.1884545222107545,0.035599344345981124,0.0,0.0,0.0,4.314701228463716e-07,0.03265620600292634,0.0008556852217556644,0.00026781663254018303,0.0,0.0,0.0038082206926923217,0.0,0.001755424851544608,0.0,0.0,0.00014590713172944847
2018-02-12 14:00:00,0.0,0.0,0.0,0.002724197545853186,0.0,0.0,0.1674383361757917,0.034695615938866387,0.0,0.0,0.0,4.2168485671686896e-07,0.06664520981288931,0.0008436744909981039,0.00036413522049795217,0.0,0.0,0.003721854450895456,0.0,0.0011934365730782122,0.0,0.0,0.00016752688706135905
2018-02-12 15:00:00,0.0,0.0,0.0,0.0026470904664019535,0.0,0.0,0.1504643199242287,0.03575682037375615,0.0,0.0,0.0,4.09749273043892e-07,0.10322514110065124,0.0008321387352407475,0.00036636576318001745,0.0,0.0,0.0036165091805834826,0.0,0.000554055013175177,0.0,0.0,0.0002823622624544836
2018-02-12 16:00:00,0.0,0.0,0.0,0.0025750535979200094,0.0,0.0,0.14318246090439876,0.03873418948281286,0.0,0.0,0.0,3.985985190868669e-07,0.10878369221536477,0.0008422301357790059,0.0005124425195024363,0.0,0.0,0.003518090936283903,0.0,0.00016841115040548444,0.0,0.0,0.0005213972525568662
2018-02-12 17:00:00,0.0,0.0,0.0,0.0025876817257206495,0.0,0.0,0.14364794827457686,0.03884923876002271,0.0,0.0,0.0,4.0055325627922693e-07,0.11376953903565123,0.0008587752067788592,0.0005356962207807752,0.0,0.0,0.0035353437429802574,0.0,7.879874342102901e-05,0.0,0.0,0.001018997503973887
2018-02-12 18:00:00,0.0,0.0,0.0,0.0027310711320902357,0.0,0.0,0.1529581899038845,0.04115856569892402,0.0,0.0,0.0,4.2409089486720964e-07,0.10924306042650042,0.0008826561328271501,0.000431869452491962,0.0,0.0,0.0037430905082407213,0.0,0.0,0.0,0.0,0.0012930867894525818
2018-02-12 19:00:00,0.0,0.0,0.0,0.0028365799712994472,0.0,0.0,0.15404781850445334,0.042814058041285186,0.0,0.0,0.0,4.390807930152254e-07,0.08224124243346076,0.0008849212054168546,0.00030457722804003634,0.0,0.0,0.0038753936209847527,0.0,0.0,0.0,0.0,0.0016567038032093775
2018-02-12 20:00:00,0.0,0.0,0.0,0.0031770008588755797,0.0,0.0,0.16870196376151297,0.04795221729877778,0.0,0.0,0.0,4.917753317866464e-07,0.01658270423618293,0.0009633271343429366,0.00020191286438349048,0.0,0.0,0.004340483605935238,0.0,0.0,0.0,0.0,0.0019669543902574495
2018-02-12 21:00:00,0.0,0.0,0.0,0.003228798756437589,0.0,0.0,0.16246074288813134,0.048713264472990916,0.0,0.0,0.0,4.997932484920335e-07,0.015679101567286476,0.0009739998337398851,0.00015501462210781175,0.0,0.0,0.004411250953876525,0.0,0.0,0.0,0.0,0.002280769457124745
2018-02-12 22:00:00,0.0,0.0,0.0,0.003315836052779233,0.0,0.0,0.1602258869117077,0.0500477330642794,0.0,0.0,0.0,5.132659534699522e-07,0.0,0.0009727169395888484,7.221415336676443e-05,0.0,0.0,0.0045301630897736315,0.0,0.0,0.0,0.0,0.002933290108302896
2018-02-12 23:00:00,0.0,0.0,0.0,0.0034810542423345547,0.0,0.0,0.13981099432386018,0.05259744040640801,0.0,0.0,0.0,5.388404602437759e-07,0.0,0.0009594334666744084,8.011028063850365e-05,0.0,0.0,0.004755887562325703,0.0,0.0,0.0,0.0,0.0033347011176990534
2018-02-13 00:00:00,0.0,0.0,0.0,0.003525513003745651,0.0,0.0,0.1314560992241292,0.05320116641408687,0.0,0.0,0.0,5.457223350417271e-07,0.0,0.0009505562308262201,0.00010589445352804594,0.0,0.0,0.004816628032227039,0.0,0.0,0.0,0.0,0.003395468221427708
2018-02-13 01:00:00,0.0,0.0,0.0,0.0036735591274489167,0.0,0.0,0.13699775818289478,0.055447043725913484,0.0,0.0,0.0,5.686387379128513e-07,0.0,0.0009836105564846192,8.01535544857816e-05,0.0,0.0,0.005018891676903458,0.0,0.0,0.0,0.0,0.003471066777920405
2018-02-13 02:00:00,0.0,0.0,0.0,0.0037526577792779832,0.0,0.0,0.14148851138607907,0.05664092308227293,0.0,0.0,0.0,5.808826016935124e-07,0.0,0.0010054451132025753,6.66124717165784e-05,0.0,0.0,0.005126957874165096,0.0,0.0,0.0,0.0,0.003307943153427427
2018-02-13 03:00:00,0.0,0.0,0.0,0.0036790835232357604,0.0,0.0,0.14600320013099366,0.05550676341418837,0.0,0.0,0.0,5.69493871950164e-07,0.0,0.0009920116675724991,9.270987773532069e-05,0.0,0.0,0.005026439219510664,0.0,0.0,0.0,0.0,0.002651175139595504
2018-02-13 04:00:00,0.0,0.0,0.0,0.0034949856138551893,0.0,0.0,0.14336321049704287,0.05286414084583795,0.0,0.0,0.0,5.409969295543407e-07,0.009570512490311699,0.0009521417615300845,0.0002067717479941935,0.0,0.0,0.0047749208872694395,0.0,0.0,0.0,0.0,0.0023238016480092833
2018-02-13 05:00:00,0.0,0.0,0.0,0.003025332111112015,0.0,0.0,0.12997396777859568,0.04588678997771842,0.0,0.0,0.0,4.6829817453479397e-07,0.06751813968330599,0.0008821294973200903,0.00036593220923637,0.0,0.0,0.004133270658113287,0.0,3.37192641275507e-07,0.0,0.0,0.0020103195523479694
2018-02-13 06:00:00,0.0,0.0,0.0,0.002663787606898401,0.0,0.0,0.12179738353480232,0.0403687875243753,0.0,0.0,0.0,4.123338621492392e-07,0.10668461246920881,0.000844260849855942,0.0005433641467951616,0.0,0.0,0.003639321155716683,0.0,0.00012658381617072656,0.0,0.0,0.001877840835994766
2018-02-13 07:00:00,0.0,0.0,0.0,0.002501442584401738,0.0,0.0,0.11848790706142442,0.03259873948271071,0.0,0.0,0.0,3.8720409956854436e-07,0.10119494762385824,0.0008024215179405727,0.0006022939421871557,0.0,0.0,0.0034175220628132746,0.0,0.00046653498659608115,0.0,0.0,0.001790562413480181
2018-02-13 08:00:00,0.0,0.0,0.0,0.0024558873144361385,0.0,0.0,0.11362014796667437,0.029406428159132976,0.0,0.0,0.0,3.801524936681633e-07,0.09499566603158269,0.0007891613396007344,0.0006195593196454174,0.0,0.0,0.003355283520479478,0.0,0.0010599976712617084,0.0,0.0,0.0015241073729417131
2018-02-13 09:00:00,0.0,0.0,0.0,0.002482192253268571,0.0,0.0,0.11617519550579246,0.02976131549941823,0.0,0.0,0.0,3.842242961625841e-07,0.07978690812581625,0.0007852049252995554,0.0005605312624670888,0.0,0.0,0.003391221866368912,0.0,0.0015965238532733134,0.0,0.0,0.0013642245410792175
2018-02-13 10:00:00,0.0,0.0,0.0,0.0027144467288717964,0.0,0.0,0.12667106445800597,0.03251298446836662,0.0,0.0,0.0,4.188500303603297e-07,0.02248835203226275,0.0008459664167418346,0.00036908094597384573,0.0,0.0,0.00369683384386027,0.0,0.0022982735179343716,0.0,0.0,0.0012227889417641994
2018-02-13 11:00:00,0.0,0.0,0.0,0.0027460121040570494,0.0,0.0,0.13319351745970953,0.03393131102179387,0.0,0.0,0.0,4.250615827786557e-07,0.005957160321621895,0.0008557443843293234,0.00023421460968930442,0.0,0.0,0.0037516579468529925,0.0,0.0026384613514619758,0.0,0.0,0.001156156121161237
2018-02-13 12:00:00,0.0,0.0,0.0,0.002818951087221553,0.0,0.0,0.1342854800557942,0.036196717750807385,0.0,0.0,0.0,4.3089757744529155e-07,0.004044318155696558,0.0008600116111889885,0.00020576544203781884,0.0,0.0,0.003803167320214259,0.0,0.0025254061136650743,0.0,0.0,0.0010337486028408117
2018-02-13 13:00:00,0.0,0.0,0.0,0.0028241251348346077,0.0,0.0,0.13434741831879685,0.03865797750487382,0.0,0.0,0.0,4.316884689907882e-07,0.015540866916741586,0.0008529700964792764,0.00027258080968459045,0.0,0.0,0.0038101478488528732,0.0,0.002074783033160842,0.0,0.0,0.000954961300074824
2018-02-13 14:00:00,0.0,0.0,0.0,0.0027779281426921665,0.0,0.0,0.13032933733492164,0.03922549155523078,0.0,0.0,0.0,4.246269161707791e-07,0.06575805063213568,0.0008559752617403005,0.0004358022458215613,0.0,0.0,0.0037478215134990026,0.0,0.0014265093889519178,0.0,0.0,0.0008433651374417188
2018-02-13 15:00:00,0.0,0.0,0.0,0.0027940078645917565,0.0,0.0,0.12499882549106088,0.03968303632403355,0.0,0.0,0.0,4.2842364479132195e-07,0.09346632720543267,0.0009106432511970045,0.0005565560457583316,0.0,0.0,0.0037813320156906845,0.0,0.0006952731375996954,0.0,0.0,0.0009038906983782813
2018-02-13 16:00:00,0.0,0.0,0.0,0.0028081813557538794,0.0,0.0,0.11446934202635925,0.040678448048799616,0.0,0.0,0.0,4.346849054462349e-07,0.10129600949602102,0.0009518784796245071,0.0007728891552917645,0.0,0.0,0.003836594851112709,0.0,0.0002088759776122164,0.0,0.0,0.0010216622993965184
2018-02-13 17:00:00,0.0,0.0,0.0,0.0028057039206877154,0.0,0.0,0.10524443505064539,0.04072377031251975,0.0,0.0,0.0,4.343014175260983e-07,0.11839525230391718,0.0009525469216377478,0.0008812408277936907,0.0,0.0,0.003833210128612741,0.0,8.684505626769661e-05,0.0,0.0,0.0010436373745914128
2018-02-13 18:00:00,0.0,0.0,0.0,0.0030272595541095747,0.0,0.0,0.11232389556675015,0.04395904325354524,0.0,0.0,0.0,4.685965279069615e-07,0.1089129994731472,0.0010158458464300747,0.0007404799826896841,0.0,0.0,0.004135903970190905,0.0,0.0,0.0,0.0,0.0010314061674894957
2018-02-13 19:00:00,0.0,0.0,0.0,0.003128431273960769,0.0,0.0,0.11454964742836615,0.04522693254406371,0.0,0.0,0.0,4.842571330837746e-07,0.0948006800019678,0.0009836211487712176,0.0006037599842488014,0.0,0.0,0.004274126844815436,0.0,0.0,0.0,0.0,0.0010658359578771175
2018-02-13 20:00:00,0.0,0.0,0.0,0.0035734283924554002,0.0,0.0,0.12571130808480505,0.051660142321748544,0.0,0.0,0.0,5.531392691966531e-07,0.035064051477279645,0.0010750795030138654,0.00035592251676386634,0.0,0.0,0.004882091017100229,0.0,0.0,0.0,0.0,0.0011452317279984027
2018-02-13 21:00:00,0.0,0.0,0.0,0.003787176305503872,0.0,0.0,0.13174207190922704,0.054701521079441706,0.0,0.0,0.0,5.862258044314338e-07,0.004995189180226547,0.0011371470440597478,0.0003586621706020464,0.0,0.0,0.005174117791281877,0.0,0.0,0.0,0.0,0.0010249104228420448
2018-02-13 22:00:00,0.0,0.0,0.0,0.003956618970309008,0.0,0.0,0.13158361155712048,0.057044761296668606,0.0,0.0,0.0,6.105221952640704e-07,0.0,0.0011734107168682396,0.0003392797886381464,0.0,0.0,0.005388561418841072,0.0,0.0,0.0,0.0,0.0009675739635009467
2018-02-13 23:00:00,0.0,0.0,0.0,0.004207735690605608,0.0,0.0,0.12538287121899233,0.05372888473029396,0.0,0.0,0.0,6.596754897660013e-07,0.0,0.0012055706013029638,0.0003341623830580088,0.0,0.0,0.0058223958452004185,0.0,0.0,0.0,0.0,0.0009195359222487409
2018-02-14 00:00:00,0.0,0.0,0.0,0.004306887686925783,0.0,0.0,0.12447492686770337,0.051910485651640005,0.0,0.0,0.0,6.730629729483436e-07,0.0,0.0012091755806073684,0.00033803962810117426,0.0,0.0,0.005940555800614573,0.0,0.0,0.0,0.0,0.0008250915534080507
2018-02-14 01:00:00,0.0,0.0,0.0,0.00430509700303286,0.0,0.0,0.12471166036918165,0.05209728207543114,0.0,0.0,0.0,6.749394883111342e-07,0.0,0.0012108473930095777,0.0003446303156557149,0.0,0.0,0.005957118209588782,0.0,0.0,0.0,0.0,0.0007392792764407912
2018-02-14 02:00:00,0.0,0.0,0.0,0.004444528917908031,0.0,0.0,0.13015242051732284,0.05375563275428292,0.0,0.0,0.0,6.967991828113492e-07,0.0007053630638778939,0.0012296771695750074,0.0003367496896028741,0.0,0.0,0.006150055186041476,0.0,0.0,0.0,0.0,0.0008779697337000701
2018-02-14 03:00:00,0.0,0.0,0.0,0.00442651253093021,0.0,0.0,0.13425772798034633,0.05355214825797804,0.0,0.0,0.0,6.939746306585267e-07,0.0,0.001237646190746861,0.0002601590317384009,0.0,0.0,0.0061251252606853305,0.0,0.0,0.0,0.0,0.0009656663687673111
2018-02-14 04:00:00,0.0,0.0,0.0,0.004213918151331633,0.0,0.0,0.12943759834994234,0.05096644453968593,0.0,0.0,0.0,6.606447563994793e-07,0.013732393925297586,0.0011679958142156944,0.0003096018788605796,0.0,0.0,0.005830950739397951,0.0,0.0,0.0,0.0,0.0011147896464275982
2018-02-14 05:00:00,0.0,0.0,0.0,0.003479797936929245,0.0,0.0,0.12051633141200259,0.04214409231260063,0.0,0.0,0.0,5.455517116856097e-07,0.10403873983118671,0.001005532512339515,0.0005529900222776919,0.0,0.0,0.004815122084628312,0.0,3.647596958742466e-07,0.0,0.0,0.0011625017333803294
2018-02-14 06:00:00,0.0,0.0,0.0,0.003121059953410242,0.0,0.0,0.11942360603888551,0.04051387129270085,0.0,0.0,0.0,4.893099055512739e-07,0.12723568047777614,0.000996730522793612,0.0005630975247877095,0.0,0.0,0.004318723380351333,0.0,0.00013901615636667061,0.0,0.0,0.0012555377118852642
2018-02-14 07:00:00,0.0,0.0,0.0,0.002908170079312984,0.0,0.0,0.11190242639168375,0.0380251092528765,0.0,0.0,0.0,4.559337045995648e-07,0.12237460062805279,0.0009468323201137532,0.0005241516840291396,0.0,0.0,0.004024139972653804,0.0,0.0005087318908224586,0.0,0.0,0.0013086630415526939
2018-02-14 08:00:00,0.0,0.0,0.0,0.0027409655563291084,0.0,0.0,0.10546862392646486,0.035847793966387737,0.0,0.0,0.0,4.29719908462906e-07,0.10978081784286567,0.0008893352354381514,0.0005589704474502103,0.0,0.0,0.0037927730353023007,0.0,0.001112213611174713,0.0,0.0,0.0013246111831111402
2018-02-14 09:00:00,0.0,0.0,0.0,0.002720687449446478,0.0,0.0,0.10576086664824547,0.03572438532462578,0.0,0.0,0.0,4.2654077101869994e-07,0.10009822938540605,0.0008603517604735276,0.0003696669659982658,0.0,0.0,0.0037647134864276987,0.0,0.001764437167766824,0.0,0.0,0.0014675197853806143
2018-02-14 10:00:00,0.0,0.0,0.0,0.0027593761605158983,0.0,0.0,0.10589422187400649,0.03399427266494921,0.0,0.0,0.0,4.3260626474258495e-07,0.06739764839993606,0.0008449433723489762,0.0002940334035036815,0.0,0.0,0.003818248453248376,0.0,0.0022916546666884767,0.0,0.0,0.0017524937318101094
2018-02-14 11:00:00,0.0,0.0,0.0,0.0029597635692294195,0.0,0.0,0.11497860076449029,0.035797711389824856,0.0,0.0,0.0,4.6402236872486857e-07,0.004989122112992574,0.0009018319878318235,0.0002094485320125367,0.0,0.0,0.004095531748044908,0.0,0.002708565751700547,0.0,0.0,0.0019914477427033805
2018-02-14 12:00:00,0.0,0.0,0.0,0.0029357513901257324,0.0,0.0,0.10708465240773421,0.03544991372899267,0.0,0.0,0.0,4.602578152511465e-07,0.00812410275396255,0.0009189702476326925,0.00018397729509023018,0.0,0.0,0.004062305228575146,0.0,0.002609043119033295,0.0,0.0,0.002093616720726612
2018-02-14 13:00:00,0.0,0.0,0.0,0.0029957385582720154,0.0,0.0,0.10461644385174011,0.03602143254666173,0.0,0.0,0.0,4.6667093335265325e-07,0.010466327112930308,0.0009308836301520996,0.00023517440655511625,0.0,0.0,0.0041189083808345055,0.0,0.002221458710385001,0.0,0.0,0.002279130524842835
2018-02-14 14:00:00,0.0,0.0,0.0,0.0029052903228876294,0.0,0.0,0.10021122806933776,0.03484170988459198,0.0,0.0,0.0,4.5114429954062066e-07,0.048821387313893884,0.0009324211623696419,0.0003357156930622623,0.0,0.0,0.003981867957778627,0.0,0.0014472603002646679,0.0,0.0,0.0022919614847209924
2018-02-14 15:00:00,0.0,0.0,0.0,0.002877883139327401,0.0,0.0,0.10024549026667043,0.03436678518058061,0.0,0.0,0.0,4.454742061942119e-07,0.07476125644560655,0.0009448355600164347,0.0004429853692080039,0.0,0.0,0.003931822854611706,0.0,0.0006681170963299139,0.0,0.0,0.002447571198222485
2018-02-14 16:00:00,0.0,0.0,0.0,0.0027650960687336168,0.0,0.0,0.09592932591843331,0.03307327595080554,0.0,0.0,0.0,4.28015633934923e-07,0.10335107175995197,0.0008995199390866651,0.0006542470083590779,0.0,0.0,0.0037777308500388626,0.0,0.0001923531244769919,0.0,0.0,0.002347106194216659
2018-02-14 17:00:00,0.0,0.0,0.0,0.0027844211264230153,0.0,0.0,0.09818932130805494,0.03340116683857338,0.0,0.0,0.0,4.3237528064241016e-07,0.10408082765334008,0.000914200262608176,0.0005023827924431524,0.0,0.0,0.0038162097525750458,0.0,8.514787608765128e-05,0.0,0.0,0.002499939230233861
2018-02-14 18:00:00,0.0,0.0,0.0,0.0030714341172280546,0.0,0.0,0.10526002660417139,0.036717626342177304,0.0,0.0,0.0,4.7543441099201966e-07,0.05074442388039213,0.0009843573406870996,0.000385744728163798,0.0,0.0,0.004196256162567389,0.0,0.0,0.0,0.0,0.002617585958736591
2018-02-14 19:00:00,0.0,0.0,0.0,0.0032800434678414347,0.0,0.0,0.10966440181420747,0.039148162205541646,0.0,0.0,0.0,5.077255362289202e-07,0.006801312996196657,0.0009971722774990714,0.0003383187232270671,0.0,0.0,0.004481262527564923,0.0,0.0,0.0,0.0,0.0025585429351701184
2018-02-14 20:00:00,0.0,0.0,0.0,0.00342989714680506,0.0,0.0,0.1084068617211756,0.04100289214152053,0.0,0.0,0.0,5.309217347712992e-07,0.0,0.001017700728847797,0.00015293701506555312,0.0,0.0,0.004685995691238323,0.0,0.0,0.0,0.0,0.0028830403314849054
2018-02-14 21:00:00,0.0,0.0,0.0,0.003603553714271602,0.0,0.0,0.09514319356067943,0.04307887902996993,0.0,0.0,0.0,5.578024376342546e-07,0.0,0.0010328583155021164,0.00011925202611530267,0.0,0.0,0.004923248848424525,0.0,0.0,0.0,0.0,0.003017088158208165
2018-02-14 22:00:00,0.0,0.0,0.0,0.00368247792235542,0.0,0.0,0.07949724884212762,0.043963165148078194,0.0,0.0,0.0,5.70019298862978e-07,0.0,0.001041177641961722,9.465877552321441e-05,0.0,0.0,0.005031076717070577,0.0,0.0,0.0,0.0,0.0028730794819457877
2018-02-14 23:00:00,0.0,0.0,0.0,0.003633634796122683,0.0,0.0,0.07024001914959287,0.043181381936343306,0.0,0.0,0.0,5.624587580650437e-07,0.0,0.0009815150009491907,0.00013569212875113752,0.0,0.0,0.00496434623820289,0.0,0.0,0.0,0.0,0.0026825501358327133
2018-02-15 00:00:00,0.0,0.0,0.0,0.003687005914107154,0.0,0.0,0.07326642746129577,0.04378006070655308,0.0,0.0,0.0,5.707201972086035e-07,0.0,0.0009962288525540636,0.0001638043264658298,0.0,0.0,0.0050372629520888355,0.0,0.0,0.0,0.0,0.0023573120317854942
2018-02-15 01:00:00,0.0,0.0,0.0,0.003625909614047684,0.0,0.0,0.08147257322925426,0.043194531037059586,0.0,0.0,0.0,5.612629592136108e-07,0.0,0.0009656382957815789,0.00018743680205814464,0.0,0.0,0.004953791936319175,0.0,0.0,0.0,0.0,0.0021475443210747683
2018-02-15 02:00:00,0.0,0.0,0.0,0.003691053823471817,0.0,0.0,0.09771202353305132,0.043887481720790884,0.0,0.0,0.0,5.713467824880149e-07,0.0,0.0009655269370413686,0.00011049319806680509,0.0,0.0,0.005042793288722692,0.0,0.0,0.0,0.0,0.0019982044465011585
2018-02-15 03:00:00,0.0,0.0,0.0,0.003600645029633267,0.0,0.0,0.10489046708234738,0.042777757173280646,0.0,0.0,0.0,5.573521955925872e-07,0.0,0.0009514581856159834,0.00015195093518639824,0.0,0.0,0.004919274943931469,0.0,0.0,0.0,0.0,0.0016341542879483618
2018-02-15 04:00:00,0.0,0.0,0.0,0.0034005443426408486,0.0,0.0,0.11393463670901045,0.040616473973169406,0.0,0.0,0.0,5.280491878666072e-07,0.0,0.0008894695167429987,0.00019588506958012226,0.0,0.0,0.004660642156928664,0.0,0.0,0.0,0.0,0.0012919187584347147
2018-02-15 05:00:00,0.0,0.0,0.0,0.003259762995640168,0.0,0.0,0.13849352096088127,0.03947923273001588,0.0,0.0,0.0,5.110553297040661e-07,0.0,0.0009018411304163129,0.0002764528409090868,0.0,0.0,0.004510651789400227,0.0,3.6797943240335147e-07,0.0,0.0,0.0011529322405153897
2018-02-15 06:00:00,0.0,0.0,0.0,0.003048715104698824,0.0,0.0,0.15096760081021457,0.036744460362459104,0.0,0.0,0.0,4.779679090441493e-07,0.01754515600121834,0.0009194741139332362,0.0004308614463968594,0.0,0.0,0.0042186172003221434,0.0,0.00016979143500049242,0.0,0.0,0.0009097058011696755
2018-02-15 07:00:00,0.0,0.0,0.0,0.0028802889097463286,0.0,0.0,0.14887794869862817,0.03506165978589362,0.0,0.0,0.0,4.51562583041194e-07,0.045076614979643034,0.0008814581688315304,0.0005044242425092626,0.0,0.0,0.003985559791344731,0.0,0.0006682836974251349,0.0,0.0,0.0005784633624447494
2018-02-15 08:00:00,0.0,0.0,0.0,0.002977119759879209,0.0,0.0,0.15614218299170118,0.03638584425030219,0.0,0.0,0.0,4.66743417386013e-07,0.022023067109908676,0.0009172912771714779,0.00048775450041477756,0.0,0.0,0.004119548135897752,0.0,0.0015994441079781238,0.0,0.0,0.0002857582185927817
2018-02-15 09:00:00,0.0,0.0,0.0,0.0030688094363705305,0.0,0.0,0.15612470779031978,0.03799893886242774,0.0,0.0,0.0,4.7502813055431163e-07,0.01480881859466914,0.0009231392304024495,0.0003782099254171655,0.0,0.0,0.004192670269853174,0.0,0.0026102666382731184,0.0,0.0,0.00012580397629922084
2018-02-15 10:00:00,0.0,0.0,0.0,0.0030311579065230806,0.0,0.0,0.15259290365119982,0.0363141310790801,0.0,0.0,0.0,4.6919996291901615e-07,0.027986140693036465,0.0008953970004623823,0.0004195832958594845,0.0,0.0,0.004141229979056692,0.0,0.0033955771305134216,0.0,0.0,7.902420840296568e-05
2018-02-15 11:00:00,0.0,0.0,0.0,0.0029280683420607415,0.0,0.0,0.15077624116962818,0.035557433429740375,0.0,0.0,0.0,4.5905329128199987e-07,0.04917197553152173,0.0008628019676612656,0.00037455473951404113,0.0,0.0,0.004051673917480215,0.0,0.003756187031910078,0.0,0.0,2.825330201014146e-05
2018-02-15 12:00:00,0.0,0.0,0.0,0.002927930196814925,0.0,0.0,0.151709665430931,0.03506801651532781,0.0,0.0,0.0,4.5322110630351284e-07,0.04992808330658276,0.0008532567911522358,0.00047771253400812226,0.0,0.0,0.004000198169003902,0.0,0.0035554604055835198,0.0,0.0,1.4495718623742823e-05
2018-02-15 13:00:00,0.0,0.0,0.0,0.002780610271437245,0.0,0.0,0.14712311111171503,0.033409281453909125,0.0,0.0,0.0,4.3178351689003667e-07,0.08484644324427949,0.0008021011456091915,0.0006754197901007629,0.0,0.0,0.0038109867560159627,0.0,0.0027036144676329528,0.0,0.0,1.959638164248579e-05
2018-02-15 14:00:00,0.0,0.0,0.0,0.0027754885467846475,0.0,0.0,0.1516294758431366,0.033200346585617616,0.0,0.0,0.0,4.3374211460256813e-07,0.0925676663367898,0.0008518689358781752,0.0006661196040685614,0.0,0.0,0.0038282736362484047,0.0,0.0017494320392859987,0.0,0.0,3.044809864691027e-05
2018-02-15 15:00:00,0.0,0.0,0.0,0.0027116824783179894,0.0,0.0,0.16143536741933578,0.03368936488935275,0.0,0.0,0.0,4.251290001337612e-07,0.08917101826651667,0.0008966644291138877,0.0004229761998631949,0.0,0.0,0.003752252982646122,0.0,0.0007844484775606734,0.0,0.0,8.714746658233387e-05
2018-02-15 16:00:00,0.0,0.0,0.0,0.0025947967126954503,0.0,0.0,0.1691040942142111,0.0330739816035592,0.0,0.0,0.0,4.0680401958522664e-07,0.08665471015770843,0.0008784985498551599,0.0006267707675382342,0.0,0.0,0.0035905139272099217,0.0,0.00021123319076305963,0.0,0.0,0.00024427968173482666
2018-02-15 17:00:00,0.0,0.0,0.0,0.002566913164264268,0.0,0.0,0.1577902538017085,0.032367388640393534,0.0,0.0,0.0,4.024325250760013e-07,0.08942948945984186,0.0008988258538014768,0.000775320644449742,0.0,0.0,0.0035519304541800855,0.0,7.925123454768316e-05,0.0,0.0,0.0005509549577242002
2018-02-15 18:00:00,0.0,0.0,0.0,0.0027347186420960644,0.0,0.0,0.15410694478942225,0.033066934877388106,0.0,0.0,0.0,4.2874053701250576e-07,0.09265058686159805,0.0009346552737560373,0.00066864153491554,0.0,0.0,0.0037841289544592468,0.0,0.0,0.0,0.0,0.0010415012015468456
2018-02-15 19:00:00,0.0,0.0,0.0,0.002808287974649566,0.0,0.0,0.14848855478528547,0.03396564626349335,0.0,0.0,0.0,4.4027450422255266e-07,0.06927599267854775,0.0009327751462746951,0.00046878700754650007,0.0,0.0,0.0038859294970052124,0.0,0.0,0.0,0.0,0.0014860037379227885
2018-02-15 20:00:00,0.0,0.0,0.0,0.0032564944179745313,0.0,0.0,0.1607494220907346,0.0394078247599921,0.0,0.0,0.0,5.105428924382866e-07,0.004932347367992131,0.0010328461234718439,0.00024179552571096282,0.0,0.0,0.004506128940433594,0.0,0.0,0.0,0.0,0.0017879995082486645
2018-02-15 21:00:00,0.0,0.0,0.0,0.0033486682458069425,0.0,0.0,0.15194025369556322,0.0405123394801622,0.0,0.0,0.0,5.24993613560031e-07,0.0,0.0010076136042985297,0.0001661944139630668,0.0,0.0,0.004633673195032535,0.0,0.0,0.0,0.0,0.0021486500271301287
2018-02-15 22:00:00,0.0,0.0,0.0,0.003548037239072452,0.0,0.0,0.13776146704017206,0.042982101730515435,0.0,0.0,0.0,5.562500535902865e-07,0.0,0.0010530193636059666,0.00017812564166733318,0.0,0.0,0.004909547271591707,0.0,0.0,0.0,0.0,0.002324228023032951
2018-02-15 23:00:00,0.0,0.0,0.0,0.00370823642152916,0.0,0.0,0.1259647166012748,0.04482617515018533,0.0,0.0,0.0,5.813655746015485e-07,0.0,0.00102793403612122,0.0002062370497869136,0.0,0.0,0.005131220666245018,0.0,0.0,0.0,0.0,0.00220747860416267
2018-02-16 00:00:00,0.0,0.0,0.0,0.0037820826941408463,0.0,0.0,0.12336676788990897,0.04579276873819153,0.0,0.0,0.0,5.929429595977758e-07,0.0,0.001042999231886473,0.00015490875938094982,0.0,0.0,0.0052334044207516936,0.0,0.0,0.0,0.0,0.00210600916659598
2018-02-16 01:00:00,0.0,0.0,0.0,0.0037709193260208654,0.0,0.0,0.11740943598386394,0.04507966034586071,0.0,0.0,0.0,5.83709348870281e-07,0.0,0.0010148481309287735,0.00015135158443052365,0.0,0.0,0.005151907173135241,0.0,0.0,0.0,0.0,0.0021088487432722497
2018-02-16 02:00:00,0.0,0.0,0.0,0.0039018604654803154,0.0,0.0,0.12055236463705145,0.04660735372960225,0.0,0.0,0.0,6.039780315564364e-07,0.0,0.0010446867547577034,0.00014799884170472918,0.0,0.0,0.005330801638202329,0.0,0.0,0.0,0.0,0.002036552981746942
2018-02-16 03:00:00,0.0,0.0,0.0,0.0038392374672985854,0.0,0.0,0.12647010302302347,0.04593341485374384,0.0,0.0,0.0,5.942844724180249e-07,0.0,0.0010286423055241374,0.00017282109629355676,0.0,0.0,0.0052452448162068465,0.0,0.0,0.0,0.0,0.0017370026469165061
2018-02-16 04:00:00,0.0,0.0,0.0,0.0035636326399164026,0.0,0.0,0.13670831392326205,0.0427138869097354,0.0,0.0,0.0,5.533741459467083e-07,0.0008592980889469978,0.0009755107487130586,0.00022112600766524025,0.0,0.0,0.0048841640748913265,0.0,0.0,0.0,0.0,0.0012652766057024152
2018-02-16 05:00:00,0.0,0.0,0.0,0.0029209974493087107,0.0,0.0,0.1274516133106919,0.035376417935683226,0.0,0.0,0.0,4.5794473908617313e-07,0.06574636370431715,0.0008493477195949566,0.0005785590443000461,0.0,0.0,0.004041889667800939,0.0,1.8842157828818316e-07,0.0,0.0,0.0009011089222379057
2018-02-16 06:00:00,0.0,0.0,0.0,0.00279512609882271,0.0,0.0,0.13017532973329723,0.03374382733063551,0.0,0.0,0.0,4.368109917400634e-07,0.09962349037458339,0.0009090165552770104,0.0006833982508553595,0.0,0.0,0.0038553600109462443,0.0,0.00011176716347475336,0.0,0.0,0.0004727618999754987
2018-02-16 07:00:00,0.0,0.0,0.0,0.0026420772012775238,0.0,0.0,0.12432698246354487,0.03177748109354568,0.0,0.0,0.0,4.115781833182228e-07,0.11024690882385435,0.0009049237789109112,0.0008181268799164999,0.0,0.0,0.0036326514198324884,0.0,0.00040636219671521374,0.0,0.0,0.00030444982352629174
2018-02-16 08:00:00,0.0,0.0,0.0,0.002666703445217702,0.0,0.0,0.13541858740253768,0.03207651242070255,0.0,0.0,0.0,4.127852115257761e-07,0.09708110646112382,0.0009081510637398332,0.0007524638687207366,0.0,0.0,0.003643304833715109,0.0,0.0009434649916195638,0.0,0.0,0.00027726236235526755
2018-02-16 09:00:00,0.0,0.0,0.0,0.002617686848057955,0.0,0.0,0.14461058956515876,0.03380212933238348,0.0,0.0,0.0,4.0519781876069565e-07,0.08722452251071856,0.0008808343906279204,0.0007091744426682365,0.0,0.0,0.0035763373553160285,0.0,0.001489215959173029,0.0,0.0,0.00015991775266596239
2018-02-16 10:00:00,0.0,0.0,0.0,0.0027397695356683447,0.0,0.0,0.15779574640089333,0.03543145038269476,0.0,0.0,0.0,4.2409528113854767e-07,0.05286735354655954,0.000909653709550231,0.0005611921072112782,0.0,0.0,0.0037431292221362824,0.0,0.002002299189896454,0.0,0.0,0.00013518885912624254
2018-02-16 11:00:00,0.0,0.0,0.0,0.002818881765030434,0.0,0.0,0.16111172685477465,0.036586383797803865,0.0,0.0,0.0,4.391204902260631e-07,0.022428711190437562,0.0009197700085483334,0.00039239755646982373,0.0,0.0,0.00387574399458364,0.0,0.0022651166709601305,0.0,0.0,0.00014785158055345525
2018-02-16 12:00:00,0.0,0.0,0.0,0.002929592367381839,0.0,0.0,0.1668014783116467,0.03847046014200837,0.0,0.0,0.0,4.534783975408591e-07,0.0063375891186042985,0.0009364971660000386,0.0003353772405213978,0.0,0.0,0.004002469060456701,0.0,0.00228565282558179,0.0,0.0,0.00017249054199411753
2018-02-16 13:00:00,0.0,0.0,0.0,0.0029521721898388364,0.0,0.0,0.14966226990360346,0.041966695386944544,0.0,0.0,0.0,4.569735806313678e-07,0.003139324192461481,0.0009477618993540523,0.00040357082840605216,0.0,0.0,0.004033318076101669,0.0,0.001985770918835249,0.0,0.0,0.0002377759394090975
2018-02-16 14:00:00,0.0,0.0,0.0,0.002933887125460812,0.0,0.0,0.1509392111803645,0.037856909547548855,0.0,0.0,0.0,4.541431931053078e-07,0.012475056189433242,0.0009610141871846054,0.00042648702094350255,0.0,0.0,0.004008336646856989,0.0,0.0014301366814377285,0.0,0.0,0.0002595519308270143
2018-02-16 15:00:00,0.0,0.0,0.0,0.0028992707571388796,0.0,0.0,0.13382269269538777,0.03461286714885786,0.0,0.0,0.0,4.487848451624017e-07,0.054317589443379215,0.0009629616646699103,0.0005806595633998902,0.0,0.0,0.003961043055865787,0.0,0.0007667012880372194,0.0,0.0,0.00016641769469854674
2018-02-16 16:00:00,0.0,0.0,0.0,0.002712318947975137,0.0,0.0,0.10521996004981983,0.029066085402396726,0.0,0.0,0.0,4.198461409997114e-07,0.11133924107575771,0.0009564177546188646,0.0007887766842003056,0.0,0.0,0.003705625667322066,0.0,0.00023644594521469393,0.0,0.0,0.00013931772938658457
2018-02-16 17:00:00,0.0,0.0,0.0,0.0028897718998585693,0.0,0.0,0.10180685985650376,0.026209183439196725,0.0,0.0,0.0,4.4731449501201744e-07,0.12492779663477546,0.001082835981191209,0.0008390955005769999,0.0,0.0,0.003948065522609815,0.0,9.055150103524923e-05,0.0,0.0,0.00011598597242153164
2018-02-16 18:00:00,0.0,0.0,0.0,0.0029868387411392406,0.0,0.0,0.10348273417335146,0.01463027556628124,0.0,0.0,0.0,4.6233969651390765e-07,0.12548443570056378,0.0010927964424824253,0.000753626045445771,0.0,0.0,0.004080680228105296,0.0,0.0,0.0,0.0,8.15454078312252e-05
2018-02-16 19:00:00,0.0,0.0,0.0,0.0030498625165632683,0.0,0.0,0.10558317532586455,0.014919364084656904,0.0,0.0,0.0,4.720952928912305e-07,0.09001640603821133,0.001082860928832401,0.000661808831138335,0.0,0.0,0.004166784600173029,0.0,0.0,0.0,0.0,6.890968650671435e-05
2018-02-16 20:00:00,0.0,0.0,0.0,0.0035759213553725956,0.0,0.0,0.12485953545822491,0.017481245233516487,0.0,0.0,0.0,5.535251607088667e-07,0.04082779752154133,0.0012306659104652884,0.0005379113109352618,0.0,0.0,0.004885496954068127,0.0,0.0,0.0,0.0,5.5908412286494794e-05
2018-02-16 21:00:00,0.0,0.0,0.0,0.0038749059958992182,0.0,0.0,0.12695886429223993,0.01898024882716565,0.0,0.0,0.0,5.998056866908865e-07,0.042596744652310455,0.001279770205427871,0.00045716424230699584,0.0,0.0,0.005293975890108309,0.0,0.0,0.0,0.0,3.608256821681375e-05
2018-02-16 22:00:00,0.0,0.0,0.0,0.004430994008456185,0.0,0.0,0.1383061118075744,0.021590098022852354,0.0,0.0,0.0,6.858838399635828e-07,0.006012891071304451,0.0014494959975844958,0.0003207123542620506,0.0,0.0,0.006053714715868305,0.0,0.0,0.0,0.0,3.9998210184540534e-05
2018-02-16 23:00:00,0.0,0.0,0.0,0.004185256641047922,0.0,0.0,0.1301912799863426,0.02122583577164962,0.0,0.0,0.0,6.712105055526916e-07,0.0,0.0013967505257964034,0.0003440427528591182,0.0,0.0,0.00592420564264275,0.0,0.0,0.0,0.0,7.337368522242141e-05
2018-02-17 00:00:00,0.0,0.0,0.0,0.0043885050528181865,0.0,0.0,0.13203101184255453,0.022084684015560647,0.0,0.0,0.0,6.92454750988858e-07,0.0,0.0014470906929800978,0.00029716495680735355,0.0,0.0,0.006111710572386053,0.0,0.0,0.0,0.0,6.848139864609875e-05
2018-02-17 01:00:00,0.0,0.0,0.0,0.004433734300139371,0.0,0.0,0.12892870349842228,0.021729251539533992,0.0,0.0,0.0,6.884867716757151e-07,0.0,0.0014408306440739254,0.0003077955205027298,0.0,0.0,0.006076688585628778,0.0,0.0,0.0,0.0,6.862127333100718e-05
2018-02-17 02:00:00,0.0,0.0,0.0,0.004554465291033124,0.0,0.0,0.13050469262691516,0.022279602939094145,0.0,0.0,0.0,7.049962461770602e-07,0.0,0.0014694438524785226,0.00032328844868122805,0.0,0.0,0.006222403709556107,0.0,0.0,0.0,0.0,0.0001026132285547845
2018-02-17 03:00:00,0.0,0.0,0.0,0.004540183712086225,0.0,0.0,0.13055491218756163,0.022151330500381237,0.0,0.0,0.0,7.027855674467012e-07,0.0,0.0014600158369001818,0.0003144636540153947,0.0,0.0,0.006202891924057934,0.0,0.0,0.0,0.0,0.00021282369193756294
2018-02-17 04:00:00,0.0,0.0,0.0,0.004346016368734287,0.0,0.0,0.12914967278410133,0.021273885620652633,0.0,0.0,0.0,6.727299540110707e-07,0.0,0.0014044680391571412,0.0003763129250333393,0.0,0.0,0.0059376165250058345,0.0,0.0,0.0,0.0,0.0004887544082850019
2018-02-17 05:00:00,0.0,0.0,0.0,0.0039860132304082715,0.0,0.0,0.12529422566472181,0.019535019074266396,0.0,0.0,0.0,6.189629768238963e-07,0.003996666506251137,0.0012968930529254857,0.0003945544030439222,0.0,0.0,0.0054630610360719735,0.0,2.546726079391966e-07,0.0,0.0,0.0004195832484775582
2018-02-17 06:00:00,0.0,0.0,0.0,0.003630123335543373,0.0,0.0,0.1226601869339745,0.017997381864099975,0.0,0.0,0.0,5.691192521032379e-07,0.00593453292684743,0.001278875001429092,0.0004228361574908233,0.0,0.0,0.0050231327679687915,0.0,0.00020026908849789403,0.0,0.0,0.0005339300645677411
2018-02-17 07:00:00,0.0,0.0,0.0,0.0033899889495194254,0.0,0.0,0.11568873577716549,0.016773718333848168,0.0,0.0,0.0,5.314717427637892e-07,0.046336223530285846,0.0012423098984259114,0.0005878504001231146,0.0,0.0,0.0046908501451326705,0.0,0.0006906828090470121,0.0,0.0,0.0005336296414367579
2018-02-17 08:00:00,0.0,0.0,0.0,0.0029398270420408863,0.0,0.0,0.10630619354483074,0.014594191383391743,0.0,0.0,0.0,4.608967830644641e-07,0.09863016621324656,0.0010889057894232505,0.0007327122206814419,0.0,0.0,0.0040679448553298065,0.0,0.0012660113278013196,0.0,0.0,0.0007017879082528202
2018-02-17 09:00:00,0.0,0.0,0.0,0.002904788824938867,0.0,0.0,0.1043177813373457,0.014391865899809033,0.0,0.0,0.0,4.554036022358995e-07,0.09819762267440071,0.00107687656290429,0.0007153450198283766,0.0,0.0,0.004019461208856121,0.0,0.0017646138246434544,0.0,0.0,0.0009004217536983056
2018-02-17 10:00:00,0.0,0.0,0.0,0.002907261970037518,0.0,0.0,0.1035126678257327,0.014423059211420605,0.0,0.0,0.0,4.557913341002981e-07,0.09561589882122636,0.0010606591862469916,0.0006864529220515916,0.0,0.0,0.004022883389051307,0.0,0.002104594362152926,0.0,0.0,0.001206594842389972
2018-02-17 11:00:00,0.0,0.0,0.0,0.0030629479080056432,0.0,0.0,0.10971389995771658,0.01525528712029919,0.0,0.0,0.0,4.801992829189704e-07,0.06659113389000022,0.0010902347602044112,0.0006309747288294354,0.0,0.0,0.004238311644301645,0.0,0.0023974141126058687,0.0,0.0,0.0013891406993139692
2018-02-17 12:00:00,0.0,0.0,0.0,0.0033347342515513915,0.0,0.0,0.11586040085604764,0.01647859231823893,0.0,0.0,0.0,5.228090860229403e-07,0.03287934388008855,0.0012073095075473084,0.0004671815877915675,0.0,0.0,0.004614392223929311,0.0,0.002436390128560357,0.0,0.0,0.0016599999888507982
2018-02-17 13:00:00,0.0,0.0,0.0,0.003516030121197937,0.0,0.0,0.11598740178334133,0.017177152123290768,0.0,0.0,0.0,5.442544576572537e-07,0.0009735118548494002,0.001272283961555919,0.00035041899145663345,0.0,0.0,0.004803672323977741,0.0,0.002127314659039397,0.0,0.0,0.001958860769240762
2018-02-17 14:00:00,0.0,0.0,0.0,0.003489285757844223,0.0,0.0,0.11311554488284806,0.017102606594100244,0.0,0.0,0.0,5.401146356219679e-07,0.008020811621587041,0.0012609183016625111,0.00031102899831504275,0.0,0.0,0.004767133627312404,0.0,0.0015457515395951816,0.0,0.0,0.0021355057568473246
2018-02-17 15:00:00,0.0,0.0,0.0,0.0034844139773371093,0.0,0.0,0.11449689980344223,0.017022695166458934,0.0,0.0,0.0,5.393605214175022e-07,0.007617348106710986,0.0012855209933346724,0.00032448826531968495,0.0,0.0,0.004760477701059263,0.0,0.0008321450948725493,0.0,0.0,0.002089062195038097
2018-02-17 16:00:00,0.0,0.0,0.0,0.0031337246916866967,0.0,0.0,0.10831563828672683,0.015349759314675629,0.0,0.0,0.0,4.850765134912999e-07,0.07354132605863133,0.0011605193242081415,0.0007523774159890807,0.0,0.0,0.004281358820467746,0.0,0.00024396767276295748,0.0,0.0,0.0014877070481348913
2018-02-17 17:00:00,0.0,0.0,0.0,0.0029467063002604735,0.0,0.0,0.10198907116319723,0.014424219209200704,0.0,0.0,0.0,4.5612750290576715e-07,0.09939373456756713,0.0011008832295931108,0.0009735996773505455,0.0,0.0,0.004025850465874099,0.0,9.003654634066306e-05,0.0,0.0,0.001734667142932043
2018-02-17 18:00:00,0.0,0.0,0.0,0.0030878062476813344,0.0,0.0,0.10564244462185983,0.015221175965257358,0.0,0.0,0.0,4.81013077606073e-07,0.09505909166699911,0.0011448259825471085,0.0008111724067557464,0.0,0.0,0.004245494319539,0.0,0.0,0.0,0.0,0.0016360238907494867
2018-02-17 19:00:00,0.0,0.0,0.0,0.003247507539711905,0.0,0.0,0.11051909054921386,0.01610045386790981,0.0,0.0,0.0,5.091339580956181e-07,0.051434062690508014,0.0011748017101440185,0.0006723231242423813,0.0,0.0,0.004493693472403969,0.0,0.0,0.0,0.0,0.0016547331143564785
2018-02-17 20:00:00,0.0,0.0,0.0,0.003672276438644353,0.0,0.0,0.11922044292964588,0.018182444108757842,0.0,0.0,0.0,5.757278822497035e-07,0.020313258734453936,0.001267633926389554,0.00048367985134428553,0.0,0.0,0.005081461539166424,0.0,0.0,0.0,0.0,0.0015526322396990635
2018-02-17 21:00:00,0.0,0.0,0.0,0.003767370470968994,0.0,0.0,0.11867075740502638,0.018737881375457097,0.0,0.0,0.0,5.925355762813131e-07,0.01273594271051098,0.0013147237125652963,0.00044798155099795215,0.0,0.0,0.005229808793862452,0.0,0.0,0.0,0.0,0.0014520027294627556
2018-02-17 22:00:00,0.0,0.0,0.0,0.00399254748720319,0.0,0.0,0.1208628770640061,0.019895730318046978,0.0,0.0,0.0,6.299772799138242e-07,0.0,0.0013872438726321625,0.0002476999588080249,0.0,0.0,0.005560274944339692,0.0,0.0,0.0,0.0,0.0015049511732737346
2018-02-17 23:00:00,0.0,0.0,0.0,0.004324960922967014,0.0,0.0,0.1248949426729614,0.021385887369525167,0.0,0.0,0.0,6.78053690835901e-07,0.0,0.0014430734923806447,0.0002814980661249118,0.0,0.0,0.005984604633023654,0.0,0.0,0.0,0.0,0.0010528383897425283
2018-02-18 00:00:00,0.0,0.0,0.0,0.004386837427002087,0.0,0.0,0.12704415356289545,0.021608303726962704,0.0,0.0,0.0,6.855571946819533e-07,0.0,0.0014799936084698552,0.0002440950185700973,0.0,0.0,0.006050831695110193,0.0,0.0,0.0,0.0,0.0005881088474177069
2018-02-18 01:00:00,0.0,0.0,0.0,0.004454349649123186,0.0,0.0,0.11775357303470939,0.021986312738377693,0.0,0.0,0.0,6.93890827854622e-07,0.0,0.0015072013606440347,0.0002789090478531429,0.0,0.0,0.006124385604437916,0.0,0.0,0.0,0.0,0.0003139178543185272
2018-02-18 02:00:00,0.0,0.0,0.0,0.004632071631546063,0.0,0.0,0.10464802982962164,0.023040272025012964,0.0,0.0,0.0,7.262015361358298e-07,0.0,0.001584507890992946,0.00022191337150524057,0.0,0.0,0.006409564812352278,0.0,0.0,0.0,0.0,0.0002823559959132406
2018-02-18 03:00:00,0.0,0.0,0.0,0.004437840104416332,0.0,0.0,0.09781073524102168,0.02195850223425878,0.0,0.0,0.0,6.957505317931919e-07,0.0,0.0015093683993954638,0.0003124984661719076,0.0,0.0,0.0061407996332342165,0.0,0.0,0.0,0.0,0.00040992399184310295
2018-02-18 04:00:00,0.0,0.0,0.0,0.0043796016101248815,0.0,0.0,0.09392880807723833,0.0216846043115747,0.0,0.0,0.0,6.866200849044479e-07,0.0,0.0014769827256881287,0.00026063403191405244,0.0,0.0,0.006060212925292857,0.0,0.0,0.0,0.0,0.0005355882305509438
2018-02-18 05:00:00,0.0,0.0,0.0,0.004201116075121796,0.0,0.0,0.10365614404040382,0.020828242809016944,0.0,0.0,0.0,6.586376873926022e-07,0.0,0.001416218207659398,0.0002587966531289245,0.0,0.0,0.0058132360441758854,0.0,4.4036977136842093e-07,0.0,0.0,0.0006661979042772368
2018-02-18 06:00:00,0.0,0.0,0.0,0.0038918741427725304,0.0,0.0,0.12340400084395026,0.019307765101017234,0.0,0.0,0.0,6.101557155724269e-07,0.0,0.0013522302728643484,0.00016650632221868253,0.0,0.0,0.005385326813543348,0.0,0.00018389328645538187,0.0,0.0,0.0009999806528220394
2018-02-18 07:00:00,0.0,0.0,0.0,0.0036299370644684863,0.0,0.0,0.11495537429475289,0.017984635236840796,0.0,0.0,0.0,5.690900491134138e-07,0.0,0.0012713982828135774,0.0002071656824009681,0.0,0.0,0.005022875017954949,0.0,0.0006268844208075161,0.0,0.0,0.0013591521632382493
2018-02-18 08:00:00,0.0,0.0,0.0,0.0033820691184131076,0.0,0.0,0.10898826535370444,0.016821496699824596,0.0,0.0,0.0,5.31935016623598e-07,0.0,0.001185019325294565,0.0002048384501199584,0.0,0.0,0.004694939070427586,0.0,0.0013110828777763111,0.0,0.0,0.0012998981989018013
2018-02-18 09:00:00,0.0,0.0,0.0,0.003457233432470297,0.0,0.0,0.11077469276010946,0.017184046834179734,0.0,0.0,0.0,5.437569307381954e-07,0.0,0.0012038496031280112,0.0001916157382527166,0.0,0.0,0.0047992810759909035,0.0,0.002229376036119111,0.0,0.0,0.0013467395840121856
2018-02-18 10:00:00,0.0,0.0,0.0,0.0035812895606125725,0.0,0.0,0.11323001810387044,0.017869824518560944,0.0,0.0,0.0,5.650855908939786e-07,0.0,0.0012439073923323283,0.00013846863386872475,0.0,0.0,0.004987531062842429,0.0,0.003125764654281741,0.0,0.0,0.0013696227184744098
2018-02-18 11:00:00,0.0,0.0,0.0,0.003580183262864038,0.0,0.0,0.11011966521460034,0.017806862850068612,0.0,0.0,0.0,5.630945958729191e-07,0.0,0.0012267651686157025,0.0001117688394180196,0.0,0.0,0.004969958239055171,0.0,0.0037522632297566872,0.0,0.0,0.0013130632973788736
2018-02-18 12:00:00,0.0,0.0,0.0,0.003547725172031302,0.0,0.0,0.10859675023658687,0.01756575675373323,0.0,0.0,0.0,5.562011287068462e-07,0.0,0.0012158032612369864,0.00011861876667878014,0.0,0.0,0.004909115453155993,0.0,0.0037125352634997185,0.0,0.0,0.0012690323280571357
2018-02-18 13:00:00,0.0,0.0,0.0,0.0036094180432249927,0.0,0.0,0.10683554151924467,0.017918243812371958,0.0,0.0,0.0,5.658731418778804e-07,0.0,0.001226923182192797,0.00012489904948150736,0.0,0.0,0.004994482107178152,0.0,0.003273747163665374,0.0,0.0,0.0014776969338767957
2018-02-18 14:00:00,0.0,0.0,0.0,0.0037399843097534846,0.0,0.0,0.11239566743738144,0.01854204928227337,0.0,0.0,0.0,5.863429080781203e-07,0.0,0.0012675896441903692,0.00017963525408572632,0.0,0.0,0.00517515136581436,0.0,0.0024183912386954135,0.0,0.0,0.0015272382149125324
2018-02-18 15:00:00,0.0,0.0,0.0,0.0037735252587601095,0.0,0.0,0.1189745454465934,0.01868375468370792,0.0,0.0,0.0,5.916013519515227e-07,0.0,0.001356051479864622,0.00018782156172210822,0.0,0.0,0.005221563188347859,0.0,0.0012579365135392128,0.0,0.0,0.0010803140458696828
2018-02-18 16:00:00,0.0,0.0,0.0,0.0035777475685016343,0.0,0.0,0.11846458453342978,0.01774936884113998,0.0,0.0,0.0,5.609079450450808e-07,0.02743088741705265,0.0013514865734566277,0.0003786703561703285,0.0,0.0,0.004950658527466029,0.0,0.0003747962036952968,0.0,0.0,0.0010259740716284341
2018-02-18 17:00:00,0.0,0.0,0.0,0.0032037317577128794,0.0,0.0,0.1090924611255696,0.01586255136216569,0.0,0.0,0.0,5.022709294851064e-07,0.08864697306193402,0.001203531122446222,0.00046767764950105136,0.0,0.0,0.004433119341809078,0.0,0.00010901294877551083,0.0,0.0,0.0008931038848974268
2018-02-18 18:00:00,0.0,0.0,0.0,0.0036523048128481467,0.0,0.0,0.12397119289927452,0.01810735292581436,0.0,0.0,0.0,5.725967939406278e-07,0.0199664289582626,0.0013600639096887897,0.0003909789638586428,0.0,0.0,0.005053826079240235,0.0,0.0,0.0,0.0,0.0009173449825536417
2018-02-18 19:00:00,0.0,0.0,0.0,0.0038018284513768076,0.0,0.0,0.12602661781259447,0.01883627641931774,0.0,0.0,0.0,5.960386369485456e-07,0.003801780238514834,0.0014013069417268284,0.00016608311308730645,0.0,0.0,0.005260727338193414,0.0,0.0,0.0,0.0,0.0008022166432370475
2018-02-18 20:00:00,0.0,0.0,0.0,0.003741277577924184,0.0,0.0,0.12221273923106102,0.01853627524767842,0.0,0.0,0.0,5.865456625704735e-07,0.0,0.0012967993360679792,0.0001293851709633382,0.0,0.0,0.005176940907690914,0.0,0.0,0.0,0.0,0.0008972380067134229
2018-02-18 21:00:00,0.0,0.0,0.0,0.003974875074853941,0.0,0.0,0.12759027077714388,0.019531729443627854,0.0,0.0,0.0,6.172334025551401e-07,0.0,0.0013278864004694986,0.00012275699642699142,0.0,0.0,0.0054477955514623455,0.0,0.0,0.0,0.0,0.0009966165866949698
2018-02-18 22:00:00,0.0,0.0,0.0,0.004165160326240767,0.0,0.0,0.12884942531026033,0.020375194960649712,0.0,0.0,0.0,6.447348277099877e-07,0.0,0.0013611913926110635,6.811772104512871e-05,0.0,0.0,0.005690527297666034,0.0,0.0,0.0,0.0,0.0008241535831471286
2018-02-18 23:00:00,0.0,0.0,0.0,0.004380391653146702,0.0,0.0,0.1351986570271107,0.02171705311610215,0.0,0.0,0.0,6.867439453499885e-07,0.0,0.001425258985600369,4.696390004709905e-05,0.0,0.0,0.006061306136356005,0.0,0.0,0.0,0.0,0.000612703354003002
2018-02-19 00:00:00,0.0,0.0,0.0,0.004466838470739503,0.0,0.0,0.13700396866303546,0.022145638109873706,0.0,0.0,0.0,7.002968039246286e-07,0.0,0.00142851990544425,4.596777360562758e-05,0.0,0.0,0.006180925720044895,0.0,0.0,0.0,0.0,0.0006527427259341788
2018-02-19 01:00:00,0.0,0.0,0.0,0.004395625980828535,0.0,0.0,0.13376278726782362,0.02179258168287239,0.0,0.0,0.0,6.891323350478508e-07,0.0,0.0013893524786249784,7.118644761562735e-05,0.0,0.0,0.006082386425785108,0.0,0.0,0.0,0.0,0.0005382773070218793
2018-02-19 02:00:00,0.0,0.0,0.0,0.004432084887228604,0.0,0.0,0.13654954709759082,0.021987773036225542,0.0,0.0,0.0,6.948482470499986e-07,0.0,0.0013953263621222234,0.00022005524713685187,0.0,0.0,0.006132835931351309,0.0,0.0,0.0,0.0,0.00040016384726525495
2018-02-19 03:00:00,0.0,0.0,0.0,0.004380568901488888,0.0,0.0,0.13750947514810083,0.024429106080232917,0.0,0.0,0.0,6.867717337843248e-07,0.0,0.001372430015249163,6.941599048021485e-05,0.0,0.0,0.006061551401288739,0.0,0.0,0.0,0.0,0.00028560900647200076
2018-02-19 04:00:00,0.0,0.0,0.0,0.004129345456588772,0.0,0.0,0.1379578201581026,0.03943832922880658,0.0,0.0,0.0,6.473857168761825e-07,0.0037857154560496362,0.0013000730058553556,0.00018106790941144305,0.0,0.0,0.005713924447183919,0.0,0.0,0.0,0.0,0.00017348808149758428
2018-02-19 05:00:00,0.0,0.0,0.0,0.003228679059867529,0.0,0.0,0.12308968181013245,0.03252955235925141,0.0,0.0,0.0,5.061820885923556e-07,0.09467520761359799,0.001084669212823077,0.0005499499246478468,0.0,0.0,0.004467639824818144,0.0,5.206721654730731e-07,0.0,0.0,7.884224296566361e-05
2018-02-19 06:00:00,0.0,0.0,0.0,0.003093174245366708,0.0,0.0,0.12826993153700633,0.03587977192066421,0.0,0.0,0.0,4.849380724648563e-07,0.12299619731269348,0.001168440026003761,0.0006489955673736518,0.0,0.0,0.004280136918987889,0.0,0.00022342148532452082,0.0,0.0,6.244675344578729e-05
2018-02-19 07:00:00,0.0,0.0,0.0,0.0029423076549715747,0.0,0.0,0.12309238445526137,0.04086754773443745,0.0,0.0,0.0,4.61285685711944e-07,0.114118375768568,0.0011113303273431819,0.0006137224324841164,0.0,0.0,0.004071377369033896,0.0,0.0007907385308132601,0.0,0.0,7.551323612931846e-05
2018-02-19 08:00:00,0.0,0.0,0.0,0.002876112942558412,0.0,0.0,0.1211167580800218,0.042814950237233536,0.0,0.0,0.0,4.509078881167751e-07,0.10727454552778919,0.001074505755611358,0.0006463754721372851,0.0,0.0,0.00397978135472408,0.0,0.0016762762190352463,0.0,0.0,9.468127197857208e-05
2018-02-19 09:00:00,0.0,0.0,0.0,0.0028250068347619307,0.0,0.0,0.11804028835430538,0.0434437010001224,0.0,0.0,0.0,4.428956342183309e-07,0.10102426480464174,0.0010015039172631276,0.0007447490700485149,0.0,0.0,0.003909063987575058,0.0,0.002297254961752958,0.0,0.0,0.00016781700857080488
2018-02-19 10:00:00,0.0,0.0,0.0,0.002852150501505066,0.0,0.0,0.11752731348384272,0.04416771354016697,0.0,0.0,0.0,4.4715113241723176e-07,0.09460317779401954,0.001007865812096094,0.0007254186249253883,0.0,0.0,0.003946623659590956,0.0,0.0029009824046074737,0.0,0.0,0.0002700796373948796
2018-02-19 11:00:00,0.0,0.0,0.0,0.0028831844542117377,0.0,0.0,0.11755019580892995,0.044291413128125026,0.0,0.0,0.0,4.520165373419888e-07,0.0912700647620072,0.0010074516683684894,0.0006606722262000805,0.0,0.0,0.003989566460799429,0.0,0.0036322600103553407,0.0,0.0,0.0003441643757411297
2018-02-19 12:00:00,0.0,0.0,0.0,0.002908571887084865,0.0,0.0,0.11791451800161644,0.044662464269418924,0.0,0.0,0.0,4.559966987508608e-07,0.1022692868817809,0.0010148578627593684,0.0006199820756111783,0.0,0.0,0.004024695968579782,0.0,0.0037837571985299824,0.0,0.0,0.0003542289980156752
2018-02-19 13:00:00,0.0,0.0,0.0,0.0029975001625537007,0.0,0.0,0.11985923008361271,0.04569601996287221,0.0,0.0,0.0,4.669453529985406e-07,0.10318744012918145,0.0010331440910267046,0.0006322426112376499,0.0,0.0,0.004121330450216866,0.0,0.003288337560310254,0.0,0.0,0.00037457876145617706
2018-02-19 14:00:00,0.0,0.0,0.0,0.0029893057767061914,0.0,0.0,0.12050077774816392,0.045774931912824,0.0,0.0,0.0,4.6715660573857856e-07,0.10714127681251467,0.001037991745267503,0.0006795636113785973,0.0,0.0,0.004123194998915379,0.0,0.0022765326681286387,0.0,0.0,0.00037762472098012024
2018-02-19 15:00:00,0.0,0.0,0.0,0.002984737600045371,0.0,0.0,0.12065402959323251,0.04524144889247375,0.0,0.0,0.0,4.6348116856929473e-07,0.11076234312158593,0.001065919119055219,0.0007722739661141907,0.0,0.0,0.004090755033453991,0.0,0.0011237447270179203,0.0,0.0,0.0003362481142700476
2018-02-19 16:00:00,0.0,0.0,0.0,0.0030187396595211845,0.0,0.0,0.12297879825149063,0.04626407643649893,0.0,0.0,0.0,4.702540048321217e-07,0.11802398114633572,0.001126037170937383,0.0007345521023440307,0.0,0.0,0.004150533112719745,0.0,0.00034024552792900474,0.0,0.0,0.0003709267374143342
2018-02-19 17:00:00,0.0,0.0,0.0,0.002974232694951966,0.0,0.0,0.12043928184437244,0.045676112905937066,0.0,0.0,0.0,4.603883773856973e-07,0.1208237481003577,0.0011418240312853864,0.0007866854085697439,0.0,0.0,0.004063457589761127,0.0,0.00010248001419916613,0.0,0.0,0.0003396273783782227
2018-02-19 18:00:00,0.0,0.0,0.0,0.0030404369480951047,0.0,0.0,0.12343406964028728,0.04719959958542113,0.0,0.0,0.0,4.751471782185212e-07,0.11805661016262145,0.0011762414655647666,0.0007408285868163,0.0,0.0,0.004193721002578929,0.0,0.0,0.0,0.0,0.00034312850666256547
2018-02-19 19:00:00,0.0,0.0,0.0,0.003221532062048189,0.0,0.0,0.13089411259727313,0.05017119976228543,0.0,0.0,0.0,5.050616048848462e-07,0.10879109333951609,0.0012326246973224139,0.0006520863206235042,0.0,0.0,0.004457750265808559,0.0,0.0,0.0,0.0,0.0003311732590118865
2018-02-19 20:00:00,0.0,0.0,0.0,0.0032484053955077197,0.0,0.0,0.13143537741342792,0.0498701826433358,0.0,0.0,0.0,5.092747210867836e-07,0.1052790259207634,0.001159430453031753,0.0006326205954256322,0.0,0.0,0.0044949358678963505,0.0,0.0,0.0,0.0,0.0003240642879570401
2018-02-19 21:00:00,0.0,0.0,0.0,0.0033947640685380834,0.0,0.0,0.12539252136158263,0.05181811993599594,0.0,0.0,0.0,5.288304321491021e-07,0.08130778092885334,0.0011951364944781113,0.0005777374165765652,0.0,0.0,0.0046675375373620015,0.0,0.0,0.0,0.0,0.000421837329582565
2018-02-19 22:00:00,0.0,0.0,0.0,0.003927216417307668,0.0,0.0,0.13642248950236352,0.05297293950641251,0.0,0.0,0.0,6.079029381512292e-07,0.04057288091882163,0.0013182103229981291,0.0002907672779575915,0.0,0.0,0.005365443458619859,0.0,0.0,0.0,0.0,0.0005177104653704971
2018-02-19 23:00:00,0.0,0.0,0.0,0.004140061632036679,0.0,0.0,0.13739597862405484,0.050149361844087435,0.0,0.0,0.0,6.328391208366496e-07,0.019112775146873987,0.001318440276699274,0.00029946736136864306,0.0,0.0,0.005585533986030924,0.0,0.0,0.0,0.0,0.0004931362451191927
2018-02-20 00:00:00,0.0,0.0,0.0,0.004379982331128717,0.0,0.0,0.14472691568681068,0.05580989673113842,0.0,0.0,0.0,6.695127788104868e-07,0.0005724611290865256,0.0013819994847393527,0.0002276144451627462,0.0,0.0,0.0059092212491288956,0.0,0.0,0.0,0.0,0.0003339649490964258
2018-02-20 01:00:00,0.0,0.0,0.0,0.004389481603259707,0.0,0.0,0.14439969879544737,0.056056404156193805,0.0,0.0,0.0,6.709648129969939e-07,0.0,0.0013660065848852354,0.0001509022773231301,0.0,0.0,0.005922037122911938,0.0,0.0,0.0,0.0,0.00028077067737475347
2018-02-20 02:00:00,0.0,0.0,0.0,0.0044871494360519005,0.0,0.0,0.147879971899409,0.05033489486544777,0.0,0.0,0.0,6.858940654892634e-07,0.0,0.0013998546260481637,0.0001318384175913352,0.0,0.0,0.0060538049679076215,0.0,0.0,0.0,0.0,0.00034023606444846165
2018-02-20 03:00:00,0.0,0.0,0.0,0.004414209811315471,0.0,0.0,0.14853853542978981,0.048969927942300866,0.0,0.0,0.0,6.74744702968868e-07,0.0,0.0013700114314274716,0.00016983915459637102,0.0,0.0,0.005955399004638604,0.0,0.0,0.0,0.0,0.0004213829552401923
2018-02-20 04:00:00,0.0,0.0,0.0,0.004109698029308549,0.0,0.0,0.13988705378023011,0.051008479320065477,0.0,0.0,0.0,6.281978190001717e-07,0.01681788798126529,0.0012705390002293036,0.0003847520183074983,0.0,0.0,0.005544569152641987,0.0,0.0,0.0,0.0,0.00040302219542901754
2018-02-20 05:00:00,0.0,0.0,0.0,0.0034450918907659523,0.0,0.0,0.12330037082519825,0.05174626930878539,0.0,0.0,0.0,5.315915128093849e-07,0.07527480551168904,0.0011134573338383684,0.0004967165578471243,0.0,0.0,0.004691907253706013,0.0,2.1872357797585517e-07,0.0,0.0,0.000360649345060549
2018-02-20 06:00:00,0.0,0.0,0.0,0.0031972860534548123,0.0,0.0,0.1175748093929202,0.04844348980991917,0.0,0.0,0.0,4.949153241057198e-07,0.09778217053243556,0.0011510590083141914,0.0007801277338680952,0.0,0.0,0.004368197654003053,0.0,0.00016718281482084598,0.0,0.0,0.00035076723821371713
2018-02-20 07:00:00,0.0,0.0,0.0,0.0030866976262176027,0.0,0.0,0.1119288904125723,0.04613141166163835,0.0,0.0,0.0,4.733036954375539e-07,0.1059973303832712,0.0011347779418127554,0.0007252672388832567,0.0,0.0,0.0041774501441779145,0.0,0.0005787703722305584,0.0,0.0,0.0004186026131113087
2018-02-20 08:00:00,0.0,0.0,0.0,0.0030635229593861924,0.0,0.0,0.10964751534771039,0.04582410106485978,0.0,0.0,0.0,4.697501709981414e-07,0.10280080973219266,0.0011322531773981213,0.0006446396162019544,0.0,0.0,0.004146086198946006,0.0,0.0011920960984687526,0.0,0.0,0.00041162045401823557
2018-02-20 09:00:00,0.0,0.0,0.0,0.0031138231650730632,0.0,0.0,0.11007030068108854,0.04626281701967363,0.0,0.0,0.0,4.7597096115118245e-07,0.08441687935674608,0.001105387232886762,0.0005815417515299265,0.0,0.0,0.0042009918355852835,0.0,0.0017369405362505051,0.0,0.0,0.00040918161423856485
2018-02-20 10:00:00,0.0,0.0,0.0,0.003203134106318721,0.0,0.0,0.11434767486949875,0.04759990479255825,0.0,0.0,0.0,4.896228008005335e-07,0.025648190571564197,0.001125827393501521,0.0007251771602550715,0.0,0.0,0.00432148504123996,0.0,0.002210395374125364,0.0,0.0,0.00042285106172068197
2018-02-20 11:00:00,0.0,0.0,0.0,0.003105699348317219,0.0,0.0,0.11036206639129931,0.04622103047518096,0.0,0.0,0.0,4.7472917551837356e-07,0.0337374426217104,0.001075960860264601,0.0006625216183504209,0.0,0.0,0.004190031647399938,0.0,0.002369078954883961,0.0,0.0,0.0004788981850231037
2018-02-20 12:00:00,0.0,0.0,0.0,0.0030784914700853865,0.0,0.0,0.10928873925479156,0.045816105198173716,0.0,0.0,0.0,4.7057024957224134e-07,0.04704802476731684,0.0010720908520970595,0.0004826470620554679,0.0,0.0,0.0041533243367223105,0.0,0.0023047848801058856,0.0,0.0,0.00047176189486716736
2018-02-20 13:00:00,0.0,0.0,0.0,0.002924635857383442,0.0,0.0,0.10272513490789667,0.043526326257618056,0.0,0.0,0.0,4.470522782636394e-07,0.05822474734840849,0.0010094670584247993,0.0006136666228822888,0.0,0.0,0.003945751157850197,0.0,0.0019267931979259126,0.0,0.0,0.00046091512789280925
2018-02-20 14:00:00,0.0,0.0,0.0,0.0029958561818222876,0.0,0.0,0.10513456721977991,0.0447670535776136,0.0,0.0,0.0,4.579388329841805e-07,0.06561499578981275,0.001032737543782628,0.000568731436449581,0.0,0.0,0.004041837539649693,0.0,0.0014164880429392555,0.0,0.0,0.0005802585987327802
2018-02-20 15:00:00,0.0,0.0,0.0,0.003033272303682885,0.0,0.0,0.10705969297295397,0.04532616237000596,0.0,0.0,0.0,4.6365816466759036e-07,0.07349761548179262,0.0010803345582988794,0.0005621934320308791,0.0,0.0,0.00409231722784096,0.0,0.0007515001099792085,0.0,0.0,0.0006490812779506271
2018-02-20 16:00:00,0.0,0.0,0.0,0.0028689057075691497,0.0,0.0,0.1016883931447435,0.04272424770942229,0.0,0.0,0.0,4.385335116009264e-07,0.09103013196012008,0.0010407917286635651,0.0007285260033838951,0.0,0.0,0.0038705632322827248,0.0,0.00023431717147609778,0.0,0.0,0.0006707917725720891
2018-02-20 17:00:00,0.0,0.0,0.0,0.002834573354088819,0.0,0.0,0.10048782731421452,0.042284986332891274,0.0,0.0,0.0,4.3328555678194043e-07,0.10376764310528613,0.0010810755631084068,0.0007053605485898765,0.0,0.0,0.0038242439877331025,0.0,8.851381335266335e-05,0.0,0.0,0.0007322463069791898
2018-02-20 18:00:00,0.0,0.0,0.0,0.0029859346877120995,0.0,0.0,0.10437897380650919,0.044590345221345,0.0,0.0,0.0,4.5642225903719104e-07,0.10000074390366637,0.0011233491101993833,0.0006842400282056255,0.0,0.0,0.004028452028159759,0.0,0.0,0.0,0.0,0.000866749270457791
2018-02-20 19:00:00,0.0,0.0,0.0,0.0031860517383234736,0.0,0.0,0.11179079846348577,0.04763949945524878,0.0,0.0,0.0,4.870116341791801e-07,0.05205188849942476,0.001147982802310307,0.0006035007637916765,0.0,0.0,0.004298438488922718,0.0,0.0,0.0,0.0,0.0010080283011365512
2018-02-20 20:00:00,0.0,0.0,0.0,0.0036336720548376077,0.0,0.0,0.12366998548566976,0.05425176957950855,0.0,0.0,0.0,5.554337188600968e-07,0.01821068071318505,0.0012386705695709873,0.00044985345556749936,0.0,0.0,0.004902342177549126,0.0,0.0,0.0,0.0,0.0011743521056213364
2018-02-20 21:00:00,0.0,0.0,0.0,0.003749087528297284,0.0,0.0,0.12077508649855663,0.04937846109064563,0.0,0.0,0.0,5.730758298349605e-07,0.01773587556852199,0.0012383607800235904,0.00034274872515855547,0.0,0.0,0.005058054122640565,0.0,0.0,0.0,0.0,0.001159946040534651
2018-02-20 22:00:00,0.0,0.0,0.0,0.004099741534062512,0.0,0.0,0.1281397491852723,0.041041254391504786,0.0,0.0,0.0,6.266758948700192e-07,0.0034552042745561204,0.0013303550692391165,0.00019354879829521838,0.0,0.0,0.005531136419624644,0.0,0.0,0.0,0.0,0.0011839712560163245
2018-02-20 23:00:00,0.0,0.0,0.0,0.004297305238877793,0.0,0.0,0.13436167043549022,0.04280887385222123,0.0,0.0,0.0,6.610062613060548e-07,0.0,0.0013459043178942849,0.00017606143206195412,0.0,0.0,0.005834141436488746,0.0,0.0,0.0,0.0,0.0011618804906543515
2018-02-21 00:00:00,0.0,0.0,0.0,0.004223981648716426,0.0,0.0,0.12951823084533087,0.042358340297510566,0.0,0.0,0.0,6.538399166481237e-07,0.0,0.0013280201988294775,0.00017637550353821177,0.0,0.0,0.0057708901924923795,0.0,0.0,0.0,0.0,0.0011445056923246539
2018-02-21 01:00:00,0.0,0.0,0.0,0.004211046266731541,0.0,0.0,0.12861350784631026,0.04220153899916938,0.0,0.0,0.0,6.518376188679286e-07,0.0,0.0013175584697965685,0.00015512379129327782,0.0,0.0,0.00575321760884008,0.0,0.0,0.0,0.0,0.0012289113205615977
2018-02-21 02:00:00,0.0,0.0,0.0,0.004221995118279764,0.0,0.0,0.12742787623638863,0.04235199879140648,0.0,0.0,0.0,6.53532416994208e-07,0.0,0.0013047570542402017,0.00019483616978430434,0.0,0.0,0.0057681761539459505,0.0,0.0,0.0,0.0,0.0012998543883517304
2018-02-21 03:00:00,0.0,0.0,0.0,0.004321338994018845,0.0,0.0,0.13135133273690394,0.043390241841618216,0.0,0.0,0.0,6.689100859413449e-07,0.0,0.0013339481223792842,0.0001423058949399356,0.0,0.0,0.005903901790528927,0.0,0.0,0.0,0.0,0.0015168194994218897
2018-02-21 04:00:00,0.0,0.0,0.0,0.00398743238943195,0.0,0.0,0.12470938633610582,0.05025848667358048,0.0,0.0,0.0,6.172239081432721e-07,0.001795569905315441,0.0012299103794071056,0.0002604409816567928,0.0,0.0,0.00544771175234434,0.0,0.0,0.0,0.0,0.001518602536005798
2018-02-21 05:00:00,0.0,0.0,0.0,0.003334338648447689,0.0,0.0,0.11760524233436048,0.04999456304674272,0.0,0.0,0.0,5.161300131690074e-07,0.048762497384276536,0.0010750228195343821,0.0005648747652996406,0.0,0.0,0.004555441714720117,0.0,3.450881421550563e-07,0.0,0.0,0.0013471158182169465
2018-02-21 06:00:00,0.0,0.0,0.0,0.0030864680521313585,0.0,0.0,0.11329544006559335,0.04670487695087861,0.0,0.0,0.0,4.7776154864591e-07,0.09147245259715046,0.0010915025851891498,0.0006326443163461248,0.0,0.0,0.00421679583217377,0.0,0.0001676540788059827,0.0,0.0,0.0014817842717025217
2018-02-21 07:00:00,0.0,0.0,0.0,0.0028825278307021028,0.0,0.0,0.10597205760924155,0.04361882428928995,0.0,0.0,0.0,4.4619316874515336e-07,0.09774203371255168,0.0010636967175519983,0.0005747975749037022,0.0,0.0,0.003938168527043678,0.0,0.0005567716229163602,0.0,0.0,0.0015726903108191775
2018-02-21 08:00:00,0.0,0.0,0.0,0.0027227413495604083,0.0,0.0,0.09985399479965262,0.04120966972458175,0.0,0.0,0.0,4.214594487151599e-07,0.09170674948812801,0.0009982200675406013,0.0006688041441519092,0.0,0.0,0.0037198649657122318,0.0,0.0011321268046359377,0.0,0.0,0.0015449394850479323
2018-02-21 09:00:00,0.0,0.0,0.0,0.0027276578028124273,0.0,0.0,0.09972641902140947,0.04125776246273831,0.0,0.0,0.0,4.222204779174248e-07,0.07285053544622067,0.0009664819717389797,0.0005106245434836214,0.0,0.0,0.0037265819247839036,0.0,0.001770930450232735,0.0,0.0,0.0015244825926596173
2018-02-21 10:00:00,0.0,0.0,0.0,0.002679542162716743,0.0,0.0,0.09780038827592678,0.04052997921670081,0.0,0.0,0.0,4.1477254638600035e-07,0.06519810260696458,0.0008810507327566069,0.00039038172284643893,0.0,0.0,0.003660845352368146,0.0,0.0022483171683418076,0.0,0.0,0.0014733837069694949
2018-02-21 11:00:00,0.0,0.0,0.0,0.0027204943521378345,0.0,0.0,0.09815152556508944,0.04116691046726251,0.0,0.0,0.0,4.211116307723592e-07,0.03312210547001034,0.0008831093415980739,0.0003690915050329344,0.0,0.0,0.0037167950718379464,0.0,0.0024619448061689174,0.0,0.0,0.0014494414367400004
2018-02-21 12:00:00,0.0,0.0,0.0,0.0027137591117315793,0.0,0.0,0.09608347238520175,0.04023071519368742,0.0,0.0,0.0,4.1874392827440814e-07,0.029680563180801606,0.0008742177456882474,0.00033356155090520943,0.0,0.0,0.0036958973707703637,0.0,0.0023360049291686435,0.0,0.0,0.001495507677645589
2018-02-21 13:00:00,0.0,0.0,0.0,0.0028931026131220903,0.0,0.0,0.10175655531036838,0.04253328590672478,0.0,0.0,0.0,4.4223218804540166e-07,0.019836446196492167,0.0009310484750924358,0.00031896438239894235,0.0,0.0,0.0039032083111088193,0.0,0.002088066206144258,0.0,0.0,0.001566723104445947
2018-02-21 14:00:00,0.0,0.0,0.0,0.0028592488473625404,0.0,0.0,0.10046145070879507,0.04192661143195409,0.0,0.0,0.0,4.370573889084758e-07,0.037219876084240835,0.0009108952609423551,0.00042129994484219497,0.0,0.0,0.00385753474969566,0.0,0.001414612826940383,0.0,0.0,0.0017865515079146875
2018-02-21 15:00:00,0.0,0.0,0.0,0.0028386388838638134,0.0,0.0,0.09950818495502597,0.04142605581469533,0.0,0.0,0.0,4.3390700315574165e-07,0.058653451876988824,0.0009346168883475294,0.0005031412678044992,0.0,0.0,0.00382972896760725,0.0,0.0007222481824123206,0.0,0.0,0.0019902582200023466
2018-02-21 16:00:00,0.0,0.0,0.0,0.0028623084317481035,0.0,0.0,0.10117114361398943,0.04152854051010452,0.0,0.0,0.0,4.3889662101063266e-07,0.08127502551822977,0.0009945186806328437,0.0005236760499497034,0.0,0.0,0.0038737680909613115,0.0,0.0002448496390757976,0.0,0.0,0.002143482016301729
2018-02-21 17:00:00,0.0,0.0,0.0,0.0028030332943225164,0.0,0.0,0.10015297367535726,0.04109970088678161,0.0,0.0,0.0,4.338880250766897e-07,0.09731936015548133,0.001012476197643189,0.000595198931333347,0.0,0.0,0.003829561464205446,0.0,9.00650748161454e-05,0.0,0.0,0.002069873252935649
2018-02-21 18:00:00,0.0,0.0,0.0,0.0029303447708633394,0.0,0.0,0.10353848454743039,0.044116209021194376,0.0,0.0,0.0,4.535948638209101e-07,0.07040899699986433,0.0010392838809856035,0.000556397096023597,0.0,0.0,0.004003497009494669,0.0,0.0,0.0,0.0,0.0022992677912974215
2018-02-21 19:00:00,0.0,0.0,0.0,0.0029220057862823197,0.0,0.0,0.10225439148010401,0.044009459675329536,0.0,0.0,0.0,4.5230405305589637e-07,0.0562815913956935,0.001001142034421291,0.00045746555485568066,0.0,0.0,0.00399210411806282,0.0,0.0,0.0,0.0,0.0022240186929318477
2018-02-21 20:00:00,0.0,0.0,0.0,0.003220923212294655,0.0,0.0,0.11250803772220118,0.048490854416746255,0.0,0.0,0.0,4.985741747473502e-07,0.027493999339574658,0.0010033955366353811,0.0003204209494331215,0.0,0.0,0.004400491224257716,0.0,0.0,0.0,0.0,0.002354955856877637
2018-02-21 21:00:00,0.0,0.0,0.0,0.0035300839775093233,0.0,0.0,0.11769298398646971,0.04279177734812686,0.0,0.0,0.0,5.447061330869562e-07,0.00793910076593134,0.001095622694079242,0.00021709249612785194,0.0,0.0,0.004807658879770819,0.0,0.0,0.0,0.0,0.002265138974953896
2018-02-21 22:00:00,0.0,0.0,0.0,0.0038169262571847258,0.0,0.0,0.12146773121549194,0.04267114933327311,0.0,0.0,0.0,5.871149510434715e-07,0.0,0.0011553867313467401,0.00012805211505333603,0.0,0.0,0.005181965534028145,0.0,0.0,0.0,0.0,0.0021747256938244317
2018-02-21 23:00:00,0.0,0.0,0.0,0.003913525923044106,0.0,0.0,0.12442379011417092,0.04401540282909523,0.0,0.0,0.0,6.057837547899853e-07,0.0,0.0011538374536075294,7.445829342857793e-05,0.0,0.0,0.005346739225115443,0.0,0.0,0.0,0.0,0.0020039468788332843
2018-02-22 00:00:00,0.0,0.0,0.0,0.0038887719932224397,0.0,0.0,0.12381084711545544,0.04373699552730935,0.0,0.0,0.0,6.019520365778027e-07,0.0,0.0011308610758786442,0.00020716452803921427,0.0,0.0,0.005312919899485345,0.0,0.0,0.0,0.0,0.0018020189531011651
2018-02-22 01:00:00,0.0,0.0,0.0,0.0038812710336187262,0.0,0.0,0.123239684163063,0.043627664995722494,0.0,0.0,0.0,6.007909456427691e-07,0.0,0.0011333741416324208,9.9218884870947e-05,0.0,0.0,0.005302671934931685,0.0,0.0,0.0,0.0,0.0017833365249272772
2018-02-22 02:00:00,0.0,0.0,0.0,0.004050688959326816,0.0,0.0,0.12744857074975374,0.04509091075507783,0.0,0.0,0.0,6.211188414547748e-07,0.0,0.0011632560124819535,6.73281751944542e-05,0.0,0.0,0.00548208902402116,0.0,0.0,0.0,0.0,0.0019371336007710737
2018-02-22 03:00:00,0.0,0.0,0.0,0.004006420195797935,0.0,0.0,0.12646761708103868,0.04555784853633976,0.0,0.0,0.0,6.162626780351865e-07,0.0,0.0011521816214813468,0.00010830106255731339,0.0,0.0,0.005439227789737839,0.0,0.0,0.0,0.0,0.001994516827629881
2018-02-22 04:00:00,0.0,0.0,0.0,0.003702971770145061,0.0,0.0,0.12108773528225938,0.05404502219662869,0.0,0.0,0.0,5.731915890964478e-07,0.010878023320960963,0.0010803135134382718,0.00014562642363582213,0.0,0.0,0.005059075831425539,0.0,0.0,0.0,0.0,0.0017483924952083588
2018-02-22 05:00:00,0.0,0.0,0.0,0.003193381827487973,0.0,0.0,0.11306858602446777,0.048291901271584774,0.0,0.0,0.0,4.943109799127214e-07,0.06196045058483841,0.0010033557981446528,0.0004805613421963182,0.0,0.0,0.004362863620568472,0.0,3.3049978368351446e-07,0.0,0.0,0.0013977068529069422
2018-02-22 06:00:00,0.0,0.0,0.0,0.0029557484923779837,0.0,0.0,0.10926920661547795,0.044408988082780855,0.0,0.0,0.0,4.604413505594316e-07,0.09490798983965176,0.001037461751865224,0.0006032069101033859,0.0,0.0,0.0040639251390204864,0.0,0.00015094333788419044,0.0,0.0,0.0013703327351560195
2018-02-22 07:00:00,0.0,0.0,0.0,0.0027063778207997297,0.0,0.0,0.10083042025521129,0.04116978635943301,0.0,0.0,0.0,4.2429735271013345e-07,0.10411290485608528,0.0009810345369143368,0.0007209095760096779,0.0,0.0,0.003744912736450649,0.0,0.0005051613608840318,0.0,0.0,0.0011817498432732702
2018-02-22 08:00:00,0.0,0.0,0.0,0.002654462716263451,0.0,0.0,0.10145994564630813,0.04059621402404155,0.0,0.0,0.0,4.161582668622071e-07,0.0988232850412419,0.0009713567613099964,0.0006059758836101653,0.0,0.0,0.0036730759312943654,0.0,0.0010118106773701026,0.0,0.0,0.0010664487953769475
2018-02-22 09:00:00,0.0,0.0,0.0,0.002670247973072368,0.0,0.0,0.10011592499800777,0.04080283506028535,0.0,0.0,0.0,4.1863302948566594e-07,0.08240223150748746,0.0009509647743409794,0.00040978013464824416,0.0,0.0,0.003694918561254431,0.0,0.00145793967607426,0.0,0.0,0.0010320674255947409
2018-02-22 10:00:00,0.0,0.0,0.0,0.0026344521366164337,0.0,0.0,0.1021490240296741,0.040298762835345434,0.0,0.0,0.0,4.1302107149163756e-07,0.06664795180035714,0.0008868684710372365,0.00039218959065950507,0.0,0.0,0.0036453865695179185,0.0,0.0018226456839736639,0.0,0.0,0.0008801375491435709
2018-02-22 11:00:00,0.0,0.0,0.0,0.002746251749581932,0.0,0.0,0.1062945211849249,0.041856864599125014,0.0,0.0,0.0,4.3054866111741323e-07,0.037084507269410906,0.0008809579559598631,0.00023656250231009565,0.0,0.0,0.003800087731826819,0.0,0.0019851588932935887,0.0,0.0,0.0008248233406299911
2018-02-22 12:00:00,0.0,0.0,0.0,0.002719287796653282,0.0,0.0,0.11443762028550082,0.04104729140501594,0.0,0.0,0.0,4.2632133788179566e-07,0.042364204819046895,0.0008505079497200658,0.0003025272524804852,0.0,0.0,0.003762776736306719,0.0,0.0018416308009593346,0.0,0.0,0.0008510036040071434
2018-02-22 13:00:00,0.0,0.0,0.0,0.0027447156176412585,0.0,0.0,0.11517263439801484,0.0408801949968437,0.0,0.0,0.0,4.2486089663924176e-07,0.0406782987009114,0.000846229630593467,0.00037493312088142844,0.0,0.0,0.0037498866605729345,0.0,0.0015622262991305856,0.0,0.0,0.0008886470304066839
2018-02-22 14:00:00,0.0,0.0,0.0,0.002792296903113959,0.0,0.0,0.12461932379371461,0.04157091817307676,0.0,0.0,0.0,4.3222611417917477e-07,0.03307449922017063,0.0008662656264726694,0.00038764967348218175,0.0,0.0,0.003814893186764645,0.0,0.0011207009283728453,0.0,0.0,0.0009687416921422069
2018-02-22 15:00:00,0.0,0.0,0.0,0.0027861740369535455,0.0,0.0,0.11599595836529392,0.04138119009383069,0.0,0.0,0.0,4.312783415246252e-07,0.06225276106039029,0.0009445684775256325,0.0004767464924180203,0.0,0.0,0.003806528001682506,0.0,0.0006060350238147898,0.0,0.0,0.0009430903138983489
2018-02-22 16:00:00,0.0,0.0,0.0,0.0027298438696929943,0.0,0.0,0.1224642496554952,0.04054455558051259,0.0,0.0,0.0,4.2255886428030396e-07,0.07524702540279637,0.0009445847413970747,0.0005931947671373904,0.0,0.0,0.0037295685741044644,0.0,0.00020900390968152336,0.0,0.0,0.0009317471748579132
2018-02-22 17:00:00,0.0,0.0,0.0,0.0026699682168268386,0.0,0.0,0.11963266162451137,0.03979265657470735,0.0,0.0,0.0,4.1329057309557393e-07,0.09144432725239841,0.0009389723654693666,0.0006942642598579661,0.0,0.0,0.0036477652315166998,0.0,8.491802348862992e-05,0.0,0.0,0.0010886830531935574
2018-02-22 18:00:00,0.0,0.0,0.0,0.002880782943293383,0.0,0.0,0.11220935005449155,0.04355536046223609,0.0,0.0,0.0,4.459230735760079e-07,0.08892651636618946,0.0010050977082158008,0.0006061691182507248,0.0,0.0,0.003935784626148407,0.0,0.0,0.0,0.0,0.001099994820599972
2018-02-22 19:00:00,0.0,0.0,0.0,0.0031770390684301777,0.0,0.0,0.11313294842859399,0.048065191986871675,0.0,0.0,0.0,4.917812463322272e-07,0.03436445439604103,0.0010910836529778607,0.0003294305796931124,0.0,0.0,0.004340535808610873,0.0,0.0,0.0,0.0,0.0011089386987235103
2018-02-22 20:00:00,0.0,0.0,0.0,0.0033902161461121724,0.0,0.0,0.11669290920917139,0.05129033242275816,0.0,0.0,0.0,5.247794206366163e-07,0.03340554719042889,0.001068617872729119,0.000323469971293049,0.0,0.0,0.00463178269582996,0.0,0.0,0.0,0.0,0.0009168110251214673
2018-02-22 21:00:00,0.0,0.0,0.0,0.003583610906830522,0.0,0.0,0.11769371608057753,0.05211853959690174,0.0,0.0,0.0,5.5471544421444e-07,0.013662155491007756,0.0011154183449655082,0.00026032226253290514,0.0,0.0,0.004896002576673446,0.0,0.0,0.0,0.0,0.0007817102069759003
2018-02-22 22:00:00,0.0,0.0,0.0,0.003919942549941977,0.0,0.0,0.12508550932574203,0.04154090364181744,0.0,0.0,0.0,6.067769993504444e-07,0.0005784538616575807,0.0011978200598635705,0.00016439418683065357,0.0,0.0,0.005355505752130317,0.0,0.0,0.0,0.0,0.000654761977257706
2018-02-22 23:00:00,0.0,0.0,0.0,0.003906007548273674,0.0,0.0,0.11956386291873583,0.03563850713941711,0.0,0.0,0.0,6.123715061737341e-07,0.0,0.0011706383497226646,0.00025871376879485426,0.0,0.0,0.005404883717189202,0.0,0.0,0.0,0.0,0.0005673950531791264
2018-02-23 00:00:00,0.0,0.0,0.0,0.003992136645004105,0.0,0.0,0.11959577132862868,0.03595620442258491,0.0,0.0,0.0,6.258745534767297e-07,0.0,0.001174988208092204,0.000250178712015184,0.0,0.0,0.005524063659045757,0.0,0.0,0.0,0.0,0.0006405646782365482
2018-02-23 01:00:00,0.0,0.0,0.0,0.003869468401320376,0.0,0.0,0.11565697899786863,0.03466463302806346,0.0,0.0,0.0,6.047048577162596e-07,0.0,0.0011250078243808226,0.0003536795468106268,0.0,0.0,0.005337216716038006,0.0,0.0,0.0,0.0,0.0006661173153782371
2018-02-23 02:00:00,0.0,0.0,0.0,0.003979567123757878,0.0,0.0,0.11852328478072464,0.0357860553595893,0.0,0.0,0.0,6.160064254266243e-07,0.0,0.0011427713075157669,0.0003844538967381141,0.0,0.0,0.005436966065380089,0.0,0.0,0.0,0.0,0.000743813593230812
2018-02-23 03:00:00,0.0,0.0,0.0,0.00398784768293141,0.0,0.0,0.11807920868919565,0.036181159114822226,0.0,0.0,0.0,6.172881923872992e-07,0.0,0.0011504546841582409,0.00023367063541874107,0.0,0.0,0.005448279134824273,0.0,0.0,0.0,0.0,0.0007922222738353481
2018-02-23 04:00:00,0.0,0.0,0.0,0.0037463488845750144,0.0,0.0,0.11475612178242962,0.04182189035284169,0.0,0.0,0.0,5.799060332493799e-07,0.0,0.0010743403102069368,0.00031339395937901354,0.0,0.0,0.005118338533080151,0.0,0.0,0.0,0.0,0.0007394692956586512
2018-02-23 05:00:00,0.0,0.0,0.0,0.0032190950702789736,0.0,0.0,0.10657740356923004,0.047359971741901596,0.0,0.0,0.0,5.030671463252994e-07,0.06822467370203375,0.0009774537983347996,0.000559787398419162,0.0,0.0,0.00444014687230572,0.0,3.3635421788152647e-07,0.0,0.0,0.0006186933893442087
2018-02-23 06:00:00,0.0,0.0,0.0,0.0027894490202835407,0.0,0.0,0.11085849882150646,0.04288779658846373,0.0,0.0,0.0,4.3732099255692353e-07,0.11319260211925461,0.000917177761848303,0.0006614944111657119,0.0,0.0,0.0038598613554454747,0.0,0.00017923868585468665,0.0,0.0,0.0005566130059689482
2018-02-23 07:00:00,0.0,0.0,0.0,0.0027198668334993087,0.0,0.0,0.11692266639847584,0.04168507392893904,0.0,0.0,0.0,4.2641211744664526e-07,0.11796695859091733,0.0009056272089654669,0.0004870906045197924,0.0,0.0,0.0037635779705035475,0.0,0.0005514314042085561,0.0,0.0,0.0004979125097844014
2018-02-23 08:00:00,0.0,0.0,0.0,0.002712654213782918,0.0,0.0,0.12688371866483034,0.04157453227212113,0.0,0.0,0.0,4.2528134574572094e-07,0.09054465787046721,0.0009311756618159328,0.00035834346058290846,0.0,0.0,0.0037535976081049575,0.0,0.0011005505739887134,0.0,0.0,0.0003803303534413292
2018-02-23 09:00:00,0.0,0.0,0.0,0.0026907394318767992,0.0,0.0,0.1373249427863234,0.04120360424094229,0.0,0.0,0.0,4.218456155692009e-07,0.06764076438957188,0.0009004700503640036,0.00030801124341075186,0.0,0.0,0.0037232733328888268,0.0,0.0015851801631293204,0.0,0.0,0.0003512479183412147
2018-02-23 10:00:00,0.0,0.0,0.0,0.0027440329785965467,0.0,0.0,0.1467731305224183,0.04181410830317312,0.0,0.0,0.0,4.3020080922174147e-07,0.03298294087863313,0.0008623932654729583,0.0002669725219958845,0.0,0.0,0.003797017538279349,0.0,0.0020211910221542085,0.0,0.0,0.00046620557500139104
2018-02-23 11:00:00,0.0,0.0,0.0,0.002858825084874399,0.0,0.0,0.16123019916649364,0.037175039372971896,0.0,0.0,0.0,4.4819755248182354e-07,0.0,0.0008576906378587965,0.00019392501845897617,0.0,0.0,0.00395585952166395,0.0,0.0023794332997582246,0.0,0.0,0.0005743300262670398
2018-02-23 12:00:00,0.0,0.0,0.0,0.0027650574063962687,0.0,0.0,0.16523426460867055,0.032506060108013,0.0,0.0,0.0,4.334969524982303e-07,0.0,0.000829747097131315,0.00017651119294898098,0.0,0.0,0.0038261097983616826,0.0,0.0022799189723116545,0.0,0.0,0.0005791963067781574
2018-02-23 13:00:00,0.0,0.0,0.0,0.0027833906675372227,0.0,0.0,0.15999329251985858,0.033437852049816426,0.0,0.0,0.0,4.363711831798695e-07,0.0,0.0008393022665308109,0.00019502743445953244,0.0,0.0,0.003851478193941849,0.0,0.001979552481834296,0.0,0.0,0.0005765501682200017
2018-02-23 14:00:00,0.0,0.0,0.0,0.0029031252955875417,0.0,0.0,0.15448157286258904,0.03498974770930814,0.0,0.0,0.0,4.5514279936702496e-07,0.003189371534516041,0.0008777384087914052,0.00016961339144704426,0.0,0.0,0.004017159323211272,0.0,0.0015228225301719717,0.0,0.0,0.0006318738403358736
2018-02-23 15:00:00,0.0,0.0,0.0,0.002816987045324305,0.0,0.0,0.15015893014851422,0.03546562805598502,0.0,0.0,0.0,4.4163831700211474e-07,0.032766048868168675,0.0008741636162875095,0.00022562009236924555,0.0,0.0,0.0038979667152807774,0.0,0.0008471200437662591,0.0,0.0,0.0008703475177399363
2018-02-23 16:00:00,0.0,0.0,0.0,0.0027078850178615345,0.0,0.0,0.13285729540839614,0.03560038466848288,0.0,0.0,0.0,4.2453364629723783e-07,0.057040100285415896,0.0008937870528092256,0.0004329864645446097,0.0,0.0,0.003746998299460261,0.0,0.0002936061244637548,0.0,0.0,0.0013330379098755163
2018-02-23 17:00:00,0.0,0.0,0.0,0.002598663058807025,0.0,0.0,0.1167370667277308,0.031184795052043867,0.0,0.0,0.0,4.074101730968297e-07,0.08294394658894785,0.0008941680325453926,0.0005263279284046353,0.0,0.0,0.0035958639299647046,0.0,9.504570726698555e-05,0.0,0.0,0.0013570857152168615
2018-02-23 18:00:00,0.0,0.0,0.0,0.002831850883879755,0.0,0.0,0.11132124528916199,0.027867269795202893,0.0,0.0,0.0,4.439686225868408e-07,0.052543472582009844,0.0009777970336155967,0.0005108027291229378,0.0,0.0,0.003918534345524807,0.0,0.0,0.0,0.0,0.0013784461257500588
2018-02-23 19:00:00,0.0,0.0,0.0,0.00310913329765869,0.0,0.0,0.09756135182530656,0.02868176787912666,0.0,0.0,0.0,4.874400821943218e-07,0.015133479292693711,0.0010487822396695785,0.0002924234776914357,0.0,0.0,0.004302220036034814,0.0,0.0,0.0,0.0,0.0017789528368877313
2018-02-23 20:00:00,0.0,0.0,0.0,0.003252106405080743,0.0,0.0,0.08760589476811116,0.029937133963295372,0.0,0.0,0.0,5.098549536589396e-07,0.008082559452488617,0.001012155085190824,0.00020640261985202077,0.0,0.0,0.004500057088511307,0.0,0.0,0.0,0.0,0.002034959737029839
2018-02-23 21:00:00,0.0,0.0,0.0,0.0033625753370333574,0.0,0.0,0.08921737388897374,0.03104259276019462,0.0,0.0,0.0,5.288690163263716e-07,0.0012318685671479348,0.0010198268841694795,0.00020199810371359037,0.0,0.0,0.004667878087157938,0.0,0.0,0.0,0.0,0.002032197479671772
2018-02-23 22:00:00,0.0,0.0,0.0,0.003363972549018494,0.0,0.0,0.08876158175238054,0.031199784084803873,0.0,0.0,0.0,5.307955091149034e-07,0.0,0.001007228446711149,0.00021460228600050118,0.0,0.0,0.004684881604465722,0.0,0.0,0.0,0.0,0.002353381091548678
2018-02-23 23:00:00,0.0,0.0,0.0,0.003645997656264899,0.0,0.0,0.09898257522225852,0.03398693664177233,0.0,0.0,0.0,5.79031458117423e-07,0.0,0.001079858557967573,0.0001948849459876813,0.0,0.0,0.005110619400425355,0.0,0.0,0.0,0.0,0.0026649688940852236
2018-02-24 00:00:00,0.0,0.0,0.0,0.003778800234097212,0.0,0.0,0.0983552527548381,0.03529969857281257,0.0,0.0,0.0,6.001222205187275e-07,0.0,0.0011035089600702798,0.00032816431260781657,0.0,0.0,0.0052967696656429164,0.0,0.0,0.0,0.0,0.002771908838962396
2018-02-24 01:00:00,0.0,0.0,0.0,0.003908286731527907,0.0,0.0,0.09006721860666714,0.03643191961302448,0.0,0.0,0.0,6.206863465776079e-07,0.0,0.0011455256164019424,0.00024364107074143916,0.0,0.0,0.005478271758691536,0.0,0.0,0.0,0.0,0.0027816978251597136
2018-02-24 02:00:00,0.0,0.0,0.0,0.0037949928499131243,0.0,0.0,0.0857135773474134,0.03542591568678096,0.0,0.0,0.0,6.026938167814166e-07,0.0,0.0011039470276433183,0.0003098688071178636,0.0,0.0,0.0053194669639777745,0.0,0.0,0.0,0.0,0.002753399520085262
2018-02-24 03:00:00,0.0,0.0,0.0,0.003726115357847972,0.0,0.0,0.08359249710742371,0.03481983818732579,0.0,0.0,0.0,5.917551825797661e-07,0.0,0.001082215460929857,0.0002382425627816773,0.0,0.0,0.005222920920785463,0.0,0.0,0.0,0.0,0.002502755707903419
2018-02-24 04:00:00,0.0,0.0,0.0,0.0035740121563471758,0.0,0.0,0.0797306169455223,0.03337487482166019,0.0,0.0,0.0,5.675992321780977e-07,0.0,0.0010251277243365686,0.00021916582267120455,0.0,0.0,0.005009716841753467,0.0,0.0,0.0,0.0,0.0025427041035707715
2018-02-24 05:00:00,0.0,0.0,0.0,0.00347518766227682,0.0,0.0,0.07774803189074428,0.03241763093062072,0.0,0.0,0.0,5.519046277668882e-07,0.0,0.0009864802755704621,0.00027646731596613224,0.0,0.0,0.004871193884733639,0.0,6.812442560377638e-07,0.0,0.0,0.002663322039980836
2018-02-24 06:00:00,0.0,0.0,0.0,0.0033823386549482817,0.0,0.0,0.08991350571273556,0.03152918361568816,0.0,0.0,0.0,5.371590077290313e-07,0.0,0.0009937476459889148,0.0002264464358538661,0.0,0.0,0.00474104680760974,0.0,0.00029734716948825616,0.0,0.0,0.002513401460778109
2018-02-24 07:00:00,0.0,0.0,0.0,0.0029740409090947125,0.0,0.0,0.10673366992869046,0.02811775497066559,0.0,0.0,0.0,4.785307439767561e-07,0.0,0.0008557048709947301,0.00031773871347492186,0.0,0.0,0.00422358486673386,0.0,0.0008876123984510127,0.0,0.0,0.0022225992033800784
2018-02-24 08:00:00,0.0,0.0,0.0,0.0028697082087509,0.0,0.0,0.11800728453121748,0.027160135748217195,0.0,0.0,0.0,4.617433472183753e-07,0.0,0.0007969429396276405,0.0002803282854584645,0.0,0.0,0.004075416758847361,0.0,0.001792005171108596,0.0,0.0,0.0021266680798965186
2018-02-24 09:00:00,0.0,0.0,0.0,0.002854551499395297,0.0,0.0,0.13532537986962997,0.026978511252347494,0.0,0.0,0.0,4.5930459414608346e-07,0.0,0.0007552105349075859,8.948591013457415e-05,0.0,0.0,0.0040538919546430725,0.0,0.002853212853656812,0.0,0.0,0.002077325658286787
2018-02-24 10:00:00,0.0,0.0,0.0,0.0026866337670563892,0.0,0.0,0.1500878971063703,0.02539151497361889,0.0,0.0,0.0,4.322862040703778e-07,0.0,0.0007008776105651872,0.00010038803508839453,0.0,0.0,0.0038154235492509083,0.0,0.0035379446780252166,0.0,0.0,0.001984085119366214
2018-02-24 11:00:00,0.0,0.0,0.0,0.0026808663362223057,0.0,0.0,0.14302472405163508,0.025292194153896882,0.0,0.0,0.0,4.313582097850844e-07,0.0,0.0006748434783978175,2.7468478476888087e-05,0.0,0.0,0.0038072329310531966,0.0,0.003954532894942338,0.0,0.0,0.002321970255079987
2018-02-24 12:00:00,0.0,0.0,0.0,0.002724919502880278,0.0,0.0,0.13759715742623999,0.025753355447139557,0.0,0.0,0.0,4.3844647630855614e-07,0.0,0.0006831159757531725,2.0581577220782692e-05,0.0,0.0,0.0038697950456022374,0.0,0.0038875084410429027,0.0,0.0,0.0023287664596619486
2018-02-24 13:00:00,0.0,0.0,0.0,0.002720517063977205,0.0,0.0,0.13640076057055955,0.025184232376553168,0.0,0.0,0.0,4.377381126955482e-07,0.0,0.0006875228385610927,4.5904611326727385e-05,0.0,0.0,0.0038635429210027144,0.0,0.003024973960752645,0.0,0.0,0.0025626622310770666
2018-02-24 14:00:00,0.0,0.0,0.0,0.002813190059439759,0.0,0.0,0.12205008215130417,0.02536973150841747,0.0,0.0,0.0,4.467708692241941e-07,0.0,0.0007090408223521919,2.6113193105009185e-05,0.0,0.0,0.003943267399021066,0.0,0.001872248312169282,0.0,0.0,0.0027637745511409624
2018-02-24 15:00:00,0.0,0.0,0.0,0.0028848604402897716,0.0,0.0,0.09495970984192346,0.025759047205322783,0.0,0.0,0.0,4.5815305019079614e-07,0.0,0.0007598403802180723,0.00011921509806619738,0.0,0.0,0.004043728253179481,0.0,0.0009093120363852676,0.0,0.0,0.003177199240485561
2018-02-24 16:00:00,0.0,0.0,0.0,0.0029497859998110303,0.0,0.0,0.07612377963012357,0.027282915222287357,0.0,0.0,0.0,4.68464066527871e-07,0.0,0.0008217606463170176,0.00021708890538653277,0.0,0.0,0.004134734845984791,0.0,0.0002957022410426711,0.0,0.0,0.003472861996554297
2018-02-24 17:00:00,0.0,0.0,0.0,0.003063896762685797,0.0,0.0,0.06320592424016606,0.015559294999443496,0.0,0.0,0.0,4.865863276052288e-07,0.016570325121547644,0.0009415452804873361,0.0003655253792800056,0.0,0.0,0.0042946846686466485,0.0,0.00010475788407735562,0.0,0.0,0.0037782605149054753
2018-02-24 18:00:00,0.0,0.0,0.0,0.0032992820859115137,0.0,0.0,0.052390157766404793,0.016569571494868325,0.0,0.0,0.0,5.239685532061236e-07,0.0,0.0009697546957769572,0.00025356652380837525,0.0,0.0,0.004624625857003062,0.0,0.0,0.0,0.0,0.004008587224447641
2018-02-24 19:00:00,0.0,0.0,0.0,0.003191881348755641,0.0,0.0,0.04976062407354666,0.01596699327652369,0.0,0.0,0.0,5.06911930766613e-07,0.0,0.0009394187810604742,9.385628065215861e-05,0.0,0.0,0.0044740815224542894,0.0,0.0,0.0,0.0,0.003950189251048627
2018-02-24 20:00:00,0.0,0.0,0.0,0.0032211553385693738,0.0,0.0,0.044460823222840014,0.015953999109171575,0.0,0.0,0.0,5.115610179588755e-07,0.0,0.0009164570503667773,3.8863433379073815e-05,0.0,0.0,0.0045151150705732375,0.0,0.0,0.0,0.0,0.004259014800417463
2018-02-24 21:00:00,0.0,0.0,0.0,0.003367731431030526,0.0,0.0,0.04395570244666622,0.01669108460997202,0.0,0.0,0.0,5.348391921499915e-07,0.0,0.0009227307473915542,4.895407691508726e-05,0.0,0.0,0.004720571763745636,0.0,0.0,0.0,0.0,0.004116281889787413
2018-02-24 22:00:00,0.0,0.0,0.0,0.003570861885394779,0.0,0.0,0.04644298283155307,0.017638921557648173,0.0,0.0,0.0,5.670989285150121e-07,0.0,0.00093609448496019,2.951273730558889e-05,0.0,0.0,0.005005301085803037,0.0,0.0,0.0,0.0,0.0038748372524638874
2018-02-24 23:00:00,0.0,0.0,0.0,0.0037270164993303072,0.0,0.0,0.058735773576634384,0.01841027566611689,0.0,0.0,0.0,5.91898295471128e-07,0.0,0.0009688594914319047,4.899123592954917e-05,0.0,0.0,0.005224184056853103,0.0,0.0,0.0,0.0,0.003403066707509016
2018-02-25 00:00:00,0.0,0.0,0.0,0.0038266623654106885,0.0,0.0,0.06739648342762058,0.018334283269512947,0.0,0.0,0.0,6.077233443525375e-07,0.0,0.0010010416272644425,6.516094487286457e-05,0.0,0.0,0.00536385833653552,0.0,0.0,0.0,0.0,0.0032789155994839662
2018-02-25 01:00:00,0.0,0.0,0.0,0.0037537661223657156,0.0,0.0,0.0667271935530867,0.017972637952689753,0.0,0.0,0.0,5.961464806567847e-07,0.0,0.000977831718792293,6.150318373212637e-05,0.0,0.0,0.005261679183105835,0.0,0.0,0.0,0.0,0.0031937106133254653
2018-02-25 02:00:00,0.0,0.0,0.0,0.00381245404267366,0.0,0.0,0.06607293880629216,0.01821588906662137,0.0,0.0,0.0,6.054668794264868e-07,0.0,0.0009684137039122718,9.310335627239228e-05,0.0,0.0,0.005343942435135366,0.0,0.0,0.0,0.0,0.003326458127107376
2018-02-25 03:00:00,0.0,0.0,0.0,0.003958034621093309,0.0,0.0,0.07030296835431635,0.018950654071194437,0.0,0.0,0.0,6.285869531465185e-07,0.0,0.0010006998543113657,0.000138576806987919,0.0,0.0,0.005548003709590158,0.0,0.0,0.0,0.0,0.003339194093879395
2018-02-25 04:00:00,0.0,0.0,0.0,0.00397309686898084,0.0,0.0,0.0716493690198092,0.019625834395760378,0.0,0.0,0.0,6.309790324013852e-07,0.0,0.0010060966489567728,0.00018538971016244748,0.0,0.0,0.005569116563608529,0.0,0.0,0.0,0.0,0.0031890299884843837
2018-02-25 05:00:00,0.0,0.0,0.0,0.004011834761522267,0.0,0.0,0.07503937273195928,0.019976042067258018,0.0,0.0,0.0,6.37131109423189e-07,0.0,0.0010270797114814267,0.0001477916893097356,0.0,0.0,0.005623415727738165,0.0,4.423745508464824e-06,0.0,0.0,0.002795020401727602
2018-02-25 06:00:00,0.0,0.0,0.0,0.00381094301727183,0.0,0.0,0.07689728739266308,0.01901347167637577,0.0,0.0,0.0,6.052269091017199e-07,0.0,0.0010351294285935598,0.0002295797447328481,0.0,0.0,0.005341824420681941,0.0,0.0003276803926924683,0.0,0.0,0.002307673962550458
2018-02-25 07:00:00,0.0,0.0,0.0,0.0035113745210716913,0.0,0.0,0.07776537611872533,0.01747252572053952,0.0,0.0,0.0,5.576515677235498e-07,0.0,0.0009306669789379444,0.00043298286869876656,0.0,0.0,0.0049219172477286055,0.0,0.0009911494289235269,0.0,0.0,0.0020252485259410276
2018-02-25 08:00:00,0.0,0.0,0.0,0.003387569526040634,0.0,0.0,0.07619363532336867,0.016878830396344843,0.0,0.0,0.0,5.379897375323333e-07,0.0,0.0008870171566664823,0.00014413968573082517,0.0,0.0,0.004748378954749155,0.0,0.0018886659343654252,0.0,0.0,0.0016705982105058872
2018-02-25 09:00:00,0.0,0.0,0.0,0.0032249471353597995,0.0,0.0,0.07446119017001836,0.016089834127162708,0.0,0.0,0.0,5.121632042001837e-07,0.0,0.0008401667122326236,8.900223989234239e-05,0.0,0.0,0.004520430057599167,0.0,0.0027511563300053866,0.0,0.0,0.0013379313657121991
2018-02-25 10:00:00,0.0,0.0,0.0,0.0031166457422682607,0.0,0.0,0.08916046187772628,0.015518646743234225,0.0,0.0,0.0,4.949635459803855e-07,0.0,0.0007890479328063688,8.620749605374693e-05,0.0,0.0,0.004368623267576782,0.0,0.003181772475890416,0.0,0.0,0.0013122616476954636
2018-02-25 11:00:00,0.0,0.0,0.0,0.00309331470462548,0.0,0.0,0.08046391394027778,0.015412682709694073,0.0,0.0,0.0,4.912582762519536e-07,0.0,0.0007776393420356895,6.012475551002784e-05,0.0,0.0,0.004335919995427288,0.0,0.0033752419904643375,0.0,0.0,0.001480744302540802
2018-02-25 12:00:00,0.0,0.0,0.0,0.003090287264271767,0.0,0.0,0.07046350425877027,0.015407795958410664,0.0,0.0,0.0,4.907774796723503e-07,0.0,0.0007787103913867512,3.5808524051480664e-05,0.0,0.0,0.004331676411951931,0.0,0.002984383167672865,0.0,0.0,0.0017605838688374493
2018-02-25 13:00:00,0.0,0.0,0.0,0.0031538635611962416,0.0,0.0,0.06522560410649772,0.015246063025125033,0.0,0.0,0.0,5.008742157047034e-07,0.0,0.0007946872798408307,3.4252948345686245e-05,0.0,0.0,0.004420791734314008,0.0,0.0024078191194758696,0.0,0.0,0.0019679515172905337
2018-02-25 14:00:00,0.0,0.0,0.0,0.0031825598793434216,0.0,0.0,0.0621525731220567,0.014933216285827626,0.0,0.0,0.0,5.054315611848388e-07,0.0,0.0008116156219167122,6.688218589875088e-05,0.0,0.0,0.004461015556178446,0.0,0.0016876477863454803,0.0,0.0,0.0021506488483306594
2018-02-25 15:00:00,0.0,0.0,0.0,0.0032559338762341247,0.0,0.0,0.06526274290984857,0.01613699575683455,0.0,0.0,0.0,5.170842983539162e-07,0.0,0.0008646250894126631,9.64158637123017e-05,0.0,0.0,0.00456386438038217,0.0,0.0009113076956126929,0.0,0.0,0.00239001105625595
2018-02-25 16:00:00,0.0,0.0,0.0,0.0033788279007134136,0.0,0.0,0.07956580950849586,0.01711400427503828,0.0,0.0,0.0,5.36601454670758e-07,0.006228301484660511,0.0009462226662280922,0.00026480204587692505,0.0,0.0,0.004736125759821347,0.0,0.00031395614939296637,0.0,0.0,0.002656548309968486
2018-02-25 17:00:00,0.0,0.0,0.0,0.0031684499762423563,0.0,0.0,0.07761039985554422,0.01581841540253661,0.0,0.0,0.0,5.031907265665096e-07,0.029573430258276388,0.0009229552649680315,0.0004944577808612771,0.0,0.0,0.0044412376102429835,0.0,0.00010595172659135378,0.0,0.0,0.0029141370700512025
2018-02-25 18:00:00,0.0,0.0,0.0,0.003312915898099295,0.0,0.0,0.07946233016360776,0.01653869685687587,0.0,0.0,0.0,5.278475692555222e-07,0.0,0.0009478339680194244,0.00043993468478417696,0.0,0.0,0.0046588626405123235,0.0,0.0,0.0,0.0,0.0031826748143654717
2018-02-25 19:00:00,0.0,0.0,0.0,0.0034179662973074783,0.0,0.0,0.08100610984426547,0.01699644934224377,0.0,0.0,0.0,5.428171369022863e-07,0.0,0.0009476636661716849,0.000260984548591208,0.0,0.0,0.004790986313171259,0.0,0.0,0.0,0.0,0.003277675471944062
2018-02-25 20:00:00,0.0,0.0,0.0,0.003549840933573347,0.0,0.0,0.08405357849751127,0.017687360389564522,0.0,0.0,0.0,5.63760530213174e-07,0.0,0.0009263256665319095,0.00020986970613298578,0.0,0.0,0.004975835876463303,0.0,0.0,0.0,0.0,0.0030751396036481325
2018-02-25 21:00:00,0.0,0.0,0.0,0.0038499664097101055,0.0,0.0,0.0915289663271287,0.019170054483679047,0.0,0.0,0.0,6.114243271898517e-07,0.0,0.000998273036632655,0.00025175781937865344,0.0,0.0,0.00539652377193434,0.0,0.0,0.0,0.0,0.002714471082906162
2018-02-25 22:00:00,0.0,0.0,0.0,0.004062184320538601,0.0,0.0,0.08804987260200976,0.020240151429511924,0.0,0.0,0.0,6.451272688619375e-07,0.0,0.0010640535732186131,0.00010679396266294048,0.0,0.0,0.0056939910427468285,0.0,0.0,0.0,0.0,0.00256738987581429
2018-02-25 23:00:00,0.0,0.0,0.0,0.004149945154801594,0.0,0.0,0.081798345251582,0.020637807690595457,0.0,0.0,0.0,6.5693192552175e-07,0.0,0.0010467941163358925,6.287804538363246e-05,0.0,0.0,0.0057981807313988816,0.0,0.0,0.0,0.0,0.002480574356763472
2018-02-26 00:00:00,0.0,0.0,0.0,0.004319631165631915,0.0,0.0,0.08122645593408882,0.021369880587411037,0.0,0.0,0.0,6.815872574284763e-07,0.0,0.0010732998589130327,6.247511622275986e-05,0.0,0.0,0.006015792427274805,0.0,0.0,0.0,0.0,0.0022348956573833285
2018-02-26 01:00:00,0.0,0.0,0.0,0.004357795618606632,0.0,0.0,0.08281888791923012,0.021448881352783666,0.0,0.0,0.0,6.832014105407633e-07,0.0,0.001059708160094425,4.4756288913038204e-05,0.0,0.0,0.006030039187265587,0.0,0.0,0.0,0.0,0.002046437543702205
2018-02-26 02:00:00,0.0,0.0,0.0,0.004279873757622047,0.0,0.0,0.08247121852608143,0.03170662487935581,0.0,0.0,0.0,6.731425759494201e-07,0.0,0.001019736064836956,6.663010904675568e-05,0.0,0.0,0.005941258388765752,0.0,0.0,0.0,0.0,0.001886547500209768
2018-02-26 03:00:00,0.0,0.0,0.0,0.004182063168250493,0.0,0.0,0.0815018106471665,0.0448611152875196,0.0,0.0,0.0,6.598806370134867e-07,0.0,0.0010009061163035627,0.0001009529114596494,0.0,0.0,0.005824206505896388,0.0,0.0,0.0,0.0,0.0016585557066134357
2018-02-26 04:00:00,0.0,0.0,0.0,0.004047119369645642,0.0,0.0,0.08660664925238633,0.0425156712408265,0.0,0.0,0.0,6.344945710998793e-07,0.0,0.0009868585849668436,0.00011797638901379832,0.0,0.0,0.005600145240934426,0.0,0.0,0.0,0.0,0.0016429581654468384
2018-02-26 05:00:00,0.0,0.0,0.0,0.0034102205415773236,0.0,0.0,0.08552753488316846,0.03762928025242018,0.0,0.0,0.0,5.415870109786049e-07,0.058273477704339036,0.0008988256486102238,0.0005246102940902834,0.0,0.0,0.004780129035345678,0.0,5.264506353050415e-06,0.0,0.0,0.001551387629192227
2018-02-26 06:00:00,0.0,0.0,0.0,0.0028583839156592007,0.0,0.0,0.08239422681912706,0.03720872181915306,0.0,0.0,0.0,4.539482365545672e-07,0.12974289173732143,0.0008428024481077657,0.0007756808631254095,0.0,0.0,0.00400661593079487,0.0,0.00020755618886146438,0.0,0.0,0.0012451473603268652
2018-02-26 07:00:00,0.0,0.0,0.0,0.0027347950607288255,0.0,0.0,0.08587563776197325,0.03948928685969034,0.0,0.0,0.0,4.343207321993646e-07,0.12428681790848001,0.0007967844161900338,0.0009196706016786629,0.0,0.0,0.0038333806028460907,0.0,0.0006843819791873316,0.0,0.0,0.0009983404963955496
2018-02-26 08:00:00,0.0,0.0,0.0,0.0028575778622122894,0.0,0.0,0.09229294111541404,0.04424184929782972,0.0,0.0,0.0,4.5382022486978636e-07,0.06539952359837162,0.0008217223238483666,0.0007205127318525979,0.0,0.0,0.004005486080265075,0.0,0.0014076930012643187,0.0,0.0,0.001073833789742709
2018-02-26 09:00:00,0.0,0.0,0.0,0.0029624007536496783,0.0,0.0,0.1150436618052084,0.04612867348632264,0.0,0.0,0.0,4.704674521571606e-07,0.011397625845513537,0.0008271537679031008,0.0004210243378735112,0.0,0.0,0.004152417031158061,0.0,0.002085373252726348,0.0,0.0,0.0012209592397751869
2018-02-26 10:00:00,0.0,0.0,0.0,0.002942842468223381,0.0,0.0,0.12850353632334763,0.03916268037832671,0.0,0.0,0.0,4.673613441460361e-07,0.0,0.0007734891893651211,0.00026907234506713977,0.0,0.0,0.004125002051127303,0.0,0.0024323286243579075,0.0,0.0,0.0013949968010519885
2018-02-26 11:00:00,0.0,0.0,0.0,0.002879947128558386,0.0,0.0,0.12478533891189074,0.03824015684638555,0.0,0.0,0.0,4.573727529102641e-07,0.004922121127817885,0.0007420673542165499,0.00024675565851884105,0.0,0.0,0.004036841231128983,0.0,0.0025172732079880612,0.0,0.0,0.0016320484811827329
2018-02-26 12:00:00,0.0,0.0,0.0,0.002838665784263269,0.0,0.0,0.12216348216673766,0.04378981020473004,0.0,0.0,0.0,4.5081674294158617e-07,0.004612311699218973,0.0007265380852783693,0.0002588987670481278,0.0,0.0,0.003978976893594989,0.0,0.002259693756611229,0.0,0.0,0.0019118398847407327
2018-02-26 13:00:00,0.0,0.0,0.0,0.002839248535196493,0.0,0.0,0.1183563586882478,0.04371448186059557,0.0,0.0,0.0,4.509092913067789e-07,0.0,0.0007262174907401803,0.00030364351840856253,0.0,0.0,0.003979793739491704,0.0,0.0017524401257281164,0.0,0.0,0.0023106262858802805
2018-02-26 14:00:00,0.0,0.0,0.0,0.002813107973068105,0.0,0.0,0.1173172136655403,0.04333985505032209,0.0,0.0,0.0,4.4675783284953035e-07,0.006814465120839616,0.0007235651304362148,0.00035336487623603203,0.0,0.0,0.003943152338002646,0.0,0.0011870553573344138,0.0,0.0,0.0025974933431523422
2018-02-26 15:00:00,0.0,0.0,0.0,0.00284809385184841,0.0,0.0,0.09774148548105553,0.044254777921049336,0.0,0.0,0.0,4.5231404168824704e-07,0.02092435929910477,0.0007651964799533564,0.00048533227324418395,0.0,0.0,0.003992192279245703,0.0,0.0006477611500718333,0.0,0.0,0.0029298891623366517
2018-02-26 16:00:00,0.0,0.0,0.0,0.0026821405329760127,0.0,0.0,0.07812793442392996,0.04188853842355612,0.0,0.0,0.0,4.2595851399310573e-07,0.08394462196731226,0.0007969384453896574,0.0005382596315733041,0.0,0.0,0.003759574397679894,0.0,0.00020856040349586795,0.0,0.0,0.002978788749108349
2018-02-26 17:00:00,0.0,0.0,0.0,0.0026393136967683157,0.0,0.0,0.07375148001116608,0.04057086715688134,0.0,0.0,0.0,4.1378325151197014e-07,0.1156403287038419,0.0008128853336265682,0.0006237269304908529,0.0,0.0,0.0036521136858842593,0.0,8.282726195031326e-05,0.0,0.0,0.003043233431837071
2018-02-26 18:00:00,0.0,0.0,0.0,0.002733532041436329,0.0,0.0,0.07559224506486459,0.042072593943266345,0.0,0.0,0.0,4.285545055150628e-07,0.11731715170452642,0.0008372901191672773,0.0006436391753488156,0.0,0.0,0.003782487012270107,0.0,0.0,0.0,0.0,0.003183915315118104
2018-02-26 19:00:00,0.0,0.0,0.0,0.0029669674790111945,0.0,0.0,0.0785457780733904,0.04628789459017966,0.0,0.0,0.0,4.711927070514847e-07,0.04439654580405744,0.0008551418025849449,0.000494314041559792,0.0,0.0,0.004158818240766322,0.0,0.0,0.0,0.0,0.003458477868358101
2018-02-26 20:00:00,0.0,0.0,0.0,0.003146160077364561,0.0,0.0,0.08028066313794974,0.049041967342287,0.0,0.0,0.0,4.996508031037717e-07,0.019755339531231573,0.0008621087528870597,0.0002519249746913392,0.0,0.0,0.004409993709292406,0.0,0.0,0.0,0.0,0.0035561620621339125
2018-02-26 21:00:00,0.0,0.0,0.0,0.0034489705985985457,0.0,0.0,0.08443347377927476,0.05362557597024272,0.0,0.0,0.0,5.477410198767119e-07,0.012236088140373675,0.0009066136973930157,0.00012361855835903642,0.0,0.0,0.004834445250508339,0.0,0.0,0.0,0.0,0.0034451028021699743
2018-02-26 22:00:00,0.0,0.0,0.0,0.0036529595604921175,0.0,0.0,0.0884590143282152,0.04790392106611341,0.0,0.0,0.0,5.763942783223071e-07,0.008434944512813297,0.0009216133098412899,9.669720685609836e-05,0.0,0.0,0.005087343251894242,0.0,0.0,0.0,0.0,0.0032341122384448202
2018-02-26 23:00:00,0.0,0.0,0.0,0.0035166869575780323,0.0,0.0,0.09163425423045583,0.04374498232899282,0.0,0.0,0.0,5.972796436088517e-07,0.009527174732902327,0.0009216131583507784,9.036050775237332e-05,0.0,0.0,0.005271680651049399,0.0,0.0,0.0,0.0,0.003228603637021947
2018-02-27 00:00:00,0.0,0.0,0.0,0.003609925808607015,0.0,0.0,0.09109610122255822,0.044790150935485024,0.0,0.0,0.0,6.131154767054216e-07,0.007953972759033413,0.0009499870635290935,8.987015431676944e-05,0.0,0.0,0.005411450113849149,0.0,0.0,0.0,0.0,0.00300582080434743
2018-02-27 01:00:00,0.0,0.0,0.0,0.003681649829668733,0.0,0.0,0.09257586478212418,0.045602117490874276,0.0,0.0,0.0,6.25297197243732e-07,0.004332549048868426,0.0009734220668749084,9.94231808071735e-05,0.0,0.0,0.005518967825436116,0.0,0.0,0.0,0.0,0.003161561990613631
2018-02-27 02:00:00,0.0,0.0,0.0,0.003758840874808375,0.0,0.0,0.0946051365021565,0.046677610262178544,0.0,0.0,0.0,6.384074457494884e-07,0.0015309311230322015,0.0009948843447599557,0.0001013407787863849,0.0,0.0,0.00563468086558035,0.0,0.0,0.0,0.0,0.003334748600533235
2018-02-27 03:00:00,0.0,0.0,0.0,0.0036005270542484877,0.0,0.0,0.09287322425650177,0.04476247794387747,0.0,0.0,0.0,6.115191774836408e-07,0.004020722478588957,0.0009577071862096122,0.00012561858145706807,0.0,0.0,0.005397360935001698,0.0,0.0,0.0,0.0,0.00343128599267917
2018-02-27 04:00:00,0.0,0.0,0.0,0.003408269611597924,0.0,0.0,0.09091246036259572,0.04955261427652199,0.0,0.0,0.0,5.788658710583903e-07,0.02320595965723384,0.000904708959333752,0.00017855560040400654,0.0,0.0,0.005109157903947938,0.0,0.0,0.0,0.0,0.0033809690778234635
2018-02-27 05:00:00,0.0,0.0,0.0,0.0026897888693197653,0.0,0.0,0.0755268644764118,0.04464994341797914,0.0,0.0,0.0,4.568379718269871e-07,0.10260613120405372,0.0007606736282197505,0.0006817570416417729,0.0,0.0,0.004032121172242957,0.0,4.8166338290811055e-06,0.0,0.0,0.0029249834252786052
2018-02-27 06:00:00,0.0,0.0,0.0,0.002482326296153238,0.0,0.0,0.07420162209206412,0.041757976383693426,0.0,0.0,0.0,4.216022021216225e-07,0.11618880156648104,0.000790801240281203,0.0008486369973520268,0.0,0.0,0.003721124928911669,0.0,0.00015427847012955957,0.0,0.0,0.0028232045001907458
2018-02-27 07:00:00,0.0,0.0,0.0,0.0023623836391030726,0.0,0.0,0.07474260032667124,0.037997948411554655,0.0,0.0,0.0,4.0123095261303386e-07,0.11222301664007171,0.0007650265491333975,0.0008807669378825002,0.0,0.0,0.0035413251935259866,0.0,0.0004687842254401325,0.0,0.0,0.0026098637659876262
2018-02-27 08:00:00,0.0,0.0,0.0,0.0023655587814964403,0.0,0.0,0.09298683332115698,0.033499498391218165,0.0,0.0,0.0,4.0177022379070615e-07,0.09323882933142055,0.0007583112293054187,0.000624163453019627,0.0,0.0,0.0035460848826656104,0.0,0.0009588309016484249,0.0,0.0,0.002429997597093347
2018-02-27 09:00:00,0.0,0.0,0.0,0.002294735855171409,0.0,0.0,0.10552007419424796,0.03692605885380002,0.0,0.0,0.0,3.8974154659963664e-07,0.08686590598097109,0.0007096553344484572,0.0004778173257277326,0.0,0.0,0.003439917954854812,0.0,0.0013855447826680415,0.0,0.0,0.002224649357838932
2018-02-27 10:00:00,0.0,0.0,0.0,0.002404815395706027,0.0,0.0,0.11929942474521439,0.04013517643695211,0.0,0.0,0.0,4.0986075651417376e-07,0.04421685722409737,0.0007264335975603885,0.0003977098583582651,0.0,0.0,0.003617493150587291,0.0,0.0018051579686736254,0.0,0.0,0.0024195655741950277
2018-02-27 11:00:00,0.0,0.0,0.0,0.0024285903745657885,0.0,0.0,0.11518330618837079,0.04097750647097641,0.0,0.0,0.0,4.1828512430343713e-07,0.034272841830349204,0.0007406748844657431,0.0003213821787023903,0.0,0.0,0.003691847897391732,0.0,0.0019490734396373256,0.0,0.0,0.002523646586244478
2018-02-27 12:00:00,0.0,0.0,0.0,0.0025073872274596503,0.0,0.0,0.1188482458581128,0.041666354775703275,0.0,0.0,0.0,4.258585901083169e-07,0.02202338925193089,0.0007553056372281333,0.00019010630582596557,0.0,0.0,0.0037586924543294782,0.0,0.0018569567393554175,0.0,0.0,0.0025904231730580255
2018-02-27 13:00:00,0.0,0.0,0.0,0.002492251658362694,0.0,0.0,0.11334131226219983,0.04152037937568393,0.0,0.0,0.0,4.232879412490071e-07,0.026940807520521082,0.0007505625271556575,0.00023893818420378087,0.0,0.0,0.0037360035179204217,0.0,0.0015222631705793706,0.0,0.0,0.002634674436140118
2018-02-27 14:00:00,0.0,0.0,0.0,0.0023779615890414767,0.0,0.0,0.10615832429692197,0.0396331127633501,0.0,0.0,0.0,4.038767361301925e-07,0.07257911889789266,0.0007194040634547993,0.0003681915571508162,0.0,0.0,0.0035646772798117276,0.0,0.0010195060897347692,0.0,0.0,0.0025177453596217725
2018-02-27 15:00:00,0.0,0.0,0.0,0.0024064775585385455,0.0,0.0,0.10043266827317267,0.04014235459339073,0.0,0.0,0.0,4.0871993323696593e-07,0.08623534481541183,0.0007363697980561975,0.000589159160424863,0.0,0.0,0.0036074240714531257,0.0,0.000573053557048649,0.0,0.0,0.002621112772180721
2018-02-27 16:00:00,0.0,0.0,0.0,0.00237395222247755,0.0,0.0,0.09893330915354792,0.03995164853637995,0.0,0.0,0.0,4.031957790073985e-07,0.10061522161431453,0.0007503604679474448,0.0006777283603295305,0.0,0.0,0.003558667049048233,0.0,0.00020508781636192962,0.0,0.0,0.0026170777606527346
2018-02-27 17:00:00,0.0,0.0,0.0,0.0024196430172841532,0.0,0.0,0.10350344590006935,0.04078035799558301,0.0,0.0,0.0,4.1095597545578756e-07,0.10869489688902496,0.0007767903398409535,0.0007009821914074085,0.0,0.0,0.003627159718944255,0.0,8.494560582445311e-05,0.0,0.0,0.002517274459134464
2018-02-27 18:00:00,0.0,0.0,0.0,0.0025615970982209085,0.0,0.0,0.11146825627124245,0.04313667655726873,0.0,0.0,0.0,4.350656798148927e-07,0.11426787776172401,0.0008152237928561245,0.0006321989357683412,0.0,0.0,0.0038399556233960903,0.0,0.0,0.0,0.0,0.0024959457195066186
2018-02-27 19:00:00,0.0,0.0,0.0,0.002752806319221725,0.0,0.0,0.11091877562995249,0.04589030596077576,0.0,0.0,0.0,4.675409546266e-07,0.07786723330524035,0.0008583375411260901,0.0004766055307486766,0.0,0.0,0.004126587320448376,0.0,0.0,0.0,0.0,0.002433136117475597
2018-02-27 20:00:00,0.0,0.0,0.0,0.0030390915400556563,0.0,0.0,0.1199426850737955,0.04782078063684912,0.0,0.0,0.0,5.161640867770761e-07,0.008126773893279841,0.0008944998542387986,0.00022481745472636904,0.0,0.0,0.00455574245354872,0.0,0.0,0.0,0.0,0.0024726204771362307
2018-02-27 21:00:00,0.0,0.0,0.0,0.003191928832662337,0.0,0.0,0.1116207782206346,0.03732854903506378,0.0,0.0,0.0,5.421222129223528e-07,0.007528479335748638,0.0009325189224764785,0.00016743440061952464,0.0,0.0,0.004784852808810001,0.0,0.0,0.0,0.0,0.0022666134254245135
2018-02-27 22:00:00,0.0,0.0,0.0,0.003387480573202876,0.0,0.0,0.10157673157943287,0.03974695620159364,0.0,0.0,0.0,5.753350280822169e-07,0.007723949465680342,0.0009588802427597504,0.00016114167660132286,0.0,0.0,0.005077994148747909,0.0,0.0,0.0,0.0,0.002322339054524888
2018-02-27 23:00:00,0.0,0.0,0.0,0.003749559355696236,0.0,0.0,0.09340153307449583,0.04530126882518094,0.0,0.0,0.0,5.878440534889212e-07,0.0005604046678716003,0.0009261410994840675,0.00018163245718271322,0.0,0.0,0.0051884007027057305,0.0,0.0,0.0,0.0,0.0023980610542021497
2018-02-28 00:00:00,0.0,0.0,0.0,0.003832035848032091,0.0,0.0,0.09414178227334229,0.046322696446317924,0.0,0.0,0.0,6.007744570305008e-07,0.0,0.0009432790157724294,0.00016096112795751055,0.0,0.0,0.005302526403940989,0.0,0.0,0.0,0.0,0.002320125052278603
2018-02-28 01:00:00,0.0,0.0,0.0,0.003905224483708086,0.0,0.0,0.09490066783198801,0.04718197723430589,0.0,0.0,0.0,6.122487397884841e-07,0.0,0.0009458801089556326,0.00014578252293422924,0.0,0.0,0.005403800162467981,0.0,0.0,0.0,0.0,0.0022786485019604167
2018-02-28 02:00:00,0.0,0.0,0.0,0.003982309227245304,0.0,0.0,0.09901879545947434,0.04811329645292144,0.0,0.0,0.0,6.243338420110248e-07,0.00027611962779590154,0.0009612443212122298,0.00013870044085353728,0.0,0.0,0.005510465106157647,0.0,0.0,0.0,0.0,0.002300083704840401
2018-02-28 03:00:00,0.0,0.0,0.0,0.0038398180149258835,0.0,0.0,0.09694407692441459,0.04649181749162846,0.0,0.0,0.0,6.019945205360496e-07,0.005401709436348802,0.0009227211188154882,0.00012350458100120936,0.0,0.0,0.005313294869339192,0.0,0.0,0.0,0.0,0.0022062818555959977
2018-02-28 04:00:00,0.0,0.0,0.0,0.0035635191433491748,0.0,0.0,0.09675337154416377,0.04308840172206415,0.0,0.0,0.0,5.586772575634494e-07,0.02016739625990758,0.0008572471496915157,0.00016042089765480158,0.0,0.0,0.004930970141696841,0.0,0.0,0.0,0.0,0.0020604119734657566
2018-02-28 05:00:00,0.0,0.0,0.0,0.00298137469382079,0.0,0.0,0.10535224402637113,0.0365835210109992,0.0,0.0,0.0,4.6741049246824814e-07,0.09739645871384586,0.0007968227090700753,0.0006169818412079693,0.0,0.0,0.004125435841667479,0.0,3.7742066631531786e-06,0.0,0.0,0.0018443182219202848
2018-02-28 06:00:00,0.0,0.0,0.0,0.0026793538275078745,0.0,0.0,0.11635349537593269,0.03872512397514641,0.0,0.0,0.0,4.2006061653631927e-07,0.10909662140131096,0.0008227739449550386,0.0006966290426197853,0.0,0.0,0.003707518660911514,0.0,0.00044152640973791046,0.0,0.0,0.00162641913628621
2018-02-28 07:00:00,0.0,0.0,0.0,0.0025349676020797107,0.0,0.0,0.1259273502566842,0.03910726278373451,0.0,0.0,0.0,3.974242009013155e-07,0.0955034018892773,0.0007792639850530208,0.0007947728157227394,0.0,0.0,0.0035077262260126097,0.0,0.001052601178374021,0.0,0.0,0.0013256439980196453
2018-02-28 08:00:00,0.0,0.0,0.0,0.0026383393284439187,0.0,0.0,0.15487449651022991,0.04041838216142606,0.0,0.0,0.0,4.136304931286325e-07,0.04980259447419586,0.0007932293669060212,0.00040618145078412366,0.0,0.0,0.003650765417242688,0.0,0.0017839793653155371,0.0,0.0,0.0012113618047944693
2018-02-28 09:00:00,0.0,0.0,0.0,0.0027142217637112233,0.0,0.0,0.1850027962592127,0.03990101628576502,0.0,0.0,0.0,4.2552710126429974e-07,0.011124403949927024,0.0007375759375520076,0.00025116341274774076,0.0,0.0,0.0037557666835557005,0.0,0.002628372769342918,0.0,0.0,0.0010810616426599631
2018-02-28 10:00:00,0.0,0.0,0.0,0.0026721862521874745,0.0,0.0,0.20446963947877603,0.04056261534284084,0.0,0.0,0.0,4.189369067532937e-07,0.009646922843221061,0.0006959284601393403,0.0001450007286953894,0.0,0.0,0.0036976006280705176,0.0,0.0035441364089842833,0.0,0.0,0.0009169898640930333
2018-02-28 11:00:00,0.0,0.0,0.0,0.0027016287110578777,0.0,0.0,0.20430495684507918,0.03993589759112878,0.0,0.0,0.0,4.2355280230933157e-07,0.009873931900109222,0.0006984481948133799,0.00014715219190800276,0.0,0.0,0.0037383412217780196,0.0,0.0039882138293727745,0.0,0.0,0.0008408108468710484
2018-02-28 12:00:00,0.0,0.0,0.0,0.0027730442360239674,0.0,0.0,0.20555084788423814,0.04024081044559845,0.0,0.0,0.0,4.2924594918503946e-07,0.003142898583032088,0.0007024327082499894,0.0001263985777900833,0.0,0.0,0.0037885897988882526,0.0,0.003914968251762466,0.0,0.0,0.0007017385279147333
2018-02-28 13:00:00,0.0,0.0,0.0,0.0027476235271810066,0.0,0.0,0.20539367073368484,0.03949193319540741,0.0,0.0,0.0,4.2531101870160134e-07,0.007014011727853172,0.0006938148882193462,0.00011011321075122158,0.0,0.0,0.003753859506110436,0.0,0.003467186476051735,0.0,0.0,0.0006599416379804743
2018-02-28 14:00:00,0.0,0.0,0.0,0.002750559936025925,0.0,0.0,0.2080540625965227,0.03893259087190452,0.0,0.0,0.0,4.2576555223751036e-07,0.0052473006886977055,0.0006969220887546549,8.423198962463285e-05,0.0,0.0,0.0037578712879820344,0.0,0.002436116908895142,0.0,0.0,0.0006079987960331481
2018-02-28 15:00:00,0.0,0.0,0.0,0.00275647465489328,0.0,0.0,0.20911299910150014,0.03895425463440638,0.0,0.0,0.0,4.266811052897836e-07,0.013918054888204575,0.0007221286556735788,0.00012056626085971288,0.0,0.0,0.003765952097971666,0.0,0.001214993975719137,0.0,0.0,0.0006838711393956846
2018-02-28 16:00:00,0.0,0.0,0.0,0.0026311925390483048,0.0,0.0,0.19538692802374796,0.03808488852709469,0.0,0.0,0.0,4.0988258959970143e-07,0.06327734759556287,0.0007498873873680247,0.00016909331433000396,0.0,0.0,0.003617685852708919,0.0,0.00036771238506209394,0.0,0.0,0.0007398071601841152
2018-02-28 17:00:00,0.0,0.0,0.0,0.002611725077587607,0.0,0.0,0.17762228617885437,0.033191878895572915,0.0,0.0,0.0,4.0814982256934564e-07,0.066599977390775,0.0007933493859747073,0.0002657231148603177,0.0,0.0,0.0036023921883015565,0.0,0.00010403476909920774,0.0,0.0,0.0007587872472266633
2018-02-28 18:00:00,0.0,0.0,0.0,0.002816056362174776,0.0,0.0,0.18404544795625555,0.03360094982075752,0.0,0.0,0.0,4.414924074422881e-07,0.05607742791568105,0.0008537901741676306,0.00021423074712748977,0.0,0.0,0.0038966788953934406,0.0,0.0,0.0,0.0,0.00077231300485256
2018-02-28 19:00:00,0.0,0.0,0.0,0.00300193325036332,0.0,0.0,0.19110500972225977,0.03576992462325565,0.0,0.0,0.0,4.706335979228884e-07,0.02695692502193276,0.0008960899001562518,0.00011753951560801366,0.0,0.0,0.004153883458865439,0.0,0.0,0.0,0.0,0.0005857142613504936
2018-02-28 20:00:00,0.0,0.0,0.0,0.003088249186635973,0.0,0.0,0.2003130459217684,0.03686885257383896,0.0,0.0,0.0,4.841659373382184e-07,0.01602633395381482,0.0008266056765642906,0.00011306892577606808,0.0,0.0,0.00427332193734462,0.0,0.0,0.0,0.0,0.0004350453657707826
2018-02-28 21:00:00,0.0,0.0,0.0,0.0031189372723223223,0.0,0.0,0.18074411302443055,0.03776352469543945,0.0,0.0,0.0,4.889771183257319e-07,0.03221258943270935,0.0007903724154535693,0.00017090512151338643,0.0,0.0,0.004315786149865449,0.0,0.0,0.0,0.0,0.00034406977833154013
2018-02-28 22:00:00,0.0,0.0,0.0,0.0034255923062654187,0.0,0.0,0.16254039214746888,0.04243608328708749,0.0,0.0,0.0,5.370535243978316e-07,0.008249819497825705,0.0008664035354635992,0.0001524561710876115,0.0,0.0,0.0047401157957427794,0.0,0.0,0.0,0.0,0.0003601830449429709
2018-02-28 23:00:00,0.0,0.0,0.0,0.00350846401921495,0.0,0.0,0.16954987751912198,0.04366840995100329,0.0,0.0,0.0,5.50045889376883e-07,0.0,0.0008594274657291268,0.00015103785869061023,0.0,0.0,0.004854788378015299,0.0,0.0,0.0,0.0,0.0004804813551746833
2018-03-01 00:00:00,0.0,0.0,0.0,0.0035426892862494646,0.0,0.0,0.1656525347766867,0.04288269621736698,0.0,0.0,0.0,5.554116184657546e-07,0.0,0.0008681005955052593,9.324972616688564e-05,0.0,0.0,0.004902147116119392,0.0,0.0,0.0,0.0,0.0006049066116831808
2018-03-01 01:00:00,0.0,0.0,0.0,0.0035201024197002283,0.0,0.0,0.16280632093473588,0.04251755850801451,0.0,0.0,0.0,5.518705209851279e-07,0.0,0.0008654885507860999,7.69961845661974e-05,0.0,0.0,0.004870892853109007,0.0,0.0,0.0,0.0,0.0008347529169779997
2018-03-01 02:00:00,0.0,0.0,0.0,0.0033571401157823947,0.0,0.0,0.16521468085510677,0.0406148325452507,0.0,0.0,0.0,5.263218065327426e-07,0.0,0.0008143629220186203,8.196543526707497e-05,0.0,0.0,0.004645396027494725,0.0,0.0,0.0,0.0,0.0014287183110808321
2018-03-01 03:00:00,0.0,0.0,0.0,0.003188418428528678,0.0,0.0,0.16731851572148754,0.03857362996262784,0.0,0.0,0.0,4.998701541816363e-07,0.0,0.0007685311084576626,0.00010399082054624152,0.0,0.0,0.0044119297351478655,0.0,0.0,0.0,0.0,0.0018818640769377997
2018-03-01 04:00:00,0.0,0.0,0.0,0.0030065114573421003,0.0,0.0,0.17638008552112844,0.036363117162143785,0.0,0.0,0.0,4.7135135472917264e-07,0.0,0.0007025867689759232,9.103174076917356e-05,0.0,0.0,0.004160218489212339,0.0,0.0,0.0,0.0,0.002411222656272981
2018-03-01 05:00:00,0.0,0.0,0.0,0.002965082620541007,0.0,0.0,0.1749548505442167,0.03588136238288249,0.0,0.0,0.0,4.648562727618774e-07,0.00446355751130552,0.0007501732458356537,0.00019760741376986598,0.0,0.0,0.0041028919114520675,0.0,6.3356644944327715e-06,0.0,0.0,0.0026843132280060158
2018-03-01 06:00:00,0.0,0.0,0.0,0.0026811541142106477,0.0,0.0,0.16682090993217957,0.032445457576758964,0.0,0.0,0.0,4.2034285979010123e-07,0.019432956166715983,0.0007644629649140367,0.00034830121689766847,0.0,0.0,0.0037100097826428045,0.0,0.0005302655289575867,0.0,0.0,0.0026337802338736
2018-03-01 07:00:00,0.0,0.0,0.0,0.002628218723627048,0.0,0.0,0.16678571106000228,0.03460438492638606,0.0,0.0,0.0,4.1204381672350484e-07,0.018073329455047568,0.0007471160760987898,0.00031259982938475694,0.0,0.0,0.003636761170833337,0.0,0.0012804390537488797,0.0,0.0,0.0023633358786138915
2018-03-01 08:00:00,0.0,0.0,0.0,0.0025689491367017737,0.0,0.0,0.18893441944868883,0.03928003737500841,0.0,0.0,0.0,4.0275171839364714e-07,0.001519975307402687,0.0007004765553104372,0.00018932322704807308,0.0,0.0,0.0035547477027747486,0.0,0.0019765759977563037,0.0,0.0,0.0022670098702892894
2018-03-01 09:00:00,0.0,0.0,0.0,0.0024812912077017296,0.0,0.0,0.18834667060426286,0.03713146024936742,0.0,0.0,0.0,3.890089856041134e-07,0.0,0.0006113929080075742,0.00010783583256061446,0.0,0.0,0.003433452260490143,0.0,0.002672567445181548,0.0,0.0,0.0024486375721217545
2018-03-01 10:00:00,0.0,0.0,0.0,0.0024213837645396244,0.0,0.0,0.18177568524562818,0.03479945552552639,0.0,0.0,0.0,3.7961688619139984e-07,0.0,0.0005852942212899199,4.934004205402953e-05,0.0,0.0,0.0033505561677193013,0.0,0.003538740570865325,0.0,0.0,0.0027352092099842875
2018-03-01 11:00:00,0.0,0.0,0.0,0.00239079726401573,0.0,0.0,0.17199630156279472,0.034445538976494106,0.0,0.0,0.0,3.748216314042761e-07,0.0,0.0005626390101805354,0.00010654958826956885,0.0,0.0,0.003308232522256697,0.0,0.0037191440059250957,0.0,0.0,0.0028471700953416673
2018-03-01 12:00:00,0.0,0.0,0.0,0.0024030710686493762,0.0,0.0,0.17331032168301397,0.03460672029683787,0.0,0.0,0.0,3.7674587966470504e-07,0.0,0.0005696160142331974,8.640635536453493e-05,0.0,0.0,0.00332521622901929,0.0,0.0034417956615953003,0.0,0.0,0.002524119786495729
2018-03-01 13:00:00,0.0,0.0,0.0,0.002417185297908198,0.0,0.0,0.17500955183587705,0.03479423134328762,0.0,0.0,0.0,3.7895866387540794e-07,0.0,0.0005707243567221423,0.00010232446866513232,0.0,0.0,0.0033447465978060577,0.0,0.0029842245140587675,0.0,0.0,0.0024461243870363843
2018-03-01 14:00:00,0.0,0.0,0.0,0.002511554717630248,0.0,0.0,0.18432719170115136,0.03624262768321145,0.0,0.0,0.0,3.9375360294752354e-07,0.0,0.0005996720892908577,0.00010498067363409416,0.0,0.0,0.0034753289722005273,0.0,0.0021504817305054366,0.0,0.0,0.0023253486029371504
2018-03-01 15:00:00,0.0,0.0,0.0,0.0026024373417539407,0.0,0.0,0.19908132828087433,0.03746932404080281,0.0,0.0,0.0,4.080018932367332e-07,0.0,0.0006456003229548165,0.00017653327541881906,0.0,0.0,0.003601086541593519,0.0,0.0011155132071551351,0.0,0.0,0.002176450874391352
2018-03-01 16:00:00,0.0,0.0,0.0,0.0025402447365704115,0.0,0.0,0.1962563817144574,0.03666490999912871,0.0,0.0,0.0,3.9825153335175596e-07,0.03987233146024563,0.0006736332237423569,0.00031848759232010014,0.0,0.0,0.0035150283876008064,0.0,0.00033945808867983203,0.0,0.0,0.00186222383853476
2018-03-01 17:00:00,0.0,0.0,0.0,0.0024572031427795146,0.0,0.0,0.1887170533050801,0.035434303704762214,0.0,0.0,0.0,3.852325349918387e-07,0.061243778802435526,0.0007077662658435401,0.00044836256948569054,0.0,0.0,0.0034001207350725284,0.0,9.306172874018493e-05,0.0,0.0,0.001778030799180014
2018-03-01 18:00:00,0.0,0.0,0.0,0.002612371904608762,0.0,0.0,0.192982706001081,0.037816589193489826,0.0,0.0,0.0,4.0955940257162264e-07,0.05151016525852587,0.0007419002037872866,0.00029738028027918124,0.0,0.0,0.0036148333550207355,0.0,0.0,0.0,0.0,0.001799343466389964
2018-03-01 19:00:00,0.0,0.0,0.0,0.002780640495646683,0.0,0.0,0.20317152168659472,0.04236288527576353,0.0,0.0,0.0,4.3594001993145475e-07,0.009113015572607804,0.0007563818391577581,0.00019865391291952792,0.0,0.0,0.0038476726817693965,0.0,0.0,0.0,0.0,0.00175094045990046
2018-03-01 20:00:00,0.0,0.0,0.0,0.0029070081218740833,0.0,0.0,0.20970027874828379,0.0446289820180717,0.0,0.0,0.0,4.557515365883217e-07,0.0015677040306830091,0.0007098800682285817,0.00011555095487037934,0.0,0.0,0.0040225321301793696,0.0,0.0,0.0,0.0,0.001807089387906435
2018-03-01 21:00:00,0.0,0.0,0.0,0.0028885376779990007,0.0,0.0,0.20893153594635663,0.04436423948364063,0.0,0.0,0.0,4.5285579883162425e-07,0.0,0.0006956193003973433,0.00010771104005711684,0.0,0.0,0.003996973909895383,0.0,0.0,0.0,0.0,0.0018229460616202813
2018-03-01 22:00:00,0.0,0.0,0.0,0.0031619661917772664,0.0,0.0,0.16437853078219686,0.04345502941814834,0.0,0.0,0.0,4.957230561893948e-07,0.0,0.0007556564188696088,5.321694132601551e-05,0.0,0.0,0.0043753268197837805,0.0,0.0,0.0,0.0,0.0020344157362269548
2018-03-01 23:00:00,0.0,0.0,0.0,0.003161016988815505,0.0,0.0,0.1282288305899484,0.03897867989260343,0.0,0.0,0.0,5.020102722838409e-07,0.0,0.0007601846124088749,6.537919025245158e-05,0.0,0.0,0.00443081874184862,0.0,0.0,0.0,0.0,0.002233172149992186
2018-03-02 00:00:00,0.0,0.0,0.0,0.0031562612079990295,0.0,0.0,0.1234670240785058,0.03869090964657809,0.0,0.0,0.0,5.012549929446128e-07,0.0,0.0007560817152435836,5.1647885703275135e-05,0.0,0.0,0.004424152531939493,0.0,0.0,0.0,0.0,0.0021411216756768896
2018-03-02 01:00:00,0.0,0.0,0.0,0.0032074232707884763,0.0,0.0,0.1245994928678502,0.038793102849964185,0.0,0.0,0.0,5.028496732264398e-07,0.0,0.0007524188383954363,0.0001265059137462375,0.0,0.0,0.004438227421777564,0.0,0.0,0.0,0.0,0.0020431415094667857
2018-03-02 02:00:00,0.0,0.0,0.0,0.003241106204742059,0.0,0.0,0.12511582448083808,0.03928495377691541,0.0,0.0,0.0,5.081303770506353e-07,0.0,0.0007542766860990944,0.00012364858413727131,0.0,0.0,0.004484835714010213,0.0,0.0,0.0,0.0,0.002259223186839254
2018-03-02 03:00:00,0.0,0.0,0.0,0.0031209983989124654,0.0,0.0,0.12883936000401558,0.0377884804409679,0.0,0.0,0.0,4.893002552318493e-07,0.0,0.0007232663593948076,9.22589048784939e-05,0.0,0.0,0.004318638205169606,0.0,0.0,0.0,0.0,0.00232896747637093
2018-03-02 04:00:00,0.0,0.0,0.0,0.0030325376468488515,0.0,0.0,0.153794707786464,0.039690761139900096,0.0,0.0,0.0,4.754316583822611e-07,0.0,0.0007110215024471057,0.00013856889563701786,0.0,0.0,0.004196231867616508,0.0,0.0,0.0,0.0,0.0022042407547662114
2018-03-02 05:00:00,0.0,0.0,0.0,0.002660396848541792,0.0,0.0,0.16964983025099373,0.04135582788217971,0.0,0.0,0.0,4.2250533642971417e-07,0.051489867332520096,0.0006897881621520303,0.0004439005482874589,0.0,0.0,0.0037290961291831185,0.0,3.237770454353011e-06,0.0,0.0,0.0018316079206500888
2018-03-02 06:00:00,0.0,0.0,0.0,0.002458093023258885,0.0,0.0,0.1704570216699182,0.03829212825061988,0.0,0.0,0.0,3.903768794256313e-07,0.09052955437606906,0.0007136252048656616,0.0005449545023031526,0.0,0.0,0.0034455254986604836,0.0,0.00024289872702276655,0.0,0.0,0.0013458136372541134
2018-03-02 07:00:00,0.0,0.0,0.0,0.0023302810685527707,0.0,0.0,0.16508341789313571,0.03623187293172993,0.0,0.0,0.0,3.700786923516069e-07,0.10473918950969675,0.0006788004220368979,0.0005178769831603307,0.0,0.0,0.003266370623394734,0.0,0.000847167916577177,0.0,0.0,0.0011197952584080194
2018-03-02 08:00:00,0.0,0.0,0.0,0.002476370772704555,0.0,0.0,0.1758828669196329,0.03804195072987749,0.0,0.0,0.0,3.8823757537179546e-07,0.05194207741397869,0.0006804576063808795,0.0004417578267813602,0.0,0.0,0.0034266436768739983,0.0,0.0018357781910555105,0.0,0.0,0.0009845329065811283
2018-03-02 09:00:00,0.0,0.0,0.0,0.0025385311694204184,0.0,0.0,0.196448426902746,0.03911395298705154,0.0,0.0,0.0,3.9926257345052667e-07,0.0,0.000640784126935395,0.0003737999385901522,0.0,0.0,0.0035239519807337,0.0,0.002778105145741405,0.0,0.0,0.0009928714401117758
2018-03-02 10:00:00,0.0,0.0,0.0,0.0025493214773935997,0.0,0.0,0.19566124800022158,0.03913770364684624,0.0,0.0,0.0,3.996745560623753e-07,0.0,0.0006254837951464769,0.00022043505794364606,0.0,0.0,0.0035275882017010316,0.0,0.003410451551645922,0.0,0.0,0.0008818903499575496
2018-03-02 11:00:00,0.0,0.0,0.0,0.002529827966159384,0.0,0.0,0.1913328417726683,0.038788993073688015,0.0,0.0,0.0,3.966184250417409e-07,0.0,0.0006139864406041952,0.00026620226186430964,0.0,0.0,0.003500614326162255,0.0,0.003666792204892051,0.0,0.0,0.0007766027582756045
2018-03-02 12:00:00,0.0,0.0,0.0,0.0026759848202277912,0.0,0.0,0.1715205728660837,0.033803739299507245,0.0,0.0,0.0,4.195324342333111e-07,0.006287865952680715,0.0006597662743934164,0.00029430854384706955,0.0,0.0,0.0037028568438601714,0.0,0.003738837257236089,0.0,0.0,0.0006783677078203145
2018-03-02 13:00:00,0.0,0.0,0.0,0.0026689394415806344,0.0,0.0,0.1703798615071091,0.03234980508917923,0.0,0.0,0.0,4.184278820581289e-07,0.039215227285330626,0.0006551593801056886,0.0002691318117633662,0.0,0.0,0.0036931078989692993,0.0,0.003140219667326096,0.0,0.0,0.0005819038950010683
2018-03-02 14:00:00,0.0,0.0,0.0,0.0026939580590609664,0.0,0.0,0.17931527837939695,0.03472403624539459,0.0,0.0,0.0,4.223502217565215e-07,0.06803714156816237,0.0006621442125802684,0.00035543188792790006,0.0,0.0,0.003727727063570196,0.0,0.002209738239057506,0.0,0.0,0.000441379043041551
2018-03-02 15:00:00,0.0,0.0,0.0,0.002727777555988163,0.0,0.0,0.1696089119538364,0.03641281041208277,0.0,0.0,0.0,4.276523354916827e-07,0.08816619641328718,0.0007160126445075446,0.0005208843498080305,0.0,0.0,0.0037745243229216586,0.0,0.0011867250807313142,0.0,0.0,0.0004110858576754607
2018-03-02 16:00:00,0.0,0.0,0.0,0.0025197259991945626,0.0,0.0,0.15797328930130636,0.03855292528802329,0.0,0.0,0.0,3.9758328139828805e-07,0.11792362846853226,0.0007849951258622911,0.0006998505140689429,0.0,0.0,0.0035091302945872275,0.0,0.00036084989919220887,0.0,0.0,0.0003387122936017933
2018-03-02 17:00:00,0.0,0.0,0.0,0.0025008324500701284,0.0,0.0,0.15273373278692542,0.038990929952398716,0.0,0.0,0.0,3.971644517059079e-07,0.12021558675133415,0.0008058223020974632,0.0007279877013835051,0.0,0.0,0.003505433640249462,0.0,9.980479888226867e-05,0.0,0.0,0.00023175784432324361
2018-03-02 18:00:00,0.0,0.0,0.0,0.0026113636782057973,0.0,0.0,0.15818594330760355,0.04059360537770514,0.0,0.0,0.0,4.147182364937103e-07,0.11994081738255598,0.0008433820914733128,0.0006923243021164245,0.0,0.0,0.0036603660050282365,0.0,0.0,0.0,0.0,0.00016207198230733496
2018-03-02 19:00:00,0.0,0.0,0.0,0.0026757721362833334,0.0,0.0,0.16140904855075827,0.04161249617177428,0.0,0.0,0.0,4.2494713045134836e-07,0.1169393892510383,0.0008312752200730169,0.00035850636410566107,0.0,0.0,0.0037506477732671527,0.0,0.0,0.0,0.0,0.0003689275929547457
2018-03-02 20:00:00,0.0,0.0,0.0,0.0029357738909964216,0.0,0.0,0.17530517190491524,0.0401632725657691,0.0,0.0,0.0,4.662387629036951e-07,0.07704550678146041,0.0008377722438284049,0.00034133943546728215,0.0,0.0,0.004115093978957418,0.0,0.0,0.0,0.0,0.0006000789576168529
2018-03-02 21:00:00,0.0,0.0,0.0,0.003300899073902773,0.0,0.0,0.13524200663040165,0.04007362003343649,0.0,0.0,0.0,5.191685155663391e-07,0.061790310762357685,0.0009375228958769248,0.0003172960395587711,0.0,0.0,0.0045822599973580425,0.0,0.0,0.0,0.0,0.0007166750528576668
2018-03-02 22:00:00,0.0,0.0,0.0,0.0036709519808753263,0.0,0.0,0.12300507467918988,0.044829866342692336,0.0,0.0,0.0,5.755202379507975e-07,0.03873964804247762,0.0010135014666715716,0.00023230836508244198,0.0,0.0,0.005079628839116194,0.0,0.0,0.0,0.0,0.0009330623351744078
2018-03-02 23:00:00,0.0,0.0,0.0,0.004041791105004043,0.0,0.0,0.09777604021079589,0.04955948227420004,0.0,0.0,0.0,6.418885631797251e-07,0.014515906325729067,0.001113436161959982,0.0001995062214873779,0.0,0.0,0.005665405735576133,0.0,0.0,0.0,0.0,0.0011752266575708425
2018-03-03 00:00:00,0.0,0.0,0.0,0.0043205294335801215,0.0,0.0,0.08265080326508198,0.053191153543864916,0.0,0.0,0.0,6.861558052475554e-07,0.021491796078780268,0.001189627534096945,0.00015692066433431904,0.0,0.0,0.0060561151226804525,0.0,0.0,0.0,0.0,0.0011686369095234746
2018-03-03 01:00:00,0.0,0.0,0.0,0.004325225816661047,0.0,0.0,0.07976989446121865,0.05728795673418223,0.0,0.0,0.0,6.869016514601971e-07,0.022730321667326445,0.0011906224728729933,0.00017415660805541675,0.0,0.0,0.006062698074384759,0.0,0.0,0.0,0.0,0.0011639517303687044
2018-03-03 02:00:00,0.0,0.0,0.0,0.004376107354738437,0.0,0.0,0.07689874605340324,0.05797632752854749,0.0,0.0,0.0,6.949822960359237e-07,0.023291422290723025,0.001190811645441494,0.00014867045095587184,0.0,0.0,0.006134019068015945,0.0,0.0,0.0,0.0,0.0011360856373701835
2018-03-03 03:00:00,0.0,0.0,0.0,0.004374713373074495,0.0,0.0,0.0775730278731954,0.058001163766577025,0.0,0.0,0.0,6.947609137664988e-07,0.014434715783824211,0.001187295823066012,0.00011410183096935726,0.0,0.0,0.006132065114555953,0.0,0.0,0.0,0.0,0.0010512133098393493
2018-03-03 04:00:00,0.0,0.0,0.0,0.004232565101443639,0.0,0.0,0.07903281156805794,0.056046691124996634,0.0,0.0,0.0,6.721859346383976e-07,0.010900370354881858,0.0011312094585751169,0.00014669433516448831,0.0,0.0,0.005932814927577556,0.0,0.0,0.0,0.0,0.0009371910237125894
2018-03-03 05:00:00,0.0,0.0,0.0,0.003939224446079694,0.0,0.0,0.09272288580391594,0.0491727207070861,0.0,0.0,0.0,6.255996547189228e-07,0.0,0.001094631547275798,0.00016450389519820051,0.0,0.0,0.005521637360948985,0.0,3.5071193856874415e-06,0.0,0.0,0.0007398620663100032
2018-03-03 06:00:00,0.0,0.0,0.0,0.0036453031345629596,0.0,0.0,0.10617657201772386,0.044709870195378885,0.0,0.0,0.0,5.789211591124093e-07,0.0,0.0010768382016606655,0.00022830654963321484,0.0,0.0,0.005109645884691506,0.0,0.00034211102653938346,0.0,0.0,0.00047753901028915106
2018-03-03 07:00:00,0.0,0.0,0.0,0.0034645909785391677,0.0,0.0,0.12042733704307637,0.04552295274048698,0.0,0.0,0.0,5.502217377010432e-07,0.023414965893043732,0.001015811983068776,0.0003263460778595992,0.0,0.0,0.0048563404419738046,0.0,0.0010889593712797014,0.0,0.0,0.00031100387253229285
2018-03-03 08:00:00,0.0,0.0,0.0,0.0033514871186747473,0.0,0.0,0.12492076629644473,0.0444238898961697,0.0,0.0,0.0,5.322593858099301e-07,0.02357647036344368,0.0009732233883077577,0.0003615567568001837,0.0,0.0,0.004697802002023667,0.0,0.002066058033827005,0.0,0.0,0.00014303794560319147
2018-03-03 09:00:00,0.0,0.0,0.0,0.003416776310672792,0.0,0.0,0.1178306968061914,0.045120180622072306,0.0,0.0,0.0,5.426281516748715e-07,0.005434309896650345,0.0009669786092177659,0.00020413139492843482,0.0,0.0,0.004789318300913756,0.0,0.002950804546034988,0.0,0.0,0.00011170815278483034
2018-03-03 10:00:00,0.0,0.0,0.0,0.0033705544446376123,0.0,0.0,0.12042934684977555,0.04141791156750758,0.0,0.0,0.0,5.352875231252974e-07,0.002241117326461949,0.0009140703185526604,0.00019801024468125866,0.0,0.0,0.004724528800877366,0.0,0.0034467131917814333,0.0,0.0,0.00012103585937129455
2018-03-03 11:00:00,0.0,0.0,0.0,0.003252606579034085,0.0,0.0,0.11641641033482535,0.039270924281895166,0.0,0.0,0.0,5.165558806392151e-07,0.0,0.000845937517732098,0.0001468400214633531,0.0,0.0,0.004559200485551551,0.0,0.0036211285383378395,0.0,0.0,0.00012493984819408608
2018-03-03 12:00:00,0.0,0.0,0.0,0.00324967761695107,0.0,0.0,0.11808940886644162,0.039085439191318974,0.0,0.0,0.0,5.160907236792855e-07,0.0,0.0008346014919553937,0.00011060444787221683,0.0,0.0,0.004555094939729587,0.0,0.0035563938545916805,0.0,0.0,0.0001189562345909604
2018-03-03 13:00:00,0.0,0.0,0.0,0.0033155186281402095,0.0,0.0,0.1142394334605417,0.039866399817973394,0.0,0.0,0.0,5.265471255497762e-07,0.0,0.0008829165941735933,5.0673704355702785e-05,0.0,0.0,0.004647384727285718,0.0,0.003107410178172096,0.0,0.0,0.00013363241498561674
2018-03-03 14:00:00,0.0,0.0,0.0,0.0034111469972685133,0.0,0.0,0.10806054654097483,0.04057727596615255,0.0,0.0,0.0,5.417341440928648e-07,0.0,0.0009432802144063975,4.4768329999114246e-05,0.0,0.0,0.00478142765450987,0.0,0.0022796488943482083,0.0,0.0,0.0001847449884751065
2018-03-03 15:00:00,0.0,0.0,0.0,0.0035968362966986877,0.0,0.0,0.10404672280424791,0.043842442462995436,0.0,0.0,0.0,5.712240000781274e-07,0.0,0.001020218400097245,7.932289428157032e-05,0.0,0.0,0.0050417095925655905,0.0,0.0013420528914272914,0.0,0.0,0.00021414946998111532
2018-03-03 16:00:00,0.0,0.0,0.0,0.0034201948456240687,0.0,0.0,0.089035073725308,0.04449946568981931,0.0,0.0,0.0,5.431710591213594e-07,0.0578673764831549,0.0010204790165879766,0.000474936508196569,0.0,0.0,0.004794110084313014,0.0,0.00045144576240097983,0.0,0.0,0.0002657091601169879
2018-03-03 17:00:00,0.0,0.0,0.0,0.003393520047524335,0.0,0.0,0.08884884327348276,0.044253187018591426,0.0,0.0,0.0,5.389347571006663e-07,0.07781359311773346,0.0010266972680377188,0.0004352927208215816,0.0,0.0,0.004756719840675121,0.0,0.000134599197106093,0.0,0.0,0.0003561669485927939
2018-03-03 18:00:00,0.0,0.0,0.0,0.0034853901935923614,0.0,0.0,0.09006458538963541,0.04599119060869234,0.0,0.0,0.0,5.589694287669214e-07,0.07312512484202295,0.0010396294040568355,0.00035784674590359425,0.0,0.0,0.004933548889016658,0.0,0.0,0.0,0.0,0.00042339098761729616
2018-03-03 19:00:00,0.0,0.0,0.0,0.003735017212255514,0.0,0.0,0.08807536780961094,0.049137156701151506,0.0,0.0,0.0,5.951010581789056e-07,0.023570221167030763,0.0011045574022671058,0.00023180821273339745,0.0,0.0,0.005252452125884348,0.0,0.0,0.0,0.0,0.0004914934150840296
2018-03-03 20:00:00,0.0,0.0,0.0,0.00398157347562574,0.0,0.0,0.08863982367765055,0.05247349278979488,0.0,0.0,0.0,6.323252268776898e-07,0.0005033770796615316,0.0011136459062685451,0.00017793048848346345,0.0,0.0,0.005580998280069524,0.0,0.0,0.0,0.0,0.0005927216252597748
2018-03-03 21:00:00,0.0,0.0,0.0,0.00411027255552483,0.0,0.0,0.08873111117455533,0.0482698319031568,0.0,0.0,0.0,6.527643008755275e-07,0.0010713731919854746,0.0010994885370979655,0.00020450824493730986,0.0,0.0,0.0057613966446759856,0.0,0.0,0.0,0.0,0.0007280035141783101
2018-03-03 22:00:00,0.0,0.0,0.0,0.004165314199787652,0.0,0.0,0.08581092678017906,0.04172791907143678,0.0,0.0,0.0,6.615056239753707e-07,0.0,0.0010921012506997986,7.585788339838491e-05,0.0,0.0,0.005838548887085562,0.0,0.0,0.0,0.0,0.0009002720153198331
2018-03-03 23:00:00,0.0,0.0,0.0,0.00449232482813911,0.0,0.0,0.08271502452126352,0.032950505385631386,0.0,0.0,0.0,7.22826486892215e-07,0.0,0.0011698049628959377,5.94500625544424e-05,0.0,0.0,0.006379776116246046,0.0,0.0,0.0,0.0,0.001031460591222168
2018-03-04 00:00:00,0.0,0.0,0.0,0.0046814662976329075,0.0,0.0,0.06568517855408297,0.023773548953222087,0.0,0.0,0.0,7.532598302389532e-07,0.0,0.0012200385008186703,7.859869180215484e-05,0.0,0.0,0.006648385416737807,0.0,0.0,0.0,0.0,0.0009364507545779683
2018-03-04 01:00:00,0.0,0.0,0.0,0.0047548205314980035,0.0,0.0,0.05390247282470152,0.024193744535136872,0.0,0.0,0.0,7.650627129760284e-07,0.0,0.0012447347759767368,0.0001082410225545205,0.0,0.0,0.006752559448478946,0.0,0.0,0.0,0.0,0.0009813043911699071
2018-03-04 02:00:00,0.0,0.0,0.0,0.004961983308722231,0.0,0.0,0.056100385046150725,0.025214665113661206,0.0,0.0,0.0,7.983957305570056e-07,0.0,0.0012823309806660548,0.00011086904633063133,0.0,0.0,0.007046761713202042,0.0,0.0,0.0,0.0,0.0008680302141563259
2018-03-04 03:00:00,0.0,0.0,0.0,0.00492574297049785,0.0,0.0,0.06171907077113271,0.025030507301133438,0.0,0.0,0.0,7.925645679931522e-07,0.0,0.0012597540664534136,8.953977627563733e-05,0.0,0.0,0.006995294988712229,0.0,0.0,0.0,0.0,0.0008249615006810912
2018-03-04 04:00:00,0.0,0.0,0.0,0.004778177070458648,0.0,0.0,0.06233902811533645,0.02429672173866791,0.0,0.0,0.0,7.739123682186823e-07,0.0,0.0012171394141431559,0.00011556477587296336,0.0,0.0,0.006830667846798493,0.0,0.0,0.0,0.0,0.0006566962647972729
2018-03-04 05:00:00,0.0,0.0,0.0,0.004448942924719583,0.0,0.0,0.0709794453245073,0.02257747150566621,0.0,0.0,0.0,7.253908447082828e-07,0.0,0.0011726955168968273,0.0001082244307825742,0.0,0.0,0.006402409526954054,0.0,5.857324565032725e-06,0.0,0.0,0.0004488390440801318
2018-03-04 06:00:00,0.0,0.0,0.0,0.00433878357227629,0.0,0.0,0.0704048378489744,0.02213602430567738,0.0,0.0,0.0,7.07429592547154e-07,0.0,0.0012433395748948804,0.00014643056827107575,0.0,0.0,0.00624388079338742,0.0,0.00043304272042497485,0.0,0.0,0.00018907092369242195
2018-03-04 07:00:00,0.0,0.0,0.0,0.0043113236100502,0.0,0.0,0.07208029739960356,0.021908292362239002,0.0,0.0,0.0,7.029523031029214e-07,0.01247703828919377,0.001204711918673882,0.00019964262643504854,0.0,0.0,0.0062043635582281955,0.0,0.001386749713480902,0.0,0.0,7.653299483314892e-05
2018-03-04 08:00:00,0.0,0.0,0.0,0.004067503404144711,0.0,0.0,0.06630297971803763,0.020600405262123797,0.0,0.0,0.0,6.631979281622993e-07,0.01566915231175718,0.0011214959420034025,0.0002479276184052056,0.0,0.0,0.005853485420304771,0.0,0.002621287270402741,0.0,0.0,2.4086574820883275e-05
2018-03-04 09:00:00,0.0,0.0,0.0,0.0039099578689177515,0.0,0.0,0.06279713377731343,0.019868724286110747,0.0,0.0,0.0,6.375104579447519e-07,0.007361953484911174,0.0010607890301088279,0.0001961448221135542,0.0,0.0,0.005626763915279004,0.0,0.0037497338260374263,0.0,0.0,2.5829272317288236e-05
2018-03-04 10:00:00,0.0,0.0,0.0,0.0037466339309004926,0.0,0.0,0.059260076867497284,0.019038782275844286,0.0,0.0,0.0,6.108808312302464e-07,0.0,0.0010006739103774708,0.00016518653378380462,0.0,0.0,0.005391726794229118,0.0,0.0045548198402922905,0.0,0.0,7.784384209360362e-05
2018-03-04 11:00:00,0.0,0.0,0.0,0.0036564971519128116,0.0,0.0,0.05603550584712879,0.0185559719813813,0.0,0.0,0.0,5.961842178199318e-07,0.0,0.000955688748344371,0.00010142041746337595,0.0,0.0,0.005262012257026765,0.0,0.005052235097453785,0.0,0.0,0.0003042738854580716
2018-03-04 12:00:00,0.0,0.0,0.0,0.0035489136343395265,0.0,0.0,0.05136045647385094,0.018034052764724195,0.0,0.0,0.0,5.786429501503557e-07,0.0,0.0009279717925868027,9.646915018661228e-05,0.0,0.0,0.0051071903702304,0.0,0.0049263819335823,0.0,0.0,0.0007401914420180643
2018-03-04 13:00:00,0.0,0.0,0.0,0.003483415240114848,0.0,0.0,0.050742803524670484,0.017247042815167837,0.0,0.0,0.0,5.604903689571417e-07,0.0,0.0008935077554197038,9.87195897718808e-05,0.0,0.0,0.004946972937631043,0.0,0.004172643770036571,0.0,0.0,0.0011726777766064656
2018-03-04 14:00:00,0.0,0.0,0.0,0.0036831220482991824,0.0,0.0,0.04921881102153913,0.017780239342074584,0.0,0.0,0.0,5.926237021622867e-07,0.0,0.0009784847737107694,0.00010685894099581137,0.0,0.0,0.005230586606243229,0.0,0.003191682347841385,0.0,0.0,0.001502023624790203
2018-03-04 15:00:00,0.0,0.0,0.0,0.003825043273847348,0.0,0.0,0.0523069579465587,0.018721115770366125,0.0,0.0,0.0,6.154591881974568e-07,0.00024195084322374595,0.0010735755671655114,0.0002052140265236909,0.0,0.0,0.005432136066662729,0.0,0.00182918230112892,0.0,0.0,0.001853273867881676
2018-03-04 16:00:00,0.0,0.0,0.0,0.0037468684130848567,0.0,0.0,0.05404236988160924,0.01882702712018562,0.0,0.0,0.0,6.028806543358155e-07,0.000497712448836442,0.0011480986000684907,0.0003073634188189622,0.0,0.0,0.005321116020547765,0.0,0.0006193636622845598,0.0,0.0,0.002429620767529898
2018-03-04 17:00:00,0.0,0.0,0.0,0.0034883093576736648,0.0,0.0,0.050306029019653316,0.017539496784849593,0.0,0.0,0.0,5.612778449159856e-07,0.0037786473322749597,0.0010827111025122655,0.0002887953779339921,0.0,0.0,0.0049539233197842345,0.0,0.000157095595366967,0.0,0.0,0.003275174521097815
2018-03-04 18:00:00,0.0,0.0,0.0,0.003489203313758782,0.0,0.0,0.047380926454186456,0.01734945056281723,0.0,0.0,0.0,5.55935479334853e-07,0.00809184130046691,0.001022016743324786,0.00026169443882165483,0.0,0.0,0.004906770791540139,0.0,0.0,0.0,0.0,0.0038147550021226098
2018-03-04 19:00:00,0.0,0.0,0.0,0.003424264391579147,0.0,0.0,0.04656691162552222,0.016982571968486265,0.0,0.0,0.0,5.43817355512745e-07,0.0,0.0009347737865345827,0.00014150563734226652,0.0,0.0,0.004799814394208334,0.0,0.0,0.0,0.0,0.003843780320254444
2018-03-04 20:00:00,0.0,0.0,0.0,0.0034970959974074275,0.0,0.0,0.04641922424991628,0.01744763314353446,0.0,0.0,0.0,5.553839539847215e-07,0.0,0.0008996879400089257,0.00012149457289760716,0.0,0.0,0.004901902945217294,0.0,0.0,0.0,0.0,0.0041986749735366145
2018-03-04 21:00:00,0.0,0.0,0.0,0.0035265643381720397,0.0,0.0,0.04420510188866236,0.01753647254307974,0.0,0.0,0.0,5.600639066149473e-07,0.0,0.0008504766992910156,9.490961443321341e-05,0.0,0.0,0.0049432089163693035,0.0,0.0,0.0,0.0,0.0044646195253352375
2018-03-04 22:00:00,0.0,0.0,0.0,0.0034583081132998667,0.0,0.0,0.03904130523703631,0.017492968963145835,0.0,0.0,0.0,5.546261403228484e-07,0.0,0.0008389931280260025,7.295682243902514e-05,0.0,0.0,0.00489521436699243,0.0,0.0,0.0,0.0,0.004386906301111594
2018-03-04 23:00:00,0.0,0.0,0.0,0.0035728769531697562,0.0,0.0,0.03795541724650543,0.018072758545315253,0.0,0.0,0.0,5.71127567840752e-07,0.0,0.0008673764618939029,8.401430669418922e-05,0.0,0.0,0.005040858467024399,0.0,0.0,0.0,0.0,0.004302083852419179
2018-03-05 00:00:00,0.0,0.0,0.0,0.003797790612410271,0.0,0.0,0.039365572590166445,0.019286041216251416,0.0,0.0,0.0,6.110741656804663e-07,0.0,0.0009113322405430404,9.029006562204526e-05,0.0,0.0,0.005393433193386215,0.0,0.0,0.0,0.0,0.0045275754747152045
2018-03-05 01:00:00,0.0,0.0,0.0,0.0038491391375565314,0.0,0.0,0.04150182870721933,0.01953393363566545,0.0,0.0,0.0,6.19336273933654e-07,0.0,0.0009137604098870334,0.00012673847016738993,0.0,0.0,0.0054663558129351385,0.0,0.0,0.0,0.0,0.004521424344638665
2018-03-05 02:00:00,0.0,0.0,0.0,0.003900527781001852,0.0,0.0,0.043262853389039804,0.03465066647001466,0.0,0.0,0.0,6.255471165450551e-07,0.0,0.0009184704419691842,0.00014011511866832236,0.0,0.0,0.005521173651064373,0.0,0.0,0.0,0.0,0.004607938312270366
2018-03-05 03:00:00,0.0,0.0,0.0,0.0038143872700506947,0.0,0.0,0.04848572408397819,0.039298237186651805,0.0,0.0,0.0,6.097332074126069e-07,0.0,0.00089879813664294,0.0001423133593559113,0.0,0.0,0.005381597692494496,0.0,0.0,0.0,0.0,0.00430652917953515
2018-03-05 04:00:00,0.0,0.0,0.0,0.00380942118617852,0.0,0.0,0.061379194870898206,0.04505791837045506,0.0,0.0,0.0,6.129455545713109e-07,0.0,0.000907630917558615,0.00017816769850458053,0.0,0.0,0.005409950355342121,0.0,0.0,0.0,0.0,0.0036851981377072915
2018-03-05 05:00:00,0.0,0.0,0.0,0.0032111483413215943,0.0,0.0,0.07781393122070132,0.04198580736025298,0.0,0.0,0.0,5.16681932684004e-07,0.07549435719195409,0.0008374416127157865,0.0003395575100510899,0.0,0.0,0.004560313040001798,0.0,3.720308260442577e-06,0.0,0.0,0.0028100848727671897
2018-03-05 06:00:00,0.0,0.0,0.0,0.002798803615316633,0.0,0.0,0.08920049166370363,0.04195583238736045,0.0,0.0,0.0,4.503346178549996e-07,0.12435940566507843,0.0007910143085053163,0.00040506830215828837,0.0,0.0,0.0039747215845156655,0.0,0.00025421840848969943,0.0,0.0,0.002378156457444191
2018-03-05 07:00:00,0.0,0.0,0.0,0.002712193063372532,0.0,0.0,0.10672928819369525,0.042697613652202863,0.0,0.0,0.0,4.363987598339127e-07,0.11743156279035818,0.0008089318750747912,0.0003771833981857237,0.0,0.0,0.003851721589669621,0.0,0.0007613194983761074,0.0,0.0,0.002218290553203136
2018-03-05 08:00:00,0.0,0.0,0.0,0.0026715975721180174,0.0,0.0,0.10546145544752429,0.04187989505249002,0.0,0.0,0.0,4.2986684207423466e-07,0.09048586869229437,0.000793838348781551,0.0004393813990662284,0.0,0.0,0.0037940698936233877,0.0,0.0015165625886250438,0.0,0.0,0.002069471395933204
2018-03-05 09:00:00,0.0,0.0,0.0,0.0026692983589697615,0.0,0.0,0.10523030174374787,0.0419420153543826,0.0,0.0,0.0,4.294968928327728e-07,0.07168309354108247,0.0007918873107789938,0.00043232019961833915,0.0,0.0,0.003790804665553164,0.0,0.002310813838516603,0.0,0.0,0.001969816306583649
2018-03-05 10:00:00,0.0,0.0,0.0,0.002694916690284336,0.0,0.0,0.09629657052519261,0.04227247503677133,0.0,0.0,0.0,4.3361894747765594e-07,0.07403736807995102,0.000735413955601309,0.00035703398260150324,0.0,0.0,0.003827186544538194,0.0,0.0030386586736421183,0.0,0.0,0.001918040560218648
2018-03-05 11:00:00,0.0,0.0,0.0,0.0026507739042354104,0.0,0.0,0.09148577631051559,0.0416686701334201,0.0,0.0,0.0,4.265162609663164e-07,0.0624624320428524,0.0007239973416253555,0.0003198985850873995,0.0,0.0,0.00376449715699091,0.0,0.0032758338578632233,0.0,0.0,0.0017871002010530269
2018-03-05 12:00:00,0.0,0.0,0.0,0.002748687020999074,0.0,0.0,0.09345191972444901,0.04259224875512864,0.0,0.0,0.0,4.365269546848809e-07,0.05455007088117143,0.0007344337177467847,0.0002460117994026281,0.0,0.0,0.0038528530568519457,0.0,0.003241115826608018,0.0,0.0,0.0017318629842227018
2018-03-05 13:00:00,0.0,0.0,0.0,0.0029617892191257647,0.0,0.0,0.09960902027770879,0.045591405472532494,0.0,0.0,0.0,4.7037033258648215e-07,0.0006333275377831221,0.0008081165038462265,0.0003104136702671766,0.0,0.0,0.004151559839108973,0.0,0.00302568781600374,0.0,0.0,0.0016703451805123715
2018-03-05 14:00:00,0.0,0.0,0.0,0.0030888287742195986,0.0,0.0,0.08864837188594289,0.047343104947984646,0.0,0.0,0.0,4.905458526387713e-07,0.010693233372236776,0.0008584087842988333,0.00036503606731844667,0.0,0.0,0.00432963203665094,0.0,0.0023085673067691766,0.0,0.0,0.0016872606344154183
2018-03-05 15:00:00,0.0,0.0,0.0,0.0030972867078223167,0.0,0.0,0.08899623949778449,0.04789176634305903,0.0,0.0,0.0,4.91889081595111e-07,0.052002739234319195,0.000904489102955999,0.0004809724913279319,0.0,0.0,0.004341487578983308,0.0,0.0013146366045380124,0.0,0.0,0.0013407773671621792
2018-03-05 16:00:00,0.0,0.0,0.0,0.003066033541772244,0.0,0.0,0.08769418854309818,0.047772732223663614,0.0,0.0,0.0,4.869256756868092e-07,0.10909586775460185,0.0009535313599985026,0.0006889658004592586,0.0,0.0,0.004297679806242212,0.0,0.0004658039914206687,0.0,0.0,0.0009745203328827034
2018-03-05 17:00:00,0.0,0.0,0.0,0.0029846264903878846,0.0,0.0,0.07878681931690429,0.046602790365019395,0.0,0.0,0.0,4.7399718584449417e-07,0.1348162302123728,0.0009675958937017503,0.0010233943902346135,0.0,0.0,0.00418357099560668,0.0,0.0001281323280543139,0.0,0.0,0.0007925499319475073
2018-03-05 18:00:00,0.0,0.0,0.0,0.0030883849855998947,0.0,0.0,0.0799595255399835,0.047998705426322036,0.0,0.0,0.0,4.904753732814624e-07,0.14081900176237425,0.0009908435993556837,0.0008628518593688216,0.0,0.0,0.004329009975162324,0.0,0.0,0.0,0.0,0.0008510344389393327
2018-03-05 19:00:00,0.0,0.0,0.0,0.003089846198882894,0.0,0.0,0.0760119883099053,0.04806219703820233,0.0,0.0,0.0,4.907074327992248e-07,0.12390971284034168,0.0009879895044250452,0.0006720519069168271,0.0,0.0,0.004331058167634259,0.0,0.0,0.0,0.0,0.0010276826091850544
2018-03-05 20:00:00,0.0,0.0,0.0,0.0033044652150198517,0.0,0.0,0.07976104814724774,0.051411475266021335,0.0,0.0,0.0,5.247917009665328e-07,0.08162037132335295,0.0009923275170783902,0.0005356524474230506,0.0,0.0,0.0046318910838828616,0.0,0.0,0.0,0.0,0.0013188759662424087
2018-03-05 21:00:00,0.0,0.0,0.0,0.003787629957956181,0.0,0.0,0.09026629678242469,0.05889114802546583,0.0,0.0,0.0,6.015244945635417e-07,0.02574597630531188,0.0010631600228421289,0.00040609069030613626,0.0,0.0,0.005309146348874324,0.0,0.0,0.0,0.0,0.0017187170784712371
2018-03-05 22:00:00,0.0,0.0,0.0,0.004249793792020757,0.0,0.0,0.09196367236980768,0.059934868114896046,0.0,0.0,0.0,6.749220729376587e-07,0.012649466430528267,0.0011765964689563627,0.0003500930161139782,0.0,0.0,0.005956964498863223,0.0,0.0,0.0,0.0,0.001761450174830791
2018-03-05 23:00:00,0.0,0.0,0.0,0.00446821337896024,0.0,0.0,0.09915831477168897,0.052601163748862916,0.0,0.0,0.0,7.005123576857463e-07,0.0168468090739959,0.0011408079641257599,0.00029329505912767417,0.0,0.0,0.006182828230207269,0.0,0.0,0.0,0.0,0.0018403905840700236
2018-03-06 00:00:00,0.0,0.0,0.0,0.004584608295433114,0.0,0.0,0.10513790883808757,0.047498753356052914,0.0,0.0,0.0,7.257386406172527e-07,0.003858738860733281,0.0011660749369119734,0.0005048466524780948,0.0,0.0,0.0064054792263544096,0.0,0.0,0.0,0.0,0.0017814615262401912
2018-03-06 01:00:00,0.0,0.0,0.0,0.00466229086276686,0.0,0.0,0.10800192303479272,0.04536817528207637,0.0,0.0,0.0,7.404319286373379e-07,0.0,0.0011863405851072304,0.0005837112197253605,0.0,0.0,0.006535164413158642,0.0,0.0,0.0,0.0,0.0016187654293383742
2018-03-06 02:00:00,0.0,0.0,0.0,0.004907004623888886,0.0,0.0,0.1137099073946424,0.044915899250308804,0.0,0.0,0.0,7.792956305051677e-07,0.0,0.0012528715079558063,0.0005904027232690439,0.0,0.0,0.006878181335561845,0.0,0.0,0.0,0.0,0.0013201399188689596
2018-03-06 03:00:00,0.0,0.0,0.0,0.005080222338542399,0.0,0.0,0.1203915872143441,0.04732283603498436,0.0,0.0,0.0,8.068048379549444e-07,0.0,0.001300460108180157,0.00041533786269812604,0.0,0.0,0.00712098176947997,0.0,0.0,0.0,0.0,0.0013910381786818474
2018-03-06 04:00:00,0.0,0.0,0.0,0.004582949134511201,0.0,0.0,0.12174726044794236,0.05289833610454442,0.0,0.0,0.0,7.278314387487913e-07,0.010422172157676731,0.0011706381292174467,0.0005425620772188606,0.0,0.0,0.006423950579822818,0.0,0.0,0.0,0.0,0.0012239821251412472
2018-03-06 05:00:00,0.0,0.0,0.0,0.0035171573496809616,0.0,0.0,0.11193145698892584,0.05411708392612263,0.0,0.0,0.0,5.585699555003261e-07,0.08308600671256039,0.0009947569061181762,0.0006986025203561176,0.0,0.0,0.004930023077426298,0.0,6.032876472265829e-06,0.0,0.0,0.0009775050800143663
2018-03-06 06:00:00,0.0,0.0,0.0,0.003023768801273524,0.0,0.0,0.10562984128752763,0.04703437082962879,0.0,0.0,0.0,4.802134897160155e-07,0.1221140969478758,0.0009583143182414637,0.0008329313562770692,0.0,0.0,0.004238437035645377,0.0,0.0003187772180341883,0.0,0.0,0.0008333791369097781
2018-03-06 07:00:00,0.0,0.0,0.0,0.002918271618006226,0.0,0.0,0.10419943913174541,0.045422264662674655,0.0,0.0,0.0,4.6345917618825437e-07,0.13603681311162483,0.0009282189628276828,0.0006394606863310408,0.0,0.0,0.004090560925366027,0.0,0.0008959831868405274,0.0,0.0,0.0007726348600984824
2018-03-06 08:00:00,0.0,0.0,0.0,0.0029773096191997328,0.0,0.0,0.10667600541719371,0.04626258222297553,0.0,0.0,0.0,4.728351723183327e-07,0.12300286338652257,0.0008885822807681617,0.0004875049994978303,0.0,0.0,0.004173314888123909,0.0,0.001736659358957598,0.0,0.0,0.0008423647741341869
2018-03-06 09:00:00,0.0,0.0,0.0,0.0030949470498255922,0.0,0.0,0.11114427262087595,0.04816196634783531,0.0,0.0,0.0,4.915175137256113e-07,0.05754287453954453,0.0009048726765723427,0.0007386522482779541,0.0,0.0,0.004338208064656721,0.0,0.0025317308674962374,0.0,0.0,0.0009023523626905865
2018-03-06 10:00:00,0.0,0.0,0.0,0.0030586194229815966,0.0,0.0,0.10907632270957049,0.047606747800941304,0.0,0.0,0.0,4.857482179869593e-07,0.05980343992367712,0.0009067344062498474,0.0005410239344437927,0.0,0.0,0.004287287386141933,0.0,0.0029738617377278644,0.0,0.0,0.0010269937425233617
2018-03-06 11:00:00,0.0,0.0,0.0,0.0029861933642633424,0.0,0.0,0.10667829975117184,0.046400621271317326,0.0,0.0,0.0,4.7424602562727177e-07,0.05529248863082318,0.0008839871357168679,0.0005966733760622506,0.0,0.0,0.004185767293240655,0.0,0.003155695488989901,0.0,0.0,0.0012919269277519327
2018-03-06 12:00:00,0.0,0.0,0.0,0.0029546368109481537,0.0,0.0,0.10435931474143767,0.04577379133276805,0.0,0.0,0.0,4.692344379078291e-07,0.06424510627291911,0.0008749307613540861,0.0004754481419227342,0.0,0.0,0.004141534260532572,0.0,0.0031069023268506593,0.0,0.0,0.0015408498709815993
2018-03-06 13:00:00,0.0,0.0,0.0,0.003013963670242661,0.0,0.0,0.10654503729088535,0.04610612578034748,0.0,0.0,0.0,4.786563084303728e-07,0.059588908421734,0.0008886339748847679,0.00036701631336185,0.0,0.0,0.0042246931176305276,0.0,0.002825940490428004,0.0,0.0,0.001545435026911179
2018-03-06 14:00:00,0.0,0.0,0.0,0.003033506376790424,0.0,0.0,0.106375537210586,0.04608580132122011,0.0,0.0,0.0,4.786518136545373e-07,0.07019166124838039,0.000892365637285385,0.0005818129910197774,0.0,0.0,0.004224653446057829,0.0,0.0021482627589798635,0.0,0.0,0.0015708138370130746
2018-03-06 15:00:00,0.0,0.0,0.0,0.00299684513168593,0.0,0.0,0.10701095727614243,0.04589369860282716,0.0,0.0,0.0,4.7593766369281753e-07,0.1021248397096036,0.0009288321584803708,0.0007771602568161212,0.0,0.0,0.004200697947171591,0.0,0.0012430222629013802,0.0,0.0,0.001017912741218155
2018-03-06 16:00:00,0.0,0.0,0.0,0.003020073859621087,0.0,0.0,0.11050565987441809,0.046837381447353756,0.0,0.0,0.0,4.796266853199696e-07,0.11257498879010848,0.0010311380308285914,0.0005878897282446703,0.0,0.0,0.004233257811116821,0.0,0.00047199422549151754,0.0,0.0,0.0009141784157214435
2018-03-06 17:00:00,0.0,0.0,0.0,0.003005607388702605,0.0,0.0,0.10782190721552153,0.046251779505722054,0.0,0.0,0.0,4.7272476117332933e-07,0.12157104964899407,0.0010019763583838139,0.0006437148622193041,0.0,0.0,0.004172340382625516,0.0,0.00014055261063283358,0.0,0.0,0.0009908092644437066
2018-03-06 18:00:00,0.0,0.0,0.0,0.003034159937066953,0.0,0.0,0.10771499353835232,0.047063226035328545,0.0,0.0,0.0,4.803043065502008e-07,0.1207021754875962,0.0009990270571671644,0.0007280185352578283,0.0,0.0,0.004239238598787009,0.0,0.0,0.0,0.0,0.0010597219471328314
2018-03-06 19:00:00,0.0,0.0,0.0,0.0030816297435396142,0.0,0.0,0.10707273369917888,0.047944560172369886,0.0,0.0,0.0,4.894025537053501e-07,0.11508116144671034,0.00097767171398461,0.000574274960142861,0.0,0.0,0.0043195411069998566,0.0,0.0,0.0,0.0,0.0011236826652059123
2018-03-06 20:00:00,0.0,0.0,0.0,0.00341354724517201,0.0,0.0,0.1160290713804182,0.053063539154468625,0.0,0.0,0.0,5.421153344211188e-07,0.06871981316857396,0.0010328976437808486,0.0005394409984361929,0.0,0.0,0.004784792098115686,0.0,0.0,0.0,0.0,0.0011489322477236954
2018-03-06 21:00:00,0.0,0.0,0.0,0.003897743664258066,0.0,0.0,0.1259033830924807,0.060500333174855356,0.0,0.0,0.0,6.190119714984588e-07,0.027437433129253768,0.0011442089186627397,0.0005296755872756919,0.0,0.0,0.005463493470494707,0.0,0.0,0.0,0.0,0.0011347893117214483
2018-03-06 22:00:00,0.0,0.0,0.0,0.004365241748564612,0.0,0.0,0.14014145539779604,0.05653600878263372,0.0,0.0,0.0,6.932566976183413e-07,0.005627843374973145,0.001274043074389763,0.00041063870129927403,0.0,0.0,0.006118788674871311,0.0,0.0,0.0,0.0,0.0009453466388024824
2018-03-06 23:00:00,0.0,0.0,0.0,0.00442640283549966,0.0,0.0,0.14226404335226447,0.05138353041340549,0.0,0.0,0.0,7.029698671501965e-07,0.001354130992891591,0.001198577954401905,0.0003308157289681652,0.0,0.0,0.006204518581171242,0.0,0.0,0.0,0.0,0.0008284261565518926
2018-03-07 00:00:00,0.0,0.0,0.0,0.0045745335384450095,0.0,0.0,0.14535348802083473,0.05098983776220573,0.0,0.0,0.0,7.264949335393706e-07,0.0012280864655560848,0.0012205236465716394,0.00023520732497843755,0.0,0.0,0.006412154382299729,0.0,0.0,0.0,0.0,0.0007590397102101737
2018-03-07 01:00:00,0.0,0.0,0.0,0.004662402597166576,0.0,0.0,0.14712147868950098,0.04752311026313495,0.0,0.0,0.0,7.404496735012924e-07,0.002670727069332001,0.0012483392153625026,0.00026121918693254364,0.0,0.0,0.006535321032017104,0.0,0.0,0.0,0.0,0.000668912825272327
2018-03-07 02:00:00,0.0,0.0,0.0,0.004810838957533346,0.0,0.0,0.15311171384503885,0.048877353656948785,0.0,0.0,0.0,7.640232822317117e-07,0.0032513398788063296,0.001278597072577774,0.00026064431915948327,0.0,0.0,0.006743385275205919,0.0,0.0,0.0,0.0,0.000786386165358568
2018-03-07 03:00:00,0.0,0.0,0.0,0.00470966882097753,0.0,0.0,0.14873519658863962,0.04837786043890107,0.0,0.0,0.0,7.479561595369962e-07,0.002315552253256717,0.0012428773596922787,0.00023335343338825153,0.0,0.0,0.006601574415361452,0.0,0.0,0.0,0.0,0.0008366388937513577
2018-03-07 04:00:00,0.0,0.0,0.0,0.004379182430648866,0.0,0.0,0.1407289023286579,0.0517168319604642,0.0,0.0,0.0,6.954706577563922e-07,0.015802818543202254,0.0011515564682119284,0.00042386298620660407,0.0,0.0,0.006138329422571059,0.0,1.1446069169749467e-06,0.0,0.0,0.0008057174121631417
2018-03-07 05:00:00,0.0,0.0,0.0,0.0034573046962650014,0.0,0.0,0.11712355236231947,0.05172131012158838,0.0,0.0,0.0,5.508530660697397e-07,0.09424916070452126,0.0010044475494867312,0.0006928405671448366,0.0,0.0,0.0048619126418324955,0.0,1.3995560980366712e-05,0.0,0.0,0.0008616720111208551
2018-03-07 06:00:00,0.0,0.0,0.0,0.0030077609202321877,0.0,0.0,0.10486276610816123,0.04709115988948129,0.0,0.0,0.0,4.807932659126909e-07,0.1107885922493649,0.000979340236836093,0.0008644905540664491,0.0,0.0,0.004243554228221179,0.0,0.0004226480227160963,0.0,0.0,0.0008563475308928221
2018-03-07 07:00:00,0.0,0.0,0.0,0.0029387411828885076,0.0,0.0,0.1018732966593243,0.045692383873583736,0.0,0.0,0.0,4.6671000713172755e-07,0.10948822650289025,0.0009554349291438827,0.0008460641088860297,0.0,0.0,0.00411925325193017,0.0,0.0011388464203417117,0.0,0.0,0.0007224824036283598
2018-03-07 08:00:00,0.0,0.0,0.0,0.0028946513106161594,0.0,0.0,0.10083615718904475,0.04505461970219001,0.0,0.0,0.0,4.597079666926171e-07,0.09458965664504675,0.0009435351668114534,0.0007375546314946845,0.0,0.0,0.004057452181869097,0.0,0.0020408258429262176,0.0,0.0,0.0007139574335441709
2018-03-07 09:00:00,0.0,0.0,0.0,0.002747585305853991,0.0,0.0,0.0980007010921819,0.042602374826331696,0.0,0.0,0.0,4.3635198810864317e-07,0.09080457639648482,0.0008919230563068771,0.0006689295472105192,0.0,0.0,0.00385130877533423,0.0,0.0027503758711920246,0.0,0.0,0.0005906576754479767
2018-03-07 10:00:00,0.0,0.0,0.0,0.0028084411672359144,0.0,0.0,0.09951522960345897,0.04329575930366728,0.0,0.0,0.0,4.460166838855092e-07,0.09250457292275395,0.0008577380203350815,0.0005511255111423687,0.0,0.0,0.003936610844926525,0.0,0.0033717215350006846,0.0,0.0,0.0005219291509562883
2018-03-07 11:00:00,0.0,0.0,0.0,0.0028790296751926947,0.0,0.0,0.10184403466945482,0.044839971157684476,0.0,0.0,0.0,4.572270494814158e-07,0.0692382508472278,0.0008671101386724055,0.0006450909684934748,0.0,0.0,0.0040355552305849,0.0,0.0036396557930025095,0.0,0.0,0.0004768972144273658
2018-03-07 12:00:00,0.0,0.0,0.0,0.0029012186912789942,0.0,0.0,0.10195121741311328,0.045118544374528315,0.0,0.0,0.0,4.60750951455561e-07,0.06704584483387736,0.0008764331962819686,0.0006924765075552398,0.0,0.0,0.004066657723449132,0.0,0.0035465441425725297,0.0,0.0,0.0005351594352072693
2018-03-07 13:00:00,0.0,0.0,0.0,0.0030625643171223,0.0,0.0,0.10664266271271224,0.04761762118770462,0.0,0.0,0.0,4.863747180623188e-07,0.05788248515195958,0.0009274967578519267,0.0006472295651654305,0.0,0.0,0.004292816970751912,0.0,0.0032440310684436983,0.0,0.0,0.0005716898629962593
2018-03-07 14:00:00,0.0,0.0,0.0,0.0031165589688738,0.0,0.0,0.10876551451568486,0.04847771105802742,0.0,0.0,0.0,4.949497652460414e-07,0.07014460468556649,0.0009492633596097584,0.0005603978703464496,0.0,0.0,0.004368501636727019,0.0,0.00237167664979512,0.0,0.0,0.0006103411927443083
2018-03-07 15:00:00,0.0,0.0,0.0,0.0032173131796895587,0.0,0.0,0.11227533685385599,0.05003431416629421,0.0,0.0,0.0,5.109508335681434e-07,0.08911933524578121,0.0010223153658015897,0.0005267364139902486,0.0,0.0,0.004509729490668389,0.0,0.0014362455011577686,0.0,0.0,0.0003863045070448688
2018-03-07 16:00:00,0.0,0.0,0.0,0.0030144958916555895,0.0,0.0,0.10596798332136265,0.0469498143772165,0.0,0.0,0.0,4.787408320559543e-07,0.1303922773309835,0.0010397906092981675,0.0007141305348309455,0.0,0.0,0.0042254391359592995,0.0,0.0005532623570431435,0.0,0.0,0.00022869202442034518
2018-03-07 17:00:00,0.0,0.0,0.0,0.0029471183939925104,0.0,0.0,0.1047528021794827,0.04601712848775134,0.0,0.0,0.0,4.6804041631401907e-07,0.13465376032680915,0.0010432875138729038,0.0007903971564918096,0.0,0.0,0.004130995644993976,0.0,0.00016029498448843954,0.0,0.0,0.0001780898439050294
2018-03-07 18:00:00,0.0,0.0,0.0,0.0030002482447493836,0.0,0.0,0.10577264797596679,0.04682691162304491,0.0,0.0,0.0,4.7647812194458965e-07,0.13466959066389236,0.0010688384459176508,0.0007105060558864658,0.0,0.0,0.004205468113607118,0.0,1.1027651994610194e-06,0.0,0.0,0.000102699319807441
2018-03-07 19:00:00,0.0,0.0,0.0,0.003093802752880784,0.0,0.0,0.11113406518804811,0.04832791447521168,0.0,0.0,0.0,4.913357846103078e-07,0.11485004320149932,0.0010660369240436825,0.0006292252003497397,0.0,0.0,0.004336604095944363,0.0,0.0,0.0,0.0,7.991242617438332e-05
2018-03-07 20:00:00,0.0,0.0,0.0,0.0035593863070588184,0.0,0.0,0.12336703191458406,0.05545980062220963,0.0,0.0,0.0,5.652764586499547e-07,0.053611270780425296,0.001137390510015301,0.0005017302971767635,0.0,0.0,0.004989215690582308,0.0,0.0,0.0,0.0,0.00013132864802992337
2018-03-07 21:00:00,0.0,0.0,0.0,0.003956337471915002,0.0,0.0,0.1327726620981562,0.05191897600912971,0.0,0.0,0.0,6.283174239652066e-07,0.009837002381088334,0.0012001940090373164,0.0004923693087931645,0.0,0.0,0.005545624804189281,0.0,0.0,0.0,0.0,0.00025198308653278246
2018-03-07 22:00:00,0.0,0.0,0.0,0.0041333217968231445,0.0,0.0,0.12999725726595363,0.04007081506171425,0.0,0.0,0.0,6.564248177095224e-07,0.008322285138988236,0.001249723685649474,0.0002938051997057962,0.0,0.0,0.005793704920996967,0.0,0.0,0.0,0.0,0.0008093111175167179
2018-03-07 23:00:00,0.0,0.0,0.0,0.004227927523508596,0.0,0.0,0.1134134302695861,0.03927200891499376,0.0,0.0,0.0,6.714494274414588e-07,0.0002507637686088487,0.0011786454550005274,0.00019719261385095597,0.0,0.0,0.005926314403441153,0.0,0.0,0.0,0.0,0.0017311277929949664
2018-03-08 00:00:00,0.0,0.0,0.0,0.004237756107393968,0.0,0.0,0.09974138285231234,0.03954508646278613,0.0,0.0,0.0,6.7301033334292e-07,0.0,0.001148372709194952,0.00017917075377345214,0.0,0.0,0.005940091195479674,0.0,0.0,0.0,0.0,0.0030454517840883743
2018-03-08 01:00:00,0.0,0.0,0.0,0.004107466329552782,0.0,0.0,0.08614631299474504,0.03856615247247187,0.0,0.0,0.0,6.565821564898999e-07,0.0,0.0011286064053131156,0.00023266227404705807,0.0,0.0,0.005795093616916961,0.0,0.0,0.0,0.0,0.0032593526335978115
2018-03-08 02:00:00,0.0,0.0,0.0,0.004115553130964114,0.0,0.0,0.10354580227955591,0.04370100459521859,0.0,0.0,0.0,6.536029243702668e-07,0.0,0.0010978936591852285,0.0002506649624824743,0.0,0.0,0.0057687984627323,0.0,0.0,0.0,0.0,0.00326478834420342
2018-03-08 03:00:00,0.0,0.0,0.0,0.004061290352300547,0.0,0.0,0.12132574232921114,0.0495707566688767,0.0,0.0,0.0,6.449852951742963e-07,0.0,0.0010930494932558077,0.00031980537429382515,0.0,0.0,0.0056927379614638745,0.0,0.0,0.0,0.0,0.0032260228717918833
2018-03-08 04:00:00,0.0,0.0,0.0,0.003787938764534721,0.0,0.0,0.12001983812339129,0.0467252158728288,0.0,0.0,0.0,6.055053902147717e-07,0.006284197339795218,0.0010444898624887191,0.0004002273609501966,0.0,0.0,0.005344282337189002,0.0,0.0,0.0,0.0,0.0025841279260802896
2018-03-08 05:00:00,0.0,0.0,0.0,0.003315686901319324,0.0,0.0,0.11162344784560109,0.04125762404949631,0.0,0.0,0.0,5.335024527841125e-07,0.011734494019566364,0.0009817954402104713,0.0005177557653483437,0.0,0.0,0.004708773499522162,0.0,1.9755885079679106e-05,0.0,0.0,0.0023197509908638066
2018-03-08 06:00:00,0.0,0.0,0.0,0.0028284334274529003,0.0,0.0,0.10324171256617631,0.03530811929536012,0.0,0.0,0.0,4.5510212996355883e-07,0.06820082910304276,0.0009037767543347322,0.0005974023609040647,0.0,0.0,0.004016800368892912,0.0,0.000500641599300678,0.0,0.0,0.0018854033987619398
2018-03-08 07:00:00,0.0,0.0,0.0,0.0027017753845452516,0.0,0.0,0.09779870270516089,0.03725868397276384,0.0,0.0,0.0,4.347225288229389e-07,0.07934422467593572,0.0008638715042181119,0.000514546111177239,0.0,0.0,0.0038369269207372478,0.0,0.0014568029699138908,0.0,0.0,0.001870202749794086
2018-03-08 08:00:00,0.0,0.0,0.0,0.0027343009063183293,0.0,0.0,0.09514843553186123,0.04304565382291604,0.0,0.0,0.0,4.3995596797460163e-07,0.056063874937322844,0.0008688474524421966,0.0003461439865865783,0.0,0.0,0.0038831180478072543,0.0,0.0027569584602502193,0.0,0.0,0.0014341418567187635
2018-03-08 09:00:00,0.0,0.0,0.0,0.002863439713828744,0.0,0.0,0.10126991096078707,0.03911476544423682,0.0,0.0,0.0,4.6073473044732115e-07,0.005872983838552761,0.0009190424938933322,0.0003938193450902037,0.0,0.0,0.004066514554372146,0.0,0.004072498437779952,0.0,0.0,0.0011738702103162193
2018-03-08 10:00:00,0.0,0.0,0.0,0.002879616590177327,0.0,0.0,0.1017171408912433,0.03560850087952558,0.0,0.0,0.0,4.6181849120891456e-07,0.0,0.0008984708186584594,0.00038731818842923586,0.0,0.0,0.004076079991095786,0.0,0.004913728060421661,0.0,0.0,0.0011359450939517827
2018-03-08 11:00:00,0.0,0.0,0.0,0.002968520794195421,0.0,0.0,0.10835085100249106,0.03664706052532101,0.0,0.0,0.0,4.745206967649455e-07,0.0,0.0008956223024684325,0.00034789911716770396,0.0,0.0,0.004188191582327635,0.0,0.005512797423790274,0.0,0.0,0.0012629457775603676
2018-03-08 12:00:00,0.0,0.0,0.0,0.0030719321920978583,0.0,0.0,0.10353408481935977,0.03769771102241488,0.0,0.0,0.0,4.878624574461438e-07,0.00011027907511061112,0.0008900116063788816,0.0003897680272763101,0.0,0.0,0.004305947984017536,0.0,0.005562313071973794,0.0,0.0,0.0013616915973121949
2018-03-08 13:00:00,0.0,0.0,0.0,0.003139267065058063,0.0,0.0,0.10638641369758217,0.038472228245837126,0.0,0.0,0.0,4.985561038354397e-07,0.0009603686270909848,0.0009096066621475145,0.00021538808253386042,0.0,0.0,0.004400331727650583,0.0,0.004895198370497904,0.0,0.0,0.0011788210443053203
2018-03-08 14:00:00,0.0,0.0,0.0,0.0032372068371889005,0.0,0.0,0.11016439716156066,0.03969386113670069,0.0,0.0,0.0,5.141102029904852e-07,0.0011469645200498045,0.0009221397444388842,0.0002565937054818621,0.0,0.0,0.004537614563986212,0.0,0.003649859695124275,0.0,0.0,0.0010698619814473393
2018-03-08 15:00:00,0.0,0.0,0.0,0.003377720800768144,0.0,0.0,0.11712451942811566,0.0414279561901731,0.0,0.0,0.0,5.364256329187913e-07,0.0020666334025775967,0.0010066884227255674,0.0003597574893327745,0.0,0.0,0.004734573930393048,0.0,0.00215007165628697,0.0,0.0,0.0007500755305521914
2018-03-08 16:00:00,0.0,0.0,0.0,0.003233308675295847,0.0,0.0,0.1158225412042509,0.039656732468533476,0.0,0.0,0.0,5.134911245988591e-07,0.05867707880980833,0.0010122406972270905,0.0004704036262905429,0.0,0.0,0.004532150484281606,0.0,0.0007616505747684567,0.0,0.0,0.0004858154476079134
2018-03-08 17:00:00,0.0,0.0,0.0,0.0029470803448349916,0.0,0.0,0.11450754230642035,0.03618502172665673,0.0,0.0,0.0,4.6803437361700296e-07,0.08516660892926588,0.0009696861061770102,0.0006297391975013133,0.0,0.0,0.004130942311234353,0.0,0.0001788280741167744,0.0,0.0,0.0005621769951305117
2018-03-08 18:00:00,0.0,0.0,0.0,0.0030301208100784872,0.0,0.0,0.11709878832076813,0.03709462954721592,0.0,0.0,0.0,4.812222706498135e-07,0.06625059075673471,0.0009787518298248446,0.000438388484671095,0.0,0.0,0.0042473406890458495,0.0,0.0,0.0,0.0,0.0013474983994626207
2018-03-08 19:00:00,0.0,0.0,0.0,0.0033363583047436337,0.0,0.0,0.1100013361316728,0.04095366840593644,0.0,0.0,0.0,5.298567350086967e-07,0.0035098313954018533,0.0010074711629293536,0.00027657734710765725,0.0,0.0,0.0046765958419349675,0.0,0.0,0.0,0.0,0.002489913761483407
2018-03-08 20:00:00,0.0,0.0,0.0,0.0033758670598670916,0.0,0.0,0.10327615523988481,0.041416356641378875,0.0,0.0,0.0,5.36131234952006e-07,0.0,0.0009345483410293854,0.00012646642156110936,0.0,0.0,0.004731975529322767,0.0,0.0,0.0,0.0,0.0030966307813031476
2018-03-08 21:00:00,0.0,0.0,0.0,0.003463941732619794,0.0,0.0,0.10502305708235483,0.04251975002010362,0.0,0.0,0.0,5.501186290743205e-07,0.0,0.0009276472760048369,0.000247231327783201,0.0,0.0,0.00485543038960844,0.0,0.0,0.0,0.0,0.0032610248618180943
2018-03-08 22:00:00,0.0,0.0,0.0,0.0035244012689845043,0.0,0.0,0.10760907690932937,0.04316885357741225,0.0,0.0,0.0,5.597203833261938e-07,0.0,0.0009376669493249723,0.00017755362033850192,0.0,0.0,0.004940176927762484,0.0,0.0,0.0,0.0,0.0030321192094862224
2018-03-08 23:00:00,0.0,0.0,0.0,0.003694620130543608,0.0,0.0,0.1000812873586834,0.04510749408882537,0.0,0.0,0.0,5.867533342218962e-07,0.0,0.0009787256278980855,9.943246129711644e-05,0.0,0.0,0.005178773849158605,0.0,0.0,0.0,0.0,0.0027869751339255912
2018-03-09 00:00:00,0.0,0.0,0.0,0.0039024112486610797,0.0,0.0,0.10157262118596284,0.04752851790787537,0.0,0.0,0.0,6.197532441095695e-07,0.0,0.0010428637883008003,0.00013322576035208232,0.0,0.0,0.005470036054898781,0.0,0.0,0.0,0.0,0.002276066853502621
2018-03-09 01:00:00,0.0,0.0,0.0,0.004139086049629131,0.0,0.0,0.10891462558196016,0.05049299187085759,0.0,0.0,0.0,6.573402554091249e-07,0.0,0.001109022331576772,0.000134171647014012,0.0,0.0,0.0058017847128664455,0.0,0.0,0.0,0.0,0.001645612414910543
2018-03-09 02:00:00,0.0,0.0,0.0,0.004235591959413384,0.0,0.0,0.1130662083533084,0.052321823979867454,0.0,0.0,0.0,6.815175155532821e-07,0.0,0.0011473867070524353,9.232183005529426e-05,0.0,0.0,0.006015176874915098,0.0,0.0,0.0,0.0,0.0012754704034446532
2018-03-09 03:00:00,0.0,0.0,0.0,0.00438119781086859,0.0,0.0,0.11927510736042107,0.05436947774375235,0.0,0.0,0.0,7.049458672653093e-07,0.0,0.0011830968883072659,0.00010618809706035606,0.0,0.0,0.006221959057646168,0.0,0.0,0.0,0.0,0.0011058973998607274
2018-03-09 04:00:00,0.0,0.0,0.0,0.004199818168097732,0.0,0.0,0.12500455351657622,0.05207367483128122,0.0,0.0,0.0,6.735458103549974e-07,0.0,0.0011131483069761721,0.00015791196497097202,0.0,0.0,0.00594481739673876,0.0,0.0,0.0,0.0,0.0011222140640415102
2018-03-09 05:00:00,0.0,0.0,0.0,0.003860514080732598,0.0,0.0,0.12360047626654645,0.04910821170724824,0.0,0.0,0.0,6.211665312122578e-07,0.01807039507729444,0.0011294243611454182,0.00025446967041916,0.0,0.0,0.005482509941047995,0.0,0.00025944490063199694,0.0,0.0,0.0010463492115767696
2018-03-09 06:00:00,0.0,0.0,0.0,0.0032071139054745275,0.0,0.0,0.11367100057067607,0.04821604698664163,0.0,0.0,0.0,5.160327816983806e-07,0.05060951948988553,0.0010550181810352328,0.0003257033332508243,0.0,0.0,0.004554583535025127,0.0,0.0010385727668784732,0.0,0.0,0.0007815187924493433
2018-03-09 07:00:00,0.0,0.0,0.0,0.003064104636384314,0.0,0.0,0.11107543218651338,0.04597383638683068,0.0,0.0,0.0,4.930222266908697e-07,0.06881027726386804,0.0010200441835531435,0.0004353422749233906,0.0,0.0,0.004351488889324388,0.0,0.0019440788914673185,0.0,0.0,0.0004418097166114602
2018-03-09 08:00:00,0.0,0.0,0.0,0.0031735567559005168,0.0,0.0,0.11651326985032498,0.0415261245002833,0.0,0.0,0.0,5.106333510105631e-07,0.034181249173685334,0.0010356891651300687,0.00043493515068620484,0.0,0.0,0.004506927341501327,0.0,0.002869524154971038,0.0,0.0,0.00025035160293991447
2018-03-09 09:00:00,0.0,0.0,0.0,0.003256079319127501,0.0,0.0,0.1098077607911676,0.03984101359651097,0.0,0.0,0.0,5.239114412530736e-07,0.01661078446478959,0.001013678484130619,0.0004909104459891954,0.0,0.0,0.0046241217782502396,0.0,0.003892270500592224,0.0,0.0,0.00021888781022782902
2018-03-09 10:00:00,0.0,0.0,0.0,0.003240985334772001,0.0,0.0,0.1045585906160464,0.04233258686233221,0.0,0.0,0.0,5.214827807927811e-07,0.021935706709106294,0.0009904170482127506,0.00048065681022699627,0.0,0.0,0.004602686052968972,0.0,0.0050884468910384955,0.0,0.0,0.00019674962344992233
2018-03-09 11:00:00,0.0,0.0,0.0,0.003414063760608314,0.0,0.0,0.10833286930366672,0.04243608555911906,0.0,0.0,0.0,5.493315395736372e-07,0.00867597500285408,0.0010244222723465575,0.0004207765171074513,0.0,0.0,0.00484848341839354,0.0,0.005831018669297453,0.0,0.0,0.00016288495451087376
2018-03-09 12:00:00,0.0,0.0,0.0,0.003400722017839801,0.0,0.0,0.10536415739426983,0.04170179636957219,0.0,0.0,0.0,5.471848192398855e-07,0.007969849562421397,0.0010126755297678938,0.0006146747149095486,0.0,0.0,0.004829536139396595,0.0,0.005536910823058239,0.0,0.0,0.00024957226741865703
2018-03-09 13:00:00,0.0,0.0,0.0,0.0035284297305742743,0.0,0.0,0.10797902882656903,0.047986239970419245,0.0,0.0,0.0,5.677333149244993e-07,0.013335526587557366,0.0010542042566765795,0.0006265481153228009,0.0,0.0,0.005010900276393185,0.0,0.005064204216739745,0.0,0.0,0.00020703018921688305
2018-03-09 14:00:00,0.0,0.0,0.0,0.003479782375597453,0.0,0.0,0.10883437106672655,0.054316311452471976,0.0,0.0,0.0,5.599058318194852e-07,0.052061887731407186,0.0010552733987618014,0.0004652626045991745,0.0,0.0,0.004941813724268629,0.0,0.0036174401042869896,0.0,0.0,0.0002626045030043676
2018-03-09 15:00:00,0.0,0.0,0.0,0.0033975137627341957,0.0,0.0,0.11336099149245576,0.052691420761376284,0.0,0.0,0.0,5.466686028361845e-07,0.06843198735789474,0.001119076295366123,0.0006584131619060831,0.0,0.0,0.004824979935185947,0.0,0.002008626846943211,0.0,0.0,0.0003362663493457531
2018-03-09 16:00:00,0.0,0.0,0.0,0.003295644987634833,0.0,0.0,0.11290210469662301,0.04463309362379006,0.0,0.0,0.0,5.30277657914335e-07,0.08682528460315919,0.0011659965675754598,0.000879413119471974,0.0,0.0,0.004680310971290171,0.0,0.0008880593287493694,0.0,0.0,0.0003066027775085737
2018-03-09 17:00:00,0.0,0.0,0.0,0.003044944343081604,0.0,0.0,0.09868870134418935,0.04129253846882729,0.0,0.0,0.0,4.964718106058623e-07,0.12830754363113217,0.0011082574162878775,0.0008735307672836262,0.0,0.0,0.004381935439735784,0.0,0.0002616999649316987,0.0,0.0,0.00026441914568238505
2018-03-09 18:00:00,0.0,0.0,0.0,0.0033526291565941445,0.0,0.0,0.0883761714240066,0.0394035073093087,0.0,0.0,0.0,5.41226907254655e-07,0.12318761668088056,0.0011977313455341337,0.0006313359336758271,0.0,0.0,0.004776950705305084,0.0,0.0,0.0,0.0,0.00031069686730507255
2018-03-09 19:00:00,0.0,0.0,0.0,0.003411387621219216,0.0,0.0,0.07379852357021259,0.03429405092071213,0.0,0.0,0.0,5.48900941941663e-07,0.11907032607279715,0.0011965099238108823,0.0005278192408273999,0.0,0.0,0.0048446828984375105,0.0,0.0,0.0,0.0,0.0002496426676002858
2018-03-09 20:00:00,0.0,0.0,0.0,0.0039223388161555624,0.0,0.0,0.08124964589059379,0.022396868361510648,0.0,0.0,0.0,6.311142883354519e-07,0.0684398250818624,0.0012432335142844805,0.0004921678796189439,0.0,0.0,0.005570310352980372,0.0,0.0,0.0,0.0,0.00026489071545807207
2018-03-09 21:00:00,0.0,0.0,0.0,0.004470285378589306,0.0,0.0,0.08570034092359488,0.02280573502337637,0.0,0.0,0.0,7.192802834228365e-07,0.025448872481416706,0.0013794439925060224,0.00031479040452599475,0.0,0.0,0.006348476787005136,0.0,0.0,0.0,0.0,0.00022411458999368062
2018-03-09 22:00:00,0.0,0.0,0.0,0.004668531856683826,0.0,0.0,0.08644108264677,0.023411320107909545,0.0,0.0,0.0,7.511786458035407e-07,0.011546433384077202,0.0014367060849339711,0.00042058861308498025,0.0,0.0,0.006630016567511441,0.0,0.0,0.0,0.0,0.00023343129715245264
2018-03-09 23:00:00,0.0,0.0,0.0,0.005264622145523315,0.0,0.0,0.08720308184259,0.025776555827483734,0.0,0.0,0.0,8.388133257948415e-07,0.0,0.001520714206163171,0.0002475508809414934,0.0,0.0,0.007403493533978409,0.0,0.0,0.0,0.0,0.00022048707036352052
2018-03-10 00:00:00,0.0,0.0,0.0,0.005342150000002342,0.0,0.0,0.07661630773922089,0.026053597883066944,0.0,0.0,0.0,8.484023292412688e-07,0.0,0.0015267553935422121,0.00020811448183887925,0.0,0.0,0.007488127531591229,0.0,0.0,0.0,0.0,0.00021995440693747044
2018-03-10 01:00:00,0.0,0.0,0.0,0.0054305427542038175,0.0,0.0,0.07535764594750799,0.026592202231981537,0.0,0.0,0.0,8.624402388006315e-07,0.0,0.00152603570649217,0.00016193885760134295,0.0,0.0,0.007612028248779805,0.0,0.0,0.0,0.0,0.0001998358054179099
2018-03-10 02:00:00,0.0,0.0,0.0,0.005354389038982848,0.0,0.0,0.07337079006735495,0.026148622958935018,0.0,0.0,0.0,8.5034604650468e-07,0.0,0.0015027163238157818,0.00032344989219474616,0.0,0.0,0.00750528307472463,0.0,0.0,0.0,0.0,0.0002730762517582195
2018-03-10 03:00:00,0.0,0.0,0.0,0.005235131254345217,0.0,0.0,0.07317907552988343,0.02591170665313306,0.0,0.0,0.0,8.314063719791282e-07,0.0,0.00148418792403369,0.00017839782185458036,0.0,0.0,0.0073381186370916115,0.0,0.0,0.0,0.0,0.0002712946020412425
2018-03-10 04:00:00,0.0,0.0,0.0,0.005035986577562219,0.0,0.0,0.07013391091775052,0.02525837091271527,0.0,0.0,0.0,7.997796285071889e-07,0.0,0.0014194665978072576,0.00020873654452994292,0.0,0.0,0.007058976206237377,0.0,0.0,0.0,0.0,0.00021613045814682322
2018-03-10 05:00:00,0.0,0.0,0.0,0.0046342812000029114,0.0,0.0,0.06705635345088932,0.023335339197224688,0.0,0.0,0.0,7.359836328893364e-07,0.0,0.0013288594174974545,0.00017274290190727974,0.0,0.0,0.006495903080756291,0.0,0.0002800713965958043,0.0,0.0,0.0003156396839808102
2018-03-10 06:00:00,0.0,0.0,0.0,0.004098412918069891,0.0,0.0,0.06449689060997829,0.02082637179471823,0.0,0.0,0.0,6.572829440663862e-07,0.0,0.0012945550100216196,0.0002671166488775994,0.0,0.0,0.005801278874270011,0.0,0.0012018325788216559,0.0,0.0,0.0002287598559419516
2018-03-10 07:00:00,0.0,0.0,0.0,0.003984648886670177,0.0,0.0,0.07231955483267832,0.02031487807265807,0.0,0.0,0.0,6.411401371088902e-07,0.0,0.0013136921026057362,0.00032267734258809364,0.0,0.0,0.0056588000136524414,0.0,0.0022169865223693633,0.0,0.0,0.00017088202031877257
2018-03-10 08:00:00,0.0,0.0,0.0,0.003963178107484067,0.0,0.0,0.07588232393968643,0.020245162667706894,0.0,0.0,0.0,6.376854341469135e-07,0.018413068104336714,0.001305561466966676,0.00030826453533117,0.0,0.0,0.005628308281756582,0.0,0.003158416489317381,0.0,0.0,0.0002162929666457968
2018-03-10 09:00:00,0.0,0.0,0.0,0.004079205938755724,0.0,0.0,0.07446481999989271,0.020742408367590327,0.0,0.0,0.0,6.563546072072585e-07,0.01263690875166816,0.0013301076590184376,0.0003221813529934067,0.0,0.0,0.0057930852324637235,0.0,0.004460403573236143,0.0,0.0,0.0002938916599097743
2018-03-10 10:00:00,0.0,0.0,0.0,0.004145904157868595,0.0,0.0,0.07281409568979105,0.02112314232492401,0.0,0.0,0.0,6.670865202473257e-07,0.006464381254720082,0.0013282265440523633,0.00027031573984720604,0.0,0.0,0.005887806723355711,0.0,0.006035662612094974,0.0,0.0,0.0004560242465856514
2018-03-10 11:00:00,0.0,0.0,0.0,0.004184434409241436,0.0,0.0,0.07063818310261062,0.02099770317015286,0.0,0.0,0.0,6.732861356590281e-07,0.006028176092713186,0.0012842799883918744,0.0002489698206686903,0.0,0.0,0.005942525468518946,0.0,0.006651967156409384,0.0,0.0,0.0005386593276077334
2018-03-10 12:00:00,0.0,0.0,0.0,0.004422580198879378,0.0,0.0,0.07053636063404169,0.02155427344057795,0.0,0.0,0.0,7.023627831460991e-07,0.0036861297534312863,0.001298461034433946,0.0003039884525114357,0.0,0.0,0.00619916036574869,0.0,0.006597512485629736,0.0,0.0,0.0006637640378894793
2018-03-10 13:00:00,0.0,0.0,0.0,0.004482320144973033,0.0,0.0,0.06376568398782947,0.02178626654781116,0.0,0.0,0.0,7.118502571808198e-07,0.0,0.001321562700459745,0.00018830078793205754,0.0,0.0,0.006282898249387203,0.0,0.005837686328386205,0.0,0.0,0.0008013427463250684
2018-03-10 14:00:00,0.0,0.0,0.0,0.0044254832455009555,0.0,0.0,0.0618172623722658,0.021466202416488635,0.0,0.0,0.0,7.028238243964647e-07,0.0,0.0013171916138910041,0.0002593409543857322,0.0,0.0,0.006203229585694314,0.0,0.004192310444959752,0.0,0.0,0.0008837431244400163
2018-03-10 15:00:00,0.0,0.0,0.0,0.004337615690523981,0.0,0.0,0.06404548681148706,0.02129762598373238,0.0,0.0,0.0,6.888693232485812e-07,0.020486778249964727,0.0013525796838644987,0.0003031925784158707,0.0,0.0,0.006080065043785832,0.0,0.002379300247960015,0.0,0.0,0.0008548852883789223
2018-03-10 16:00:00,0.0,0.0,0.0,0.004098015985859809,0.0,0.0,0.06937732929385161,0.02043220864106705,0.0,0.0,0.0,6.508177995132845e-07,0.026154381101500302,0.0013891202274899591,0.00031410227085836473,0.0,0.0,0.005744216528664367,0.0,0.0010175278185706879,0.0,0.0,0.0008305096914066498
2018-03-10 17:00:00,0.0,0.0,0.0,0.0037914264842682853,0.0,0.0,0.07099244664477398,0.01896614396595483,0.0,0.0,0.0,6.021274319138995e-07,0.03206234937833273,0.0013045886861439728,0.00032784361475795263,0.0,0.0,0.005314467965302554,0.0,0.0002948792287054483,0.0,0.0,0.0009238443945345253
2018-03-10 18:00:00,0.0,0.0,0.0,0.003842602217064954,0.0,0.0,0.07191020269508344,0.019616375889055696,0.0,0.0,0.0,6.182844668059896e-07,0.033779476748185745,0.0013038452559271773,0.0003237862917613402,0.0,0.0,0.005457072403827068,0.0,0.0,0.0,0.0,0.0009762907668864131
2018-03-10 19:00:00,0.0,0.0,0.0,0.0041593931107334866,0.0,0.0,0.07765350089730787,0.021191867761000124,0.0,0.0,0.0,6.692569270598765e-07,0.014417877724005466,0.001384899414843686,0.0002399539470601521,0.0,0.0,0.005906963062804178,0.0,0.0,0.0,0.0,0.000796538032421631
2018-03-10 20:00:00,0.0,0.0,0.0,0.004660926519992091,0.0,0.0,0.08304836969203766,0.023423366265855238,0.0,0.0,0.0,7.402152534058305e-07,0.0,0.0014172797491968938,0.00024642458943824254,0.0,0.0,0.006533252004728653,0.0,0.0,0.0,0.0,0.000806907796906624
2018-03-10 21:00:00,0.0,0.0,0.0,0.004814215631504826,0.0,0.0,0.08476077299162069,0.02416194852503059,0.0,0.0,0.0,7.645595416146365e-07,0.0,0.001425989906381226,0.0001793499823415782,0.0,0.0,0.006748118381788668,0.0,0.0,0.0,0.0,0.0005093293809671003
2018-03-10 22:00:00,0.0,0.0,0.0,0.005166792972142415,0.0,0.0,0.08231307385941193,0.025607558211329404,0.0,0.0,0.0,8.205533712589727e-07,0.0,0.0015397569113711415,0.00010418224051837506,0.0,0.0,0.007242328407984561,0.0,0.0,0.0,0.0,0.00035670466369693455
2018-03-10 23:00:00,0.0,0.0,0.0,0.005246262741035354,0.0,0.0,0.07333385216969086,0.026133081498966645,0.0,0.0,0.0,8.441370140161827e-07,0.0,0.0015496400560831398,8.620482426987793e-05,0.0,0.0,0.007450481213014466,0.0,0.0,0.0,0.0,0.0004256934938347257
2018-03-11 00:00:00,0.0,0.0,0.0,0.005452741885220058,0.0,0.0,0.05917810864567199,0.026979318366185143,0.0,0.0,0.0,8.773600333029166e-07,0.0,0.0015890734747688875,7.915795016046002e-05,0.0,0.0,0.007743712616122547,0.0,0.0,0.0,0.0,0.0005954563268725323
2018-03-11 01:00:00,0.0,0.0,0.0,0.005662984673553424,0.0,0.0,0.04259230775487347,0.028057430669644823,0.0,0.0,0.0,9.111886325024945e-07,0.0,0.0016410090528593874,7.649109925171248e-05,0.0,0.0,0.008042288959315832,0.0,0.0,0.0,0.0,0.0007004442398536973
2018-03-11 02:00:00,0.0,0.0,0.0,0.005869008673210014,0.0,0.0,0.04015270283691249,0.02907818287362713,0.0,0.0,0.0,9.443384178774189e-07,0.0,0.001738177903601452,6.087544829050093e-05,0.0,0.0,0.008334873988819824,0.0,0.0,0.0,0.0,0.0007562000742163465
2018-03-11 03:00:00,0.0,0.0,0.0,0.0058509819930121654,0.0,0.0,0.040550157213678086,0.029360523102440188,0.0,0.0,0.0,9.414378791995118e-07,0.0,0.001736517106738399,6.31504760429138e-05,0.0,0.0,0.008309273394877671,0.0,0.0,0.0,0.0,0.0012473294384807892
2018-03-11 04:00:00,0.0,0.0,0.0,0.005629610862894701,0.0,0.0,0.0374785414217809,0.028230849877462577,0.0,0.0,0.0,9.058187015122988e-07,0.0,0.0016620869344350642,0.000131590015338515,0.0,0.0,0.007994893134593862,0.0,0.0,0.0,0.0,0.001312429526201241
2018-03-11 05:00:00,0.0,0.0,0.0,0.005261261783723371,0.0,0.0,0.03524980103548854,0.02657716856010653,0.0,0.0,0.0,8.46550398120781e-07,0.0,0.0015420906053576198,0.00012087682558315109,0.0,0.0,0.007471782106865278,0.0,0.0003603303946328966,0.0,0.0,0.00158505652224381
2018-03-11 06:00:00,0.0,0.0,0.0,0.004592705353311219,0.0,0.0,0.03266707198419459,0.023214507046870638,0.0,0.0,0.0,7.438718624486912e-07,0.0,0.0015044267494000697,7.616010114805954e-05,0.0,0.0,0.006565525790292864,0.0,0.0015068033388006227,0.0,0.0,0.0018095411541544793
2018-03-11 07:00:00,0.0,0.0,0.0,0.004248653084771797,0.0,0.0,0.030125243693693977,0.0216330078009174,0.0,0.0,0.0,6.927340049500229e-07,0.0,0.001430112742806431,0.00010579787935188207,0.0,0.0,0.006114175310167685,0.0,0.0027825281093906964,0.0,0.0,0.0016793413345025524
2018-03-11 08:00:00,0.0,0.0,0.0,0.004315554317094771,0.0,0.0,0.029998057142944005,0.022017511052196265,0.0,0.0,0.0,7.036421110435272e-07,0.0,0.00143601581115699,0.0001637719148482327,0.0,0.0,0.0062104519076510226,0.0,0.0039258084439249925,0.0,0.0,0.0017700880127316412
2018-03-11 09:00:00,0.0,0.0,0.0,0.004004888368277251,0.0,0.0,0.02696835971390603,0.02037825466889016,0.0,0.0,0.0,6.529886774418714e-07,0.0,0.0013086036042166131,0.00012645276469565574,0.0,0.0,0.005763377026254367,0.0,0.0047053289356473555,0.0,0.0,0.0025477583834841756
2018-03-11 10:00:00,0.0,0.0,0.0,0.0038962703460808322,0.0,0.0,0.025278514029097084,0.0198387689249938,0.0,0.0,0.0,6.352787359558117e-07,0.0,0.0012420609432764978,0.00010724034028432141,0.0,0.0,0.005607066398791531,0.0,0.005799822770870324,0.0,0.0,0.002998845241511148
2018-03-11 11:00:00,0.0,0.0,0.0,0.0038026644765620835,0.0,0.0,0.023852734681001415,0.019104504110605817,0.0,0.0,0.0,6.200164945854892e-07,0.0,0.0011953726828003862,6.883012260260108e-05,0.0,0.0,0.005472359543494341,0.0,0.0058915476442401825,0.0,0.0,0.003758657509278889
2018-03-11 12:00:00,0.0,0.0,0.0,0.003867498685228825,0.0,0.0,0.024695451408171844,0.01870962305656192,0.0,0.0,0.0,6.305875767923316e-07,0.0,0.0012257172224213737,4.7988370420655326e-05,0.0,0.0,0.005565661517078692,0.0,0.005454469613836312,0.0,0.0,0.003998158745809095
2018-03-11 13:00:00,0.0,0.0,0.0,0.0038834819573388742,0.0,0.0,0.02534679695286344,0.018655383373512153,0.0,0.0,0.0,6.331936159016874e-07,0.0,0.001252991662824629,6.15994839166281e-05,0.0,0.0,0.005588662813197979,0.0,0.004686211508786057,0.0,0.0,0.004212736919827019
2018-03-11 14:00:00,0.0,0.0,0.0,0.0039883591143979056,0.0,0.0,0.025581650045852954,0.019213234748090165,0.0,0.0,0.0,6.502936171462413e-07,0.0,0.0012754820813089423,0.00012269968089389594,0.0,0.0,0.0057395900156540355,0.0,0.003625186164595769,0.0,0.0,0.005062760545673132
2018-03-11 15:00:00,0.0,0.0,0.0,0.004118426733701096,0.0,0.0,0.027192605409315094,0.019937477072422435,0.0,0.0,0.0,6.715008706066762e-07,0.0,0.001356720788914173,0.00011642807737308993,0.0,0.0,0.005926768448613472,0.0,0.0023319165593404657,0.0,0.0,0.005551185720915698
2018-03-11 16:00:00,0.0,0.0,0.0,0.004141293225737884,0.0,0.0,0.02813307612517884,0.021100388276134693,0.0,0.0,0.0,6.752292043378009e-07,0.00029862875281296057,0.0014784495193980037,0.00017799563832328607,0.0,0.0,0.005959675287146037,0.0,0.0011412289719260826,0.0,0.0,0.005591478710485752
2018-03-11 17:00:00,0.0,0.0,0.0,0.0037751908412559866,0.0,0.0,0.026675277916756588,0.019439681495281462,0.0,0.0,0.0,6.155369757741408e-07,0.012661678157162834,0.0013838755925498843,0.00038834620529679055,0.0,0.0,0.005432822631603096,0.0,0.00033205942777693464,0.0,0.0,0.005148441298106418
2018-03-11 18:00:00,0.0,0.0,0.0,0.003722507263371256,0.0,0.0,0.0263335411619488,0.019206229420325745,0.0,0.0,0.0,6.06947028519093e-07,0.03199686784170566,0.0013415886930834688,0.00017777324895322744,0.0,0.0,0.005357006455340397,0.0,0.0,0.0,0.0,0.005198464909638617
2018-03-11 19:00:00,0.0,0.0,0.0,0.003934876733006287,0.0,0.0,0.02763422195934808,0.020275286967166312,0.0,0.0,0.0,6.415734266490522e-07,0.011986610336782338,0.001351843273549623,0.0001194603932259519,0.0,0.0,0.005662624292798091,0.0,0.0,0.0,0.0,0.005538942084033043
2018-03-11 20:00:00,0.0,0.0,0.0,0.004240126765003743,0.0,0.0,0.029534589766999603,0.0218625155202233,0.0,0.0,0.0,6.913438063335301e-07,0.0,0.0014342052626820274,0.00014282977927754036,0.0,0.0,0.006101905206496646,0.0,0.0,0.0,0.0,0.0057802295120440075
2018-03-11 21:00:00,0.0,0.0,0.0,0.0045785185647607505,0.0,0.0,0.031825957706300236,0.0234521902305543,0.0,0.0,0.0,7.465178819783785e-07,0.004468125960277411,0.0015535257270551783,0.0003479904703935767,0.0,0.0,0.006588879959660949,0.0,0.0,0.0,0.0,0.005397968241372452
2018-03-11 22:00:00,0.0,0.0,0.0,0.004806533793873195,0.0,0.0,0.035943102265235706,0.02431075592371007,0.0,0.0,0.0,7.8369528848841e-07,0.005776654432875252,0.0016551828689738166,0.00024101949795254067,0.0,0.0,0.006917013383681473,0.0,0.0,0.0,0.0,0.005197169327514052
2018-03-11 23:00:00,0.0,0.0,0.0,0.00516242795808483,0.0,0.0,0.041948495234601785,0.025761040852687423,0.0,0.0,0.0,8.417230880741955e-07,0.0023576644164789817,0.0017776659758228256,0.0001857844035058657,0.0,0.0,0.00742917553682475,0.0,0.0,0.0,0.0,0.005587216993622584
2018-03-12 00:00:00,0.0,0.0,0.0,0.005266286173585329,0.0,0.0,0.04684064239921353,0.02619010057891993,0.0,0.0,0.0,8.586569530274191e-07,0.002793286958936807,0.0017859959138414436,0.00013798732036362745,0.0,0.0,0.007578636395195898,0.0,0.0,0.0,0.0,0.005938048487443267
2018-03-12 01:00:00,0.0,0.0,0.0,0.0050396480703175026,0.0,0.0,0.05222159267884712,0.02511421147398363,0.0,0.0,0.0,8.217040840078883e-07,0.0,0.001709919022262639,0.00024626215955070513,0.0,0.0,0.007252484773094749,0.0,0.0,0.0,0.0,0.006080106717930261
2018-03-12 02:00:00,0.0,0.0,0.0,0.004859193632988531,0.0,0.0,0.052473339581886366,0.024247868200724162,0.0,0.0,0.0,7.922813651867267e-07,0.0,0.0016242735891625116,0.00012400556695169894,0.0,0.0,0.00699279539782389,0.0,0.0,0.0,0.0,0.006257374644748291
2018-03-12 03:00:00,0.0,0.0,0.0,0.004762072068660744,0.0,0.0,0.04933554604556921,0.02376322422322417,0.0,0.0,0.0,7.764458971262853e-07,0.0,0.0016036730909325708,0.00013807584492590985,0.0,0.0,0.0068530291568883305,0.0,0.0,0.0,0.0,0.006637899011783751
2018-03-12 04:00:00,0.0,0.0,0.0,0.004441176143795376,0.0,0.0,0.05910241960762738,0.022959329226005867,0.0,0.0,0.0,7.241244873126932e-07,0.010490074887472675,0.0015047240638422451,0.0002292322072056562,0.0,0.0,0.006391232464666602,0.0,0.0,0.0,0.0,0.006180461875060528
2018-03-12 05:00:00,0.0,0.0,0.0,0.003714072447172165,0.0,0.0,0.06785830615105409,0.019187874133316126,0.0,0.0,0.0,6.055717493682587e-07,0.06039680277210865,0.0013027980779488,0.00038435538918742005,0.0,0.0,0.005344868033134278,0.0,0.00019852044362860712,0.0,0.0,0.005052455244679037
2018-03-12 06:00:00,0.0,0.0,0.0,0.0032400254187007886,0.0,0.0,0.06459686106873982,0.0167717501200664,0.0,0.0,0.0,5.282793722276872e-07,0.073232630232951,0.0012176945968999187,0.0005193873330110023,0.0,0.0,0.004662673798983546,0.0,0.0008608303288285638,0.0,0.0,0.0042351333738701044
2018-03-12 07:00:00,0.0,0.0,0.0,0.0031448806814728877,0.0,0.0,0.06242919109578863,0.0162472799167781,0.0,0.0,0.0,5.127662216939244e-07,0.08004235293369732,0.0012021028678025946,0.0006162398295250987,0.0,0.0,0.004525752381385039,0.0,0.0015679615673596082,0.0,0.0,0.0035851346906742828
2018-03-12 08:00:00,0.0,0.0,0.0,0.0030806624005742865,0.0,0.0,0.05838842076215,0.015884201883069,0.0,0.0,0.0,5.022955652222669e-07,0.07880775547937176,0.001207732946282669,0.0006811575418154615,0.0,0.0,0.0044333367805587534,0.0,0.002223689072011822,0.0,0.0,0.002968919239148474
2018-03-12 09:00:00,0.0,0.0,0.0,0.0031536242627585626,0.0,0.0,0.05917654578766778,0.016281767328208928,0.0,0.0,0.0,5.141918443467461e-07,0.08160912361835201,0.0012306225901506022,0.0006710684646895026,0.0,0.0,0.004538335142969159,0.0,0.0031400929300246898,0.0,0.0,0.0024135041715560982
2018-03-12 10:00:00,0.0,0.0,0.0,0.003012471056498511,0.0,0.0,0.06398133384103001,0.015348903228510352,0.0,0.0,0.0,4.911771091040558e-07,0.05912500666487687,0.0011728545664921426,0.0005883673870128823,0.0,0.0,0.00433520360187922,0.0,0.0040537235297472335,0.0,0.0,0.0026553317484713413
2018-03-12 11:00:00,0.0,0.0,0.0,0.0029127996584088958,0.0,0.0,0.06733376825652454,0.014495694885648648,0.0,0.0,0.0,4.749258959784034e-07,0.08388612589269967,0.0011236998847613505,0.0005739927404630416,0.0,0.0,0.00419176793199276,0.0,0.004297985176229312,0.0,0.0,0.00272478744407523
2018-03-12 12:00:00,0.0,0.0,0.0,0.002897987513812666,0.0,0.0,0.0709053160345148,0.014145023823123586,0.0,0.0,0.0,4.662935593048901e-07,0.08755366851810394,0.0011088215287289168,0.0006387376235011716,0.0,0.0,0.0041155776202986515,0.0,0.003987190263786329,0.0,0.0,0.0025130159629655
2018-03-12 13:00:00,0.0,0.0,0.0,0.0030483990675934693,0.0,0.0,0.0846123955808736,0.014481722932257,0.0,0.0,0.0,4.904951607399347e-07,0.08431740844038002,0.001214704332675232,0.0005419497716113216,0.0,0.0,0.00432918462226955,0.0,0.003678169705095047,0.0,0.0,0.0013066764882194827
2018-03-12 14:00:00,0.0,0.0,0.0,0.0031213418301806375,0.0,0.0,0.09775630920169774,0.014849114615207286,0.0,0.0,0.0,5.022318367021972e-07,0.10337393093908097,0.0012845823139206493,0.00045056685949815495,0.0,0.0,0.004432774302982686,0.0,0.0028432341099666357,0.0,0.0,0.000821842952315721
2018-03-12 15:00:00,0.0,0.0,0.0,0.0030785367396697987,0.0,0.0,0.09711943213931482,0.01479985660524296,0.0,0.0,0.0,4.953443888041187e-07,0.09876270027794387,0.0013116049114959775,0.0005223711955115424,0.0,0.0,0.004371984644055035,0.0,0.0017205868356070307,0.0,0.0,0.0008524526289425393
2018-03-12 16:00:00,0.0,0.0,0.0,0.0031244629241922984,0.0,0.0,0.09908655625510304,0.015668266583387887,0.0,0.0,0.0,5.027340286642694e-07,0.08517619733756754,0.0013800120695375369,0.0007190247214669496,0.0,0.0,0.0044372067253461425,0.0,0.0008503610087710977,0.0,0.0,0.000873549428635595
2018-03-12 17:00:00,0.0,0.0,0.0,0.002971946548107512,0.0,0.0,0.09411752120489261,0.015032605084813336,0.0,0.0,0.0,4.781937559688588e-07,0.0972606618911997,0.001343287400820351,0.0007437653622851541,0.0,0.0,0.004220610559506286,0.0,0.00025966484251311624,0.0,0.0,0.0011832217877427397
2018-03-12 18:00:00,0.0,0.0,0.0,0.00302939941439175,0.0,0.0,0.09442943987413742,0.015444743435896158,0.0,0.0,0.0,4.874380682318538e-07,0.09759831697538102,0.0013525819421336105,0.0006326467856820947,0.0,0.0,0.004302202260496861,0.0,0.0,0.0,0.0,0.0014689199485949313
2018-03-12 19:00:00,0.0,0.0,0.0,0.0033515878907025326,0.0,0.0,0.10436390245866405,0.017053737502300378,0.0,0.0,0.0,5.392790132566038e-07,0.03509704826480741,0.0015022399676911068,0.00032923423575027577,0.0,0.0,0.004759758297678771,0.0,0.0,0.0,0.0,0.0013563616779875439
2018-03-12 20:00:00,0.0,0.0,0.0,0.003642286485112525,0.0,0.0,0.11447684952932835,0.018557239358068536,0.0,0.0,0.0,5.860531562183275e-07,0.009204107480863257,0.0016030765303763819,0.0001265178200401716,0.0,0.0,0.005172593971988504,0.0,0.0,0.0,0.0,0.0011587414067251649
2018-03-12 21:00:00,0.0,0.0,0.0,0.0038955692315651457,0.0,0.0,0.11960846141513524,0.01957420957595199,0.0,0.0,0.0,6.268069941113451e-07,0.008051509325524965,0.001701166862312947,0.0001289229298538053,0.0,0.0,0.005532293521396421,0.0,0.0,0.0,0.0,0.001172744246944965
2018-03-12 22:00:00,0.0,0.0,0.0,0.004170302919575602,0.0,0.0,0.09961399986694244,0.03221972850300578,0.0,0.0,0.0,6.710123430415118e-07,0.0,0.00183803531544464,0.00011186862378798896,0.0,0.0,0.005922456630287937,0.0,0.0,0.0,0.0,0.0013583803303072654
2018-03-12 23:00:00,0.0,0.0,0.0,0.00412966827169862,0.0,0.0,0.09162027444844517,0.04145275952572213,0.0,0.0,0.0,6.73333779880143e-07,0.0,0.00181452232468259,0.00014456765921795766,0.0,0.0,0.005942945983634895,0.0,0.0,0.0,0.0,0.001633271339558665
2018-03-13 00:00:00,0.0,0.0,0.0,0.0038909891451315,0.0,0.0,0.08192217638061061,0.04368367443163943,0.0,0.0,0.0,6.344176471797736e-07,0.0,0.0017061248350745666,0.00010195176410915144,0.0,0.0,0.005599466298757904,0.0,0.0,0.0,0.0,0.001800416187888054
2018-03-13 01:00:00,0.0,0.0,0.0,0.003885012478065597,0.0,0.0,0.07761171268591309,0.04672916096868255,0.0,0.0,0.0,6.2717144961098e-07,0.0,0.0016747677138422077,0.00010792195180282879,0.0,0.0,0.005535510260868712,0.0,0.0,0.0,0.0,0.0019878801007385755
2018-03-13 02:00:00,0.0,0.0,0.0,0.0040012454142976045,0.0,0.0,0.07940367648119039,0.04859760762036945,0.0,0.0,0.0,6.438105606019555e-07,0.0,0.00171657282941666,0.00011339485056875546,0.0,0.0,0.0056823695760996745,0.0,0.0,0.0,0.0,0.0017670162776399106
2018-03-13 03:00:00,0.0,0.0,0.0,0.003925599493858611,0.0,0.0,0.08661392052117746,0.048046306384662806,0.0,0.0,0.0,6.316389396683696e-07,0.0,0.0017023809759995235,0.00011810615605900686,0.0,0.0,0.005574941005154584,0.0,0.0,0.0,0.0,0.0016361857537162976
2018-03-13 04:00:00,0.0,0.0,0.0,0.003866722680340618,0.0,0.0,0.09929284225320904,0.04797205299442726,0.0,0.0,0.0,6.221655106749796e-07,0.0,0.0016901361709420267,0.00012650390380317862,0.0,0.0,0.005491327085179353,0.0,0.0,0.0,0.0,0.0020421902059526956
2018-03-13 05:00:00,0.0,0.0,0.0,0.003554467474190036,0.0,0.0,0.09382707942645709,0.044193157622535936,0.0,0.0,0.0,5.71922854075028e-07,0.0010061398771340163,0.0015749512859935086,0.00011135243873454656,0.0,0.0,0.005047877783852187,0.0,0.0002753513976425646,0.0,0.0,0.002714627347922739
2018-03-13 06:00:00,0.0,0.0,0.0,0.0029860887449205953,0.0,0.0,0.09024636590076386,0.036926775668059894,0.0,0.0,0.0,4.804692713935912e-07,0.05195234170597319,0.0013735812286887735,0.00017886307995909864,0.0,0.0,0.004240694603494871,0.0,0.001103353473264339,0.0,0.0,0.0023409514304680024
2018-03-13 07:00:00,0.0,0.0,0.0,0.002939439931754404,0.0,0.0,0.09202965056188979,0.036015785088784724,0.0,0.0,0.0,4.7296335874733746e-07,0.03586173656378446,0.0013584055520383487,0.00015504203259634686,0.0,0.0,0.004174446280972706,0.0,0.0021072126591291456,0.0,0.0,0.0021399410278782915
2018-03-13 08:00:00,0.0,0.0,0.0,0.003072090814177309,0.0,0.0,0.09536244050050237,0.03717893436967963,0.0,0.0,0.0,4.943072230031685e-07,0.003390941419996691,0.0013909118303539027,0.0001499520968807446,0.0,0.0,0.0043628304615154065,0.0,0.0030131690857947632,0.0,0.0,0.0021902339151082485
2018-03-13 09:00:00,0.0,0.0,0.0,0.0030454810864954133,0.0,0.0,0.09037178011295625,0.03610346837775137,0.0,0.0,0.0,4.900256501620899e-07,0.01268535025871101,0.0013616766093714513,0.00012603488470694358,0.0,0.0,0.0043250406507560875,0.0,0.0037096302023914116,0.0,0.0,0.002454316779923335
2018-03-13 10:00:00,0.0,0.0,0.0,0.0030312498274509187,0.0,0.0,0.08607408812474181,0.03591449420105997,0.0,0.0,0.0,4.877358043978765e-07,0.010061551466843517,0.001338376005149967,0.00011996125875601046,0.0,0.0,0.004304830125019508,0.0,0.004557548419327248,0.0,0.0,0.0024250756946464103
2018-03-13 11:00:00,0.0,0.0,0.0,0.0030653397092084804,0.0,0.0,0.08804044163035683,0.03563178954902875,0.0,0.0,0.0,4.932209530485356e-07,0.01221546342921422,0.001329148272446837,0.00012737266034208592,0.0,0.0,0.004353242878273737,0.0,0.00482112494339918,0.0,0.0,0.002330065547692659
2018-03-13 12:00:00,0.0,0.0,0.0,0.0031509716885338122,0.0,0.0,0.08608262542070737,0.03660611396721429,0.0,0.0,0.0,5.069993562471742e-07,0.008067187095726921,0.0013674672026350468,0.00014889659739864228,0.0,0.0,0.004474853152994883,0.0,0.004570955468449566,0.0,0.0,0.0022057432036414297
2018-03-13 13:00:00,0.0,0.0,0.0,0.0031810164557734893,0.0,0.0,0.08487643417964903,0.03697642664648933,0.0,0.0,0.0,5.118336356869241e-07,0.02086581951796733,0.0013684194284238058,0.00019154290609017796,0.0,0.0,0.004517521235955674,0.0,0.00395053642403142,0.0,0.0,0.0018097618192196958
2018-03-13 14:00:00,0.0,0.0,0.0,0.0032105392121185294,0.0,0.0,0.08688515904909676,0.03729813400821362,0.0,0.0,0.0,5.165839222464781e-07,0.03507712435853061,0.0013934081531378833,0.00022999881759525346,0.0,0.0,0.004559447985026905,0.0,0.003082514023258115,0.0,0.0,0.0015039857444568224
2018-03-13 15:00:00,0.0,0.0,0.0,0.0033440248477884585,0.0,0.0,0.0975193227426033,0.03934078962827554,0.0,0.0,0.0,5.380621004221728e-07,0.03644034887474571,0.001511369212746172,0.00019692592464806745,0.0,0.0,0.004749017640581331,0.0,0.0020416208820441717,0.0,0.0,0.001183966906948573
2018-03-13 16:00:00,0.0,0.0,0.0,0.0032250456426348587,0.0,0.0,0.09793138525348176,0.04298693016425009,0.0,0.0,0.0,5.189180438001521e-07,0.05692573679474553,0.0015267492455035261,0.00028925554570085623,0.0,0.0,0.004580049295591171,0.0,0.0008859292629533929,0.0,0.0,0.0009639080880482301
2018-03-13 17:00:00,0.0,0.0,0.0,0.00286305963274165,0.0,0.0,0.08775598714029254,0.04419209568908447,0.0,0.0,0.0,4.606735744340254e-07,0.10732053035224784,0.0013332666050277521,0.0005174931541868272,0.0,0.0,0.004065974782130724,0.0,0.0002276427844360696,0.0,0.0,0.0008053328224341245
2018-03-13 18:00:00,0.0,0.0,0.0,0.002947393844530851,0.0,0.0,0.09012629082462299,0.04549381693674253,0.0,0.0,0.0,4.7424316353643764e-07,0.10693482976854903,0.0013540936999995746,0.0005940653058734876,0.0,0.0,0.004185742031993209,0.0,0.0,0.0,0.0,0.0007405560129824269
2018-03-13 19:00:00,0.0,0.0,0.0,0.0032661927318060617,0.0,0.0,0.10168498813764561,0.05041456352927815,0.0,0.0,0.0,5.25538715067101e-07,0.055591189119652974,0.0015048454389889403,0.00028435625775465365,0.0,0.0,0.004638484343542998,0.0,0.0,0.0,0.0,0.0011753325318411827
2018-03-13 20:00:00,0.0,0.0,0.0,0.0034636335647914604,0.0,0.0,0.10733162775163536,0.04698520328808099,0.0,0.0,0.0,5.554802095698596e-07,0.02388986902713299,0.0015140949993905568,0.0002062787696647182,0.0,0.0,0.004902752511599069,0.0,0.0,0.0,0.0,0.0017858991287790578
2018-03-13 21:00:00,0.0,0.0,0.0,0.0037856928346459815,0.0,0.0,0.10861034838223259,0.04571972853484066,0.0,0.0,0.0,6.012168543946208e-07,0.0,0.0015825977519351025,0.00015290382663016728,0.0,0.0,0.005306431070121165,0.0,0.0,0.0,0.0,0.002408445101239909
2018-03-13 22:00:00,0.0,0.0,0.0,0.004047571241193765,0.0,0.0,0.08675168614865698,0.047205283217238915,0.0,0.0,0.0,6.491292104806182e-07,0.0,0.0017065206398600796,0.0001875819421150362,0.0,0.0,0.005729312785959702,0.0,0.0,0.0,0.0,0.002540968644261068
2018-03-13 23:00:00,0.0,0.0,0.0,0.00418633705677752,0.0,0.0,0.06462373368173195,0.03829169686964171,0.0,0.0,0.0,6.735922764851962e-07,0.0,0.0017529377392197763,0.000297965980633631,0.0,0.0,0.005945227513845746,0.0,0.0,0.0,0.0,0.003035071793275151
2018-03-14 00:00:00,0.0,0.0,0.0,0.004532381008856484,0.0,0.0,0.06545460741360687,0.03922949963659054,0.0,0.0,0.0,7.292716282152333e-07,0.0,0.0018930875826086682,0.0002447838769661544,0.0,0.0,0.006436661910311522,0.0,0.0,0.0,0.0,0.0031139185370749724
2018-03-14 01:00:00,0.0,0.0,0.0,0.0046662828844640375,0.0,0.0,0.06635945383833326,0.04157407492350122,0.0,0.0,0.0,7.508167804552104e-07,0.0,0.0019389774518059337,0.000206069633178916,0.0,0.0,0.006626822689107095,0.0,0.0,0.0,0.0,0.0034276855918967727
2018-03-14 02:00:00,0.0,0.0,0.0,0.0047336666563905835,0.0,0.0,0.06830402599994505,0.0422060806839507,0.0,0.0,0.0,7.61659000686063e-07,0.0,0.0019631420588733985,0.00021541934738852146,0.0,0.0,0.006722517767981795,0.0,0.0,0.0,0.0,0.0033725408460938792
2018-03-14 03:00:00,0.0,0.0,0.0,0.0046085302525642365,0.0,0.0,0.07610070491923199,0.04233830520945791,0.0,0.0,0.0,7.415242351424964e-07,0.0,0.0019093142684804799,0.00017462510442242156,0.0,0.0,0.006544805275910078,0.0,0.0,0.0,0.0,0.003723862598358297
2018-03-14 04:00:00,0.0,0.0,0.0,0.004163460984193346,0.0,0.0,0.09631746661938317,0.040420847923801365,0.0,0.0,0.0,6.699114582424158e-07,0.008473519470271678,0.001708927934572878,0.00019805489555688066,0.0,0.0,0.005912740054214186,0.0,0.0,0.0,0.0,0.003693590801261048
2018-03-14 05:00:00,0.0,0.0,0.0,0.003559678067504008,0.0,0.0,0.09644893571115636,0.050029681870182786,0.0,0.0,0.0,5.727612517875377e-07,0.0629674816261671,0.001476664379746661,0.00036263189541140635,0.0,0.0,0.005055277609120326,0.0,0.00024933133763100057,0.0,0.0,0.0030093606567010724
2018-03-14 06:00:00,0.0,0.0,0.0,0.0029941260024915744,0.0,0.0,0.09380236149775964,0.047836722364182724,0.0,0.0,0.0,4.817624865720415e-07,0.08407569218906234,0.0012844671350662861,0.0007306067901081865,0.0,0.0,0.004252108716644096,0.0,0.0009985403333514235,0.0,0.0,0.0021424931770587558
2018-03-14 07:00:00,0.0,0.0,0.0,0.002884807116561193,0.0,0.0,0.08706285732832339,0.04733426539871932,0.0,0.0,0.0,4.641727998750623e-07,0.09736047459349118,0.0012480474390218375,0.0007008360556661101,0.0,0.0,0.004096859476174062,0.0,0.001855386869279578,0.0,0.0,0.0017570310654166186
2018-03-14 08:00:00,0.0,0.0,0.0,0.002837366426403831,0.0,0.0,0.08427653146591359,0.04768465434083588,0.0,0.0,0.0,4.565394722075274e-07,0.09948799716625276,0.0012425452436082166,0.0006961161672923086,0.0,0.0,0.004029486569364574,0.0,0.0024186948224486685,0.0,0.0,0.0017712823834337148
2018-03-14 09:00:00,0.0,0.0,0.0,0.002908351506426915,0.0,0.0,0.08637318620695918,0.04910125473804575,0.0,0.0,0.0,4.6796115206768636e-07,0.09750200611234631,0.0012382852563019716,0.0005351027920052172,0.0,0.0,0.004130296046743502,0.0,0.002863328800578485,0.0,0.0,0.0019202458500465114
2018-03-14 10:00:00,0.0,0.0,0.0,0.002952276043950281,0.0,0.0,0.08745670367671537,0.046062665312974815,0.0,0.0,0.0,4.750287218363515e-07,0.10030045018813134,0.0012455220120607842,0.0004741139418909136,0.0,0.0,0.004192675488598067,0.0,0.0033054151440988734,0.0,0.0,0.0017421953667270036
2018-03-14 11:00:00,0.0,0.0,0.0,0.003110478570808098,0.0,0.0,0.09218096554185833,0.04637846706197918,0.0,0.0,0.0,5.004839106485721e-07,0.06511981523756238,0.0013080071159121947,0.00029566773685101884,0.0,0.0,0.004417346842738627,0.0,0.0037027255978593267,0.0,0.0,0.0018079335813993144
2018-03-14 12:00:00,0.0,0.0,0.0,0.0030884516040995376,0.0,0.0,0.09459698958031014,0.04587846875044267,0.0,0.0,0.0,4.953104051568089e-07,0.05630260890098035,0.0012854987774742362,0.0002963030702165286,0.0,0.0,0.004371684699233723,0.0,0.00354444034117156,0.0,0.0,0.0018707475238183158
2018-03-14 13:00:00,0.0,0.0,0.0,0.0030631710340945843,0.0,0.0,0.10902772050719443,0.04568333418734688,0.0,0.0,0.0,4.928720077087041e-07,0.041876178279799954,0.0012439112216154364,0.0002746725206034556,0.0,0.0,0.004350163033822402,0.0,0.0031483777552200978,0.0,0.0,0.0019321146323882299
2018-03-14 14:00:00,0.0,0.0,0.0,0.003104202013928005,0.0,0.0,0.1226578510637417,0.04636790205519762,0.0,0.0,0.0,4.994739966879878e-07,0.050512184047709775,0.0012647795590410389,0.0002010245428422442,0.0,0.0,0.004408433189072033,0.0,0.002501915702823839,0.0,0.0,0.0016655757991481126
2018-03-14 15:00:00,0.0,0.0,0.0,0.003221466689383954,0.0,0.0,0.12743913257518952,0.047886592633958835,0.0,0.0,0.0,5.1664269856129e-07,0.053091347665360326,0.0013447208080078462,0.0002828530534329952,0.0,0.0,0.0045599667536888695,0.0,0.0016195130782149997,0.0,0.0,0.0011426553664127125
2018-03-14 16:00:00,0.0,0.0,0.0,0.0031194004404442996,0.0,0.0,0.1215579764689371,0.04942770892654584,0.0,0.0,0.0,4.954010275840295e-07,0.10806372691641916,0.0013536464607095877,0.00037674620333635634,0.0,0.0,0.004372484546510024,0.0,0.0007368562912681533,0.0,0.0,0.000703276203978793
2018-03-14 17:00:00,0.0,0.0,0.0,0.003012826396442669,0.0,0.0,0.11815088512057909,0.050025557273514536,0.0,0.0,0.0,4.784756946810588e-07,0.11825819085910691,0.001342293135870229,0.0004216217004125686,0.0,0.0,0.004223098993307422,0.0,0.00023050904912514836,0.0,0.0,0.000428694934016512
2018-03-14 18:00:00,0.0,0.0,0.0,0.0030997529007265735,0.0,0.0,0.1196906913413069,0.05137684454238992,0.0,0.0,0.0,4.922807448401208e-07,0.12115251197108112,0.0013513603328111565,0.0004312759628444964,0.0,0.0,0.004344944458139561,0.0,0.0,0.0,0.0,0.00032527117349615876
2018-03-14 19:00:00,0.0,0.0,0.0,0.0033695762410764596,0.0,0.0,0.13136747376355706,0.05191302547480547,0.0,0.0,0.0,5.351321717817833e-07,0.07366192511337219,0.0014449260758976224,0.0002339187441557077,0.0,0.0,0.004723157646376319,0.0,0.0,0.0,0.0,0.00022432444097172114
2018-03-14 20:00:00,0.0,0.0,0.0,0.0038575426111138954,0.0,0.0,0.14452249267171777,0.056006778539505524,0.0,0.0,0.0,6.126275256993981e-07,0.016509421850610377,0.0015944974700576682,0.0002170066801205699,0.0,0.0,0.00540714338432197,0.0,0.0,0.0,0.0,0.00017673064944044426
2018-03-14 21:00:00,0.0,0.0,0.0,0.0041966122467087495,0.0,0.0,0.13827214343173042,0.03996431415208011,0.0,0.0,0.0,6.664761575449165e-07,0.012340518034065539,0.0017426353517141795,0.00021839027569466125,0.0,0.0,0.00588241956964498,0.0,0.0,0.0,0.0,0.00014194587478221431
2018-03-14 22:00:00,0.0,0.0,0.0,0.0045322344034863585,0.0,0.0,0.13460730184495492,0.03972076721692177,0.0,0.0,0.0,7.1977728528468e-07,0.0,0.001873315816585916,0.00018305658006264613,0.0,0.0,0.006352863400757422,0.0,0.0,0.0,0.0,0.00010734830942329993
2018-03-14 23:00:00,0.0,0.0,0.0,0.004595359256106547,0.0,0.0,0.1273985939704893,0.04028916144255272,0.0,0.0,0.0,7.298023261382606e-07,0.0,0.0018430168788426881,0.0001481986710677843,0.0,0.0,0.006441345930606391,0.0,0.0,0.0,0.0,0.00013407949146317826
2018-03-15 00:00:00,0.0,0.0,0.0,0.004752864059025935,0.0,0.0,0.12132642663003976,0.04184257303050526,0.0,0.0,0.0,7.548161205213157e-07,0.0,0.0019126079645324441,0.00011448978971407284,0.0,0.0,0.006662121470622678,0.0,0.0,0.0,0.0,0.00022616237291312602
2018-03-15 01:00:00,0.0,0.0,0.0,0.004746213977129777,0.0,0.0,0.10428855316551269,0.04790755058906636,0.0,0.0,0.0,7.537600017357439e-07,0.0,0.0019194860380601325,0.00014320768128338706,0.0,0.0,0.0066528000061684914,0.0,0.0,0.0,0.0,0.00024844855353720275
2018-03-15 02:00:00,0.0,0.0,0.0,0.004669218573596475,0.0,0.0,0.10539355471306823,0.05455660330125537,0.0,0.0,0.0,7.415321384787225e-07,0.0,0.0018727032144924265,0.00016240985979779348,0.0,0.0,0.006544875031953345,0.0,0.0,0.0,0.0,0.0003488752304191454
2018-03-15 03:00:00,0.0,0.0,0.0,0.0045311840265806905,0.0,0.0,0.10550766242361677,0.05427445989657256,0.0,0.0,0.0,7.196104718830814e-07,0.0,0.0018079698352774084,0.0001733224003634736,0.0,0.0,0.006351391080394671,0.0,0.0,0.0,0.0,0.0005299342387104533
2018-03-15 04:00:00,0.0,0.0,0.0,0.004388716182656521,0.0,0.0,0.10423203668508318,0.05342239186639926,0.0,0.0,0.0,6.969847405525884e-07,0.0,0.0017432578893487273,0.0001795382955259971,0.0,0.0,0.006151692946786564,0.0,0.0,0.0,0.0,0.0005890143967399582
2018-03-15 05:00:00,0.0,0.0,0.0,0.004008335279519337,0.0,0.0,0.11221314361693824,0.049776685406908557,0.0,0.0,0.0,6.407359697207549e-07,0.011284569408299708,0.001659311738674801,0.0001937022027763413,0.0,0.0,0.005655232771033985,0.0,6.422713134299584e-05,0.0,0.0,0.0007198020415119859
2018-03-15 06:00:00,0.0,0.0,0.0,0.0034300875789183955,0.0,0.0,0.10272828432565144,0.04261232229584722,0.0,0.0,0.0,5.519098126813889e-07,0.02566733340261727,0.001472163543875609,0.00019484958337605856,0.0,0.0,0.004871239647574785,0.0,0.0008233197870259619,0.0,0.0,0.0008272536683643603
2018-03-15 07:00:00,0.0,0.0,0.0,0.003163409151983104,0.0,0.0,0.09567462848285868,0.03899130658411661,0.0,0.0,0.0,5.073317213925848e-07,0.017107266960549157,0.0013372675436574058,0.00020133455305485488,0.0,0.0,0.004477786658137561,0.0,0.001995807246140941,0.0,0.0,0.001120941598253946
2018-03-15 08:00:00,0.0,0.0,0.0,0.003136156377039671,0.0,0.0,0.09837237942274601,0.038051215866037186,0.0,0.0,0.0,4.980620864528605e-07,0.004518071380173791,0.0012753008292754732,9.801388080776331e-05,0.0,0.0,0.004395971455364575,0.0,0.0032359906552105037,0.0,0.0,0.0012277668538896655
2018-03-15 09:00:00,0.0,0.0,0.0,0.003017554687364474,0.0,0.0,0.08842236507022892,0.035716071911089685,0.0,0.0,0.0,4.792266082704165e-07,0.0,0.0011852168910666656,6.623438375704561e-05,0.0,0.0,0.0042297266704465755,0.0,0.003923251043860008,0.0,0.0,0.001067784559533787
2018-03-15 10:00:00,0.0,0.0,0.0,0.0029905368104399966,0.0,0.0,0.08262696020510307,0.03471539867977387,0.0,0.0,0.0,4.749358209069262e-07,0.0,0.0011511021522318137,9.830677551569272e-05,0.0,0.0,0.004191855530916006,0.0,0.004536624974722534,0.0,0.0,0.0011605821962922844
2018-03-15 11:00:00,0.0,0.0,0.0,0.002980254588617108,0.0,0.0,0.07383961777964583,0.03406500253720864,0.0,0.0,0.0,4.733028714494399e-07,0.0,0.0011368715597401312,7.005726135946769e-05,0.0,0.0,0.0041774428715339465,0.0,0.004869393633098216,0.0,0.0,0.0012821305388539025
2018-03-15 12:00:00,0.0,0.0,0.0,0.0029563623768061025,0.0,0.0,0.07307057414192458,0.033713868832989616,0.0,0.0,0.0,4.695084800244193e-07,0.0,0.0011363582323683232,7.753796584873159e-05,0.0,0.0,0.004143952997784141,0.0,0.0047732961002514935,0.0,0.0,0.0013988085202944409
2018-03-15 13:00:00,0.0,0.0,0.0,0.0030355781596223246,0.0,0.0,0.07457393023456334,0.03458718103738022,0.0,0.0,0.0,4.820889681525931e-07,0.0,0.0011586454335817766,0.00010369568800702382,0.0,0.0,0.004254990292551687,0.0,0.004358297099053352,0.0,0.0,0.001619449865230599
2018-03-15 14:00:00,0.0,0.0,0.0,0.0031996105284681896,0.0,0.0,0.08177871610516875,0.036477272160240264,0.0,0.0,0.0,5.081394242048817e-07,0.0,0.001224783966325593,0.0001736825016682942,0.0,0.0,0.0044849155655646705,0.0,0.0034745520234851545,0.0,0.0,0.0018603429149922856
2018-03-15 15:00:00,0.0,0.0,0.0,0.003375557906444466,0.0,0.0,0.08861445190025015,0.0392405761504451,0.0,0.0,0.0,5.360821374006739e-07,0.0,0.0013042824367515433,0.00012365096326887119,0.0,0.0,0.004731542186894073,0.0,0.0022084696657186007,0.0,0.0,0.0021741776006452573
2018-03-15 16:00:00,0.0,0.0,0.0,0.0034110390733392824,0.0,0.0,0.09964602500210035,0.040260840194596165,0.0,0.0,0.0,5.417170043807751e-07,0.018485026989338564,0.0013696789654116166,0.00017177177871713521,0.0,0.0,0.004781276376813476,0.0,0.0009306481663685479,0.0,0.0,0.0026115269878195183
2018-03-15 17:00:00,0.0,0.0,0.0,0.003225442339172833,0.0,0.0,0.09160956882509964,0.03854916076664079,0.0,0.0,0.0,5.122418489534061e-07,0.04281206828224641,0.0013318431717725652,0.0002066321176212713,0.0,0.0,0.004521124188109565,0.0,0.00024029519886446183,0.0,0.0,0.002756667918649913
2018-03-15 18:00:00,0.0,0.0,0.0,0.003360913819921798,0.0,0.0,0.08284146152378273,0.04074494218115132,0.0,0.0,0.0,5.337564675644775e-07,0.05471885166994955,0.0013391250835732026,0.00021133265319354597,0.0,0.0,0.0047110154724691045,0.0,0.0,0.0,0.0,0.0029425985462874643
2018-03-15 19:00:00,0.0,0.0,0.0,0.003452388557555509,0.0,0.0,0.08068454757261392,0.04184251370538609,0.0,0.0,0.0,5.482838358478728e-07,0.021381835382958857,0.001354675460417173,0.00014610908814005375,0.0,0.0,0.0048392362265325005,0.0,0.0,0.0,0.0,0.0032890208995561693
2018-03-15 20:00:00,0.0,0.0,0.0,0.0035686612956120443,0.0,0.0,0.0817132181739065,0.04321639930020905,0.0,0.0,0.0,5.667494464717566e-07,0.016219982544672964,0.0013026785855301832,0.00026011525485160976,0.0,0.0,0.005002216504325946,0.0,0.0,0.0,0.0,0.0038535087715810467
2018-03-15 21:00:00,0.0,0.0,0.0,0.003667190180712983,0.0,0.0,0.08283435987876482,0.044264371723351015,0.0,0.0,0.0,5.823971043655158e-07,0.0007097555020132918,0.0013201389033828009,0.0003501513169692923,0.0,0.0,0.005140325104268105,0.0,0.0,0.0,0.0,0.004067683089512763
2018-03-15 22:00:00,0.0,0.0,0.0,0.003981674989722576,0.0,0.0,0.05743053218207906,0.05013619429979067,0.0,0.0,0.0,6.323413486257137e-07,0.0011621470775151812,0.0014399919764454564,0.00018512849245006012,0.0,0.0,0.005581140573060803,0.0,0.0,0.0,0.0,0.004545967799663763
2018-03-15 23:00:00,0.0,0.0,0.0,0.004059779510272904,0.0,0.0,0.03549471035563626,0.047679852097193866,0.0,0.0,0.0,6.532288454713432e-07,0.0,0.0014014121956139535,0.00012026399325790633,0.0,0.0,0.005765496785679478,0.0,0.0,0.0,0.0,0.005509659838739896
2018-03-16 00:00:00,0.0,0.0,0.0,0.003986792161359275,0.0,0.0,0.03267098737728501,0.04650277557401987,0.0,0.0,0.0,6.414849954557894e-07,0.0,0.0013794474448431163,0.0001274963324834485,0.0,0.0,0.00566184378568478,0.0,0.0,0.0,0.0,0.005519078180391931
2018-03-16 01:00:00,0.0,0.0,0.0,0.004081332634818346,0.0,0.0,0.033379677355748004,0.047400848501679055,0.0,0.0,0.0,6.566967980110053e-07,0.0,0.0013919191890862637,0.0001380761131298666,0.0,0.0,0.005796105460355937,0.0,0.0,0.0,0.0,0.005662490232494088
2018-03-16 02:00:00,0.0,0.0,0.0,0.0041991612585590065,0.0,0.0,0.04198403830646313,0.048952642924069076,0.0,0.0,0.0,6.712396726800932e-07,0.0,0.0014083498464321578,0.00012823171560850035,0.0,0.0,0.005924463076129417,0.0,0.0,0.0,0.0,0.005414919003994478
2018-03-16 03:00:00,0.0,0.0,0.0,0.004287091719031095,0.0,0.0,0.04779998820018145,0.05101713229606563,0.0,0.0,0.0,6.852954352173359e-07,0.0,0.0014593782365599235,0.0002470485026557806,0.0,0.0,0.006048521366406346,0.0,0.0,0.0,0.0,0.004438761196040258
2018-03-16 04:00:00,0.0,0.0,0.0,0.00433780125387616,0.0,0.0,0.05914609271565211,0.05281693566922076,0.0,0.0,0.0,6.888987931025181e-07,0.00837515838060848,0.0015149587722375366,0.0003932844389358694,0.0,0.0,0.006080325149182779,0.0,0.0,0.0,0.0,0.0032524225827461773
2018-03-16 05:00:00,0.0,0.0,0.0,0.0034106514336291857,0.0,0.0,0.06324025635420859,0.05188036838686111,0.0,0.0,0.0,5.487824874866195e-07,0.09564237652638888,0.001291492511579952,0.0005935787949123026,0.0,0.0,0.004843637401465758,0.0,9.088322125322996e-05,0.0,0.0,0.0019990488931349915
2018-03-16 06:00:00,0.0,0.0,0.0,0.0029621647767822845,0.0,0.0,0.0643321654466216,0.046920061870319205,0.0,0.0,0.0,4.766198440918038e-07,0.10670720119657429,0.0011801768306380688,0.0007872484643839092,0.0,0.0,0.004206718974756143,0.0,0.0003840235326991514,0.0,0.0,0.001564421744759815
2018-03-16 07:00:00,0.0,0.0,0.0,0.0027837731798084717,0.0,0.0,0.07436721977509222,0.04370350390633466,0.0,0.0,0.0,4.4791618256582105e-07,0.10099848435574603,0.0011381902474731837,0.0007817728227780517,0.0,0.0,0.003953376108144255,0.0,0.0006229181949523412,0.0,0.0,0.0010125485601309256
2018-03-16 08:00:00,0.0,0.0,0.0,0.002860760827366081,0.0,0.0,0.08908021322460946,0.044644370519627295,0.0,0.0,0.0,4.603036908042257e-07,0.07768429229196785,0.0011625944068929255,0.0005858729024470963,0.0,0.0,0.004062710133158973,0.0,0.0009992094550053034,0.0,0.0,0.0008713196885192331
2018-03-16 09:00:00,0.0,0.0,0.0,0.002841245966457771,0.0,0.0,0.09073708897965385,0.043522942163555484,0.0,0.0,0.0,4.5716370006620354e-07,0.09703603590518947,0.0011534333613779835,0.0005313043975323987,0.0,0.0,0.004034996099045757,0.0,0.0015154999604800187,0.0,0.0,0.0005768528226163736
2018-03-16 10:00:00,0.0,0.0,0.0,0.0028814201768423532,0.0,0.0,0.09280114679344052,0.043675956059374646,0.0,0.0,0.0,4.636278326627739e-07,0.10613146549548709,0.001177229179269157,0.000431150426085152,0.0,0.0,0.004092049512969694,0.0,0.002156421319392468,0.0,0.0,0.0004427830890588932
2018-03-16 11:00:00,0.0,0.0,0.0,0.0029917424550713876,0.0,0.0,0.09768940982254595,0.03802661618712249,0.0,0.0,0.0,4.751272928261925e-07,0.08702230120013403,0.0012223506479744411,0.0003798420418347862,0.0,0.0,0.004193545491092644,0.0,0.002729303704411752,0.0,0.0,0.00032857812073222044
2018-03-16 12:00:00,0.0,0.0,0.0,0.0029573585992276074,0.0,0.0,0.09721029507166436,0.03685769503049934,0.0,0.0,0.0,4.696666929953854e-07,0.10195167687394253,0.0012106264572791525,0.00023183250100302548,0.0,0.0,0.004145349409442754,0.0,0.003030727121133502,0.0,0.0,0.00043898842271421044
2018-03-16 13:00:00,0.0,0.0,0.0,0.003053002779497252,0.0,0.0,0.09670892541918061,0.03826126553705487,0.0,0.0,0.0,4.848562225516693e-07,0.0846632533494701,0.0012532311392701204,0.00016883081690846592,0.0,0.0,0.004279414499249907,0.0,0.003226720866779284,0.0,0.0,0.0007201249870129557
2018-03-16 14:00:00,0.0,0.0,0.0,0.00308012181284869,0.0,0.0,0.09689762652545772,0.038540148582990506,0.0,0.0,0.0,4.891630748605942e-07,0.08987187434903787,0.001258799994897787,0.0001998169311735086,0.0,0.0,0.0043174274304234915,0.0,0.0027623559063031326,0.0,0.0,0.0010059216123697722
2018-03-16 15:00:00,0.0,0.0,0.0,0.003260073031339987,0.0,0.0,0.10471628185962976,0.038048325944323926,0.0,0.0,0.0,5.211255819265181e-07,0.058356133151335796,0.0013710476128145164,0.00019965381592354305,0.0,0.0,0.004599533361642548,0.0,0.0018778941991820545,0.0,0.0,0.0008712504940360306
2018-03-16 16:00:00,0.0,0.0,0.0,0.0031429889244343453,0.0,0.0,0.10028444648944763,0.03795289635352184,0.0,0.0,0.0,5.057149092068438e-07,0.11052227935551212,0.0013512704203586109,0.00027482033996494975,0.0,0.0,0.004463516428761499,0.0,0.0007679848471109027,0.0,0.0,0.0006446361430352259
2018-03-16 17:00:00,0.0,0.0,0.0,0.0028691500131332293,0.0,0.0,0.09165144089898947,0.03766764668230734,0.0,0.0,0.0,4.616535321242412e-07,0.13049778080850127,0.0012486885194905608,0.0005445508439740287,0.0,0.0,0.004074624037215232,0.0,0.0001962633324773978,0.0,0.0,0.0006050422502277854
2018-03-16 18:00:00,0.0,0.0,0.0,0.002957403701039835,0.0,0.0,0.09460221626068774,0.0390734607792165,0.0,0.0,0.0,4.758537748994813e-07,0.13779956713142913,0.0012780087867025791,0.0005230346893406038,0.0,0.0,0.004199957531968424,0.0,0.0,0.0,0.0,0.0006182966481644447
2018-03-16 19:00:00,0.0,0.0,0.0,0.003093575921704583,0.0,0.0,0.09572272671754072,0.04097600186659628,0.0,0.0,0.0,4.977642314316695e-07,0.12268791139662014,0.0012869840868182391,0.00039260210970083894,0.0,0.0,0.004393342541808198,0.0,0.0,0.0,0.0,0.0005306180787458616
2018-03-16 20:00:00,0.0,0.0,0.0,0.0038452378952787366,0.0,0.0,0.11299813410269482,0.046438852913555546,0.0,0.0,0.0,6.10673378104292e-07,0.04433482339836122,0.0015271158181074085,0.0002167935830666079,0.0,0.0,0.00538989578150033,0.0,0.0,0.0,0.0,0.000788156299865675
2018-03-16 21:00:00,0.0,0.0,0.0,0.004120788600936589,0.0,0.0,0.11086033023003847,0.04907320182495124,0.0,0.0,0.0,6.54434384535054e-07,0.025933105992273876,0.0016184817058394376,0.00018175577178689473,0.0,0.0,0.005776137056152868,0.0,0.0,0.0,0.0,0.0007452438259908606
2018-03-16 22:00:00,0.0,0.0,0.0,0.004536117301463537,0.0,0.0,0.10914570133029151,0.052507462494623985,0.0,0.0,0.0,7.203939395695734e-07,0.0008142087775511702,0.001741203301842137,0.00018556833814616433,0.0,0.0,0.006358306084928638,0.0,0.0,0.0,0.0,0.0006086978291433651
2018-03-16 23:00:00,0.0,0.0,0.0,0.004623994431517454,0.0,0.0,0.06571652041359402,0.05355519481794491,0.0,0.0,0.0,7.34349961363186e-07,0.0,0.0017033384868335283,9.986286404148171e-05,0.0,0.0,0.006481484048286775,0.0,0.0,0.0,0.0,0.0007678886847955588
2018-03-17 00:00:00,0.0,0.0,0.0,0.004646749381195098,0.0,0.0,0.04290089484608708,0.053711410396078484,0.0,0.0,0.0,7.379637408917042e-07,0.0,0.001700060262469403,8.047642657585504e-05,0.0,0.0,0.00651337981406667,0.0,0.0,0.0,0.0,0.0010549969421315376
2018-03-17 01:00:00,0.0,0.0,0.0,0.004606187713717474,0.0,0.0,0.04230568640212665,0.053485748330658445,0.0,0.0,0.0,7.315220248848697e-07,0.0,0.0016821718867625825,7.680872747327816e-05,0.0,0.0,0.006456524252360932,0.0,0.0,0.0,0.0,0.001029669304930908
2018-03-17 02:00:00,0.0,0.0,0.0,0.004736782039062705,0.0,0.0,0.043959099852804724,0.05551796745421345,0.0,0.0,0.0,7.522620883066262e-07,0.0,0.0017222234786627459,6.806797838362624e-05,0.0,0.0,0.006639579195237258,0.0,0.0,0.0,0.0,0.001233473480885339
2018-03-17 03:00:00,0.0,0.0,0.0,0.004781954087943103,0.0,0.0,0.04435603674517087,0.05632577011254171,0.0,0.0,0.0,7.496996334739776e-07,0.0,0.0017200018166679608,0.00011038073582379677,0.0,0.0,0.0066169625805493,0.0,0.0,0.0,0.0,0.0011939566482583042
2018-03-17 04:00:00,0.0,0.0,0.0,0.004624102931938588,0.0,0.0,0.04847104020053619,0.05580133883956016,0.0,0.0,0.0,7.319905997732197e-07,0.0,0.0016885240812585889,8.681212319115897e-05,0.0,0.0,0.006460659965337114,0.0,0.0,0.0,0.0,0.0011240501441542085
2018-03-17 05:00:00,0.0,0.0,0.0,0.004225053535885259,0.0,0.0,0.04562979302837947,0.05169506813535355,0.0,0.0,0.0,6.709930011348504e-07,0.0,0.0015730416256263134,8.67724560744258e-05,0.0,0.0,0.0059222859156885166,0.0,7.364444511519729e-05,0.0,0.0,0.0013071253571643401
2018-03-17 06:00:00,0.0,0.0,0.0,0.0036634628879539397,0.0,0.0,0.041766413723356655,0.044183118153164606,0.0,0.0,0.0,5.818051621964388e-07,0.0,0.0014953843672885858,0.00010399529156787982,0.0,0.0,0.005135100532976157,0.0,0.0007868253642053814,0.0,0.0,0.0013575881309840097
2018-03-17 07:00:00,0.0,0.0,0.0,0.0034634391733149796,0.0,0.0,0.04236271845724954,0.040856465730905185,0.0,0.0,0.0,5.500388161741236e-07,0.0,0.0014444901413709992,0.00011227003561768338,0.0,0.0,0.004854725948855816,0.0,0.0017897738331568527,0.0,0.0,0.001392830310002141
2018-03-17 08:00:00,0.0,0.0,0.0,0.0032761493807082847,0.0,0.0,0.04740468291620907,0.037976856637377675,0.0,0.0,0.0,5.202947812274141e-07,0.0,0.0013414430573060365,0.00018933471869961744,0.0,0.0,0.00459220058876604,0.0,0.002626278697369757,0.0,0.0,0.001372179868693882
2018-03-17 09:00:00,0.0,0.0,0.0,0.003328805770047901,0.0,0.0,0.060754917358181386,0.03903759518693564,0.0,0.0,0.0,5.286572950776704e-07,0.0,0.0013513916298315237,0.0002323327064593471,0.0,0.0,0.004666009403330963,0.0,0.003294175727891638,0.0,0.0,0.0013845857451377792
2018-03-17 10:00:00,0.0,0.0,0.0,0.0032317896340804666,0.0,0.0,0.07727769214413675,0.040693837002903424,0.0,0.0,0.0,5.13249881259503e-07,0.011586645935779124,0.0012970787059462772,0.0003693812985865917,0.0,0.0,0.0045300212340084935,0.0,0.0035310625048890027,0.0,0.0,0.0011805626006090282
2018-03-17 11:00:00,0.0,0.0,0.0,0.00333589021582719,0.0,0.0,0.09297951325888387,0.04871399909228158,0.0,0.0,0.0,5.229903144450324e-07,0.009791664287349322,0.0012710226744336976,0.00017957917809793212,0.0,0.0,0.004615991773447508,0.0,0.003731005264987844,0.0,0.0,0.0012052682888740447
2018-03-17 12:00:00,0.0,0.0,0.0,0.003398470630930839,0.0,0.0,0.09462330643540648,0.049483949086868706,0.0,0.0,0.0,5.328014739423909e-07,0.0,0.0012784917462847995,0.00011300140960312214,0.0,0.0,0.004702586554033159,0.0,0.0037051159908838976,0.0,0.0,0.0017013488501765415
2018-03-17 13:00:00,0.0,0.0,0.0,0.0033260839329982985,0.0,0.0,0.07174060370028192,0.04215681083577293,0.0,0.0,0.0,5.214529164467752e-07,0.0,0.0012434735725547089,0.0001242994990616631,0.0,0.0,0.00460242246572524,0.0,0.003119157844434917,0.0,0.0,0.002050783107823878
2018-03-17 14:00:00,0.0,0.0,0.0,0.0033434072320667916,0.0,0.0,0.07017020477833004,0.04042691175228308,0.0,0.0,0.0,5.241688084698615e-07,0.0,0.0012427596851651273,0.00013831201592477837,0.0,0.0,0.004626393340309105,0.0,0.002334945910919178,0.0,0.0,0.0020078553514991855
2018-03-17 15:00:00,0.0,0.0,0.0,0.0033980046631939057,0.0,0.0,0.0733387483505874,0.04359967497293947,0.0,0.0,0.0,5.327284209947538e-07,0.0,0.0012881216390916476,0.0001326992440037561,0.0,0.0,0.004701941777646283,0.0,0.0014915698751588585,0.0,0.0,0.0021483668103979463
2018-03-17 16:00:00,0.0,0.0,0.0,0.0034118836579936362,0.0,0.0,0.07897791592023294,0.04377775585339671,0.0,0.0,0.0,5.3490432589116e-07,0.0,0.0013682895246690432,7.61678326029109e-05,0.0,0.0,0.004721146644016082,0.0,0.0006959414742820455,0.0,0.0,0.0021994471963101086
2018-03-17 17:00:00,0.0,0.0,0.0,0.0033917586175131104,0.0,0.0,0.07768976954335848,0.04347533937750026,0.0,0.0,0.0,5.317491857132272e-07,0.00588977394976847,0.001387087030614212,9.059805227943023e-05,0.0,0.0,0.0046932988986503445,0.0,0.00022494188282257154,0.0,0.0,0.002408939460651427
2018-03-17 18:00:00,0.0,0.0,0.0,0.0034835840296117753,0.0,0.0,0.07749973208191385,0.0446296551296237,0.0,0.0,0.0,5.461452833185009e-07,0.007085165635244725,0.001379500326913075,9.426483685033715e-05,0.0,0.0,0.0048203610378148255,0.0,3.258320117680001e-06,0.0,0.0,0.002640324706319865
2018-03-17 19:00:00,0.0,0.0,0.0,0.0035918947676230675,0.0,0.0,0.08058899930815047,0.04264758508529758,0.0,0.0,0.0,5.631258981665388e-07,0.001837432880465055,0.0013727685572572463,6.995144786245992e-05,0.0,0.0,0.0049702345178424595,0.0,1.73773811747279e-07,0.0,0.0,0.0028799123376368548
2018-03-17 20:00:00,0.0,0.0,0.0,0.003547632221019065,0.0,0.0,0.07831336632442253,0.042505196818650365,0.0,0.0,0.0,5.634097581690201e-07,0.0,0.0013057633969448847,7.064974202957413e-05,0.0,0.0,0.004972739909242786,0.0,0.0,0.0,0.0,0.0032750550448517857
2018-03-17 21:00:00,0.0,0.0,0.0,0.0035773633762525227,0.0,0.0,0.0697100668760773,0.04263180090111713,0.0,0.0,0.0,5.644660849390683e-07,0.0,0.001219706910237455,8.783192803405667e-05,0.0,0.0,0.00498206320939948,0.0,0.0,0.0,0.0,0.0035847114111239027
2018-03-17 22:00:00,0.0,0.0,0.0,0.0035831582305810602,0.0,0.0,0.04704148746960405,0.03925894778757511,0.0,0.0,0.0,5.653804451512111e-07,0.0,0.0011977781822060292,0.00014482475670981877,0.0,0.0,0.004990133491201347,0.0,0.0,0.0,0.0,0.0037270695937632894
2018-03-17 23:00:00,0.0,0.0,0.0,0.0035925030986979187,0.0,0.0,0.019797279521140826,0.03380834221759064,0.0,0.0,0.0,5.705358323409963e-07,0.0,0.0012146935702690698,8.161459974643925e-05,0.0,0.0,0.005035635719827202,0.0,0.0,0.0,0.0,0.003904322911476432
2018-03-18 00:00:00,0.0,0.0,0.0,0.0036930918508984996,0.0,0.0,0.01731360435268821,0.017377481620186423,0.0,0.0,0.0,5.865106237007313e-07,0.0,0.0012314426762769191,0.00015230800945438937,0.0,0.0,0.0051766316493165,0.0,0.0,0.0,0.0,0.0037910199020180857
2018-03-18 01:00:00,0.0,0.0,0.0,0.0036898910970204805,0.0,0.0,0.01728386435371008,0.017301542735983645,0.0,0.0,0.0,5.860023026978695e-07,0.0,0.0012297649188623594,0.00010788711715558473,0.0,0.0,0.005172145131110191,0.0,0.0,0.0,0.0,0.0036752625776240895
2018-03-18 02:00:00,0.0,0.0,0.0,0.003774686586651391,0.0,0.0,0.017801642170243843,0.01768668441982813,0.0,0.0,0.0,5.994689202417398e-07,0.0,0.001245274551855567,6.811677179212703e-05,0.0,0.0,0.005291003538391847,0.0,0.0,0.0,0.0,0.003419414320425352
2018-03-18 03:00:00,0.0,0.0,0.0,0.003799305566558781,0.0,0.0,0.018069463455444044,0.018027699230915146,0.0,0.0,0.0,6.033787318151633e-07,0.0,0.0012561203409376166,6.52473823719209e-05,0.0,0.0,0.0053255121278631525,0.0,0.0,0.0,0.0,0.00327195175739217
2018-03-18 04:00:00,0.0,0.0,0.0,0.003751863567161176,0.0,0.0,0.018787710359889576,0.0180006675128628,0.0,0.0,0.0,5.958443303489422e-07,0.0,0.001247987782629345,9.606462688406357e-05,0.0,0.0,0.005259012358698531,0.0,0.0,0.0,0.0,0.002945761356976621
2018-03-18 05:00:00,0.0,0.0,0.0,0.0037179740772738767,0.0,0.0,0.019063412163760184,0.018083438253050563,0.0,0.0,0.0,5.904622422089291e-07,0.0,0.0012279490837699197,5.404528023526831e-05,0.0,0.0,0.005211509233129882,0.0,2.499306844822716e-05,0.0,0.0,0.0026604880677648986
2018-03-18 06:00:00,0.0,0.0,0.0,0.003509245586537396,0.0,0.0,0.034528978649362656,0.017021909678759592,0.0,0.0,0.0,5.573134654580392e-07,0.0,0.0012019773550718787,6.748047291748261e-05,0.0,0.0,0.004918933105894474,0.0,0.00048759244553730184,0.0,0.0,0.0024349800897321633
2018-03-18 07:00:00,0.0,0.0,0.0,0.0034371992579462383,0.0,0.0,0.047964403358313326,0.017024038934947642,0.0,0.0,0.0,5.458715791407337e-07,0.0,0.001159101825461923,9.286143742665603e-05,0.0,0.0,0.0048179452832625225,0.0,0.0011698526139140653,0.0,0.0,0.0020952695335495993
2018-03-18 08:00:00,0.0,0.0,0.0,0.0033314199519165946,0.0,0.0,0.06054986801918413,0.016511118367824738,0.0,0.0,0.0,5.290724608791657e-07,0.0,0.0011152086633032803,0.0001144934800849349,0.0,0.0,0.004669673719612522,0.0,0.0019439732653141906,0.0,0.0,0.001607325816042712
2018-03-18 09:00:00,0.0,0.0,0.0,0.003382872912913952,0.0,0.0,0.06724652415924967,0.016766128526154882,0.0,0.0,0.0,5.372438547854582e-07,0.0,0.0011279551765615195,0.00010467074773999113,0.0,0.0,0.0047417956805881675,0.0,0.002643389678269241,0.0,0.0,0.0013564349821463008
2018-03-18 10:00:00,0.0,0.0,0.0,0.0033920059015494827,0.0,0.0,0.07138327869540259,0.016844971623791366,0.0,0.0,0.0,5.386942911886505e-07,0.0,0.001118653471538651,0.00012122462813529806,0.0,0.0,0.004754597452093534,0.0,0.00305170550050997,0.0,0.0,0.001100668290344568
2018-03-18 11:00:00,0.0,0.0,0.0,0.003396986495568201,0.0,0.0,0.07270217149489543,0.016836077988294684,0.0,0.0,0.0,5.394852737642959e-07,0.0,0.001123434203003051,6.0736586231603465e-05,0.0,0.0,0.004761578784178036,0.0,0.0032199459298129602,0.0,0.0,0.0012224918969485682
2018-03-18 12:00:00,0.0,0.0,0.0,0.0033651211291514014,0.0,0.0,0.07144908130051034,0.0165893154645412,0.0,0.0,0.0,5.344246425408883e-07,0.0,0.0011044050439685277,5.506559185140205e-05,0.0,0.0,0.0047169128860715115,0.0,0.003119816660472717,0.0,0.0,0.0013671477634456326
2018-03-18 13:00:00,0.0,0.0,0.0,0.003380824665378144,0.0,0.0,0.06638227688577501,0.01652170674155584,0.0,0.0,0.0,5.369185666561015e-07,0.0,0.0011022869480356886,9.618261733662086e-05,0.0,0.0,0.004738924638261689,0.0,0.0028172511670477227,0.0,0.0,0.0012111704434115598
2018-03-18 14:00:00,0.0,0.0,0.0,0.003538557957353152,0.0,0.0,0.05051631196190145,0.017292531451893137,0.0,0.0,0.0,5.619686480485057e-07,0.0,0.001170693054970169,0.0001002291482564552,0.0,0.0,0.004960020452921716,0.0,0.0023091879402504633,0.0,0.0,0.0011367195320853677
2018-03-18 15:00:00,0.0,0.0,0.0,0.003555652155642373,0.0,0.0,0.034651922581268486,0.017364335485170333,0.0,0.0,0.0,5.646834272376114e-07,0.0,0.001216156542567507,0.00014560609258096788,0.0,0.0,0.00498398150546422,0.0,0.0014859548063017116,0.0,0.0,0.0013688610214271184
2018-03-18 16:00:00,0.0,0.0,0.0,0.0037433791746690186,0.0,0.0,0.037109265142111665,0.01831817334816235,0.0,0.0,0.0,5.94496899379662e-07,0.0,0.0013894241715502885,0.0001480853770912949,0.0,0.0,0.005247119728763146,0.0,0.0007127819691217049,0.0,0.0,0.0016408559957660916
2018-03-18 17:00:00,0.0,0.0,0.0,0.0036578465876887668,0.0,0.0,0.03311359085489329,0.01786341085168335,0.0,0.0,0.0,5.809132212687806e-07,0.03217733822628075,0.00140160504125844,0.0002054689170985061,0.0,0.0,0.00512722812717675,0.0,0.00022661801081106693,0.0,0.0,0.0017770569528396101
2018-03-18 18:00:00,0.0,0.0,0.0,0.003648145509683979,0.0,0.0,0.03271255717730401,0.01784011015174587,0.0,0.0,0.0,5.793725649458751e-07,0.024114553769358633,0.0013936625299748693,0.00024946937701078093,0.0,0.0,0.005113630060987345,0.0,3.456555135886969e-06,0.0,0.0,0.001929626841406584
2018-03-18 19:00:00,0.0,0.0,0.0,0.003735172800737969,0.0,0.0,0.03361970323700125,0.018475214878025763,0.0,0.0,0.0,5.931936213440914e-07,0.034186791329098104,0.0014134672402245606,0.0001579992758831155,0.0,0.0,0.00523561679931197,0.0,1.8305234587994303e-07,0.0,0.0,0.0018981793668831504
2018-03-18 20:00:00,0.0,0.0,0.0,0.004072361813175691,0.0,0.0,0.03715881347327494,0.019995233546606105,0.0,0.0,0.0,6.467435859738007e-07,0.026569066825331698,0.001481829353999869,0.00018393272002936479,0.0,0.0,0.005708256902525819,0.0,0.0,0.0,0.0,0.0017970075366061434
2018-03-18 21:00:00,0.0,0.0,0.0,0.004209910120297257,0.0,0.0,0.040557336227081894,0.020559460962808526,0.0,0.0,0.0,6.685880314021539e-07,0.025140358101891223,0.0014881713861343258,0.0001583232384118122,0.0,0.0,0.005901059288359294,0.0,0.0,0.0,0.0,0.0017548326916585729
2018-03-18 22:00:00,0.0,0.0,0.0,0.0045386083299506635,0.0,0.0,0.045989017266128786,0.022354776925364132,0.0,0.0,0.0,7.255005898165172e-07,0.0203283853855319,0.001597906274488274,0.00010833566757800856,0.0,0.0,0.006403378153910988,0.0,0.0,0.0,0.0,0.0017424950449242776
2018-03-18 23:00:00,0.0,0.0,0.0,0.005038043576257204,0.0,0.0,0.04894781513753009,0.024636970239027,0.0,0.0,0.0,8.001063064335052e-07,0.018833069118883498,0.0017241584926961726,0.0001394586492902129,0.0,0.0,0.007061859515122444,0.0,0.0,0.0,0.0,0.0016672357369142854
2018-03-19 00:00:00,0.0,0.0,0.0,0.0053208904092380506,0.0,0.0,0.05368050624021005,0.026207883451383678,0.0,0.0,0.0,8.505490779578284e-07,0.007640353167712568,0.0018240707843433222,0.00014013206598986248,0.0,0.0,0.007507075061099137,0.0,0.0,0.0,0.0,0.0015766597329666342
2018-03-19 01:00:00,0.0,0.0,0.0,0.005291346295674089,0.0,0.0,0.05362660771426941,0.02648148248762146,0.0,0.0,0.0,8.513910725855912e-07,0.01099492638795482,0.0017931316223199995,0.00015162603959230695,0.0,0.0,0.007514506633286406,0.0,0.0,0.0,0.0,0.0014836301453180027
2018-03-19 02:00:00,0.0,0.0,0.0,0.005123752136428227,0.0,0.0,0.05213537622481261,0.047876703748955786,0.0,0.0,0.0,8.244247462432633e-07,0.011140934128361585,0.0017188730830321867,0.0001502731450110044,0.0,0.0,0.00727649775029519,0.0,0.0,0.0,0.0,0.0014466244568479782
2018-03-19 03:00:00,0.0,0.0,0.0,0.005051695782484471,0.0,0.0,0.05237444457816758,0.05423639354735626,0.0,0.0,0.0,8.101656770111021e-07,0.011736515988633501,0.0016745136948609688,0.0001415298087667714,0.0,0.0,0.007150645044318179,0.0,0.0,0.0,0.0,0.0014829654519378584
2018-03-19 04:00:00,0.0,0.0,0.0,0.0046102356507401535,0.0,0.0,0.059938772870106,0.04936673038986629,0.0,0.0,0.0,7.417986380450935e-07,0.03467334527532515,0.0015504670026427255,0.00013579434011328954,0.0,0.0,0.006547227197513619,0.0,0.0,0.0,0.0,0.0013797258303750884
2018-03-19 05:00:00,0.0,0.0,0.0,0.0034730766294444318,0.0,0.0,0.06752418854219432,0.04643228758493129,0.0,0.0,0.0,5.588268602136436e-07,0.1251504314174381,0.0012479842342415664,0.00037368493751371417,0.0,0.0,0.004932290557359442,0.0,3.716236918232524e-05,0.0,0.0,0.000948153651929065
2018-03-19 06:00:00,0.0,0.0,0.0,0.003063255944649207,0.0,0.0,0.08123859262694075,0.0467496522138538,0.0,0.0,0.0,4.928856700328337e-07,0.12318574121505896,0.0011628131856898515,0.0005924119562000134,0.0,0.0,0.00435028361956567,0.0,0.0005338658697068863,0.0,0.0,0.0006922292327792479
2018-03-19 07:00:00,0.0,0.0,0.0,0.0028327476040735287,0.0,0.0,0.08464934070597295,0.0446144258402598,0.0,0.0,0.0,4.5579629195090845e-07,0.11706523824849539,0.001067437464908784,0.0005997439604080999,0.0,0.0,0.004022927147792146,0.0,0.0012074607532262453,0.0,0.0,0.0005766082586728065
2018-03-19 08:00:00,0.0,0.0,0.0,0.0027990163361613376,0.0,0.0,0.08919594972846999,0.042941558514534114,0.0,0.0,0.0,4.5036884517976995e-07,0.11194878740741164,0.001037131758278725,0.00046934723436012983,0.0,0.0,0.0039750236800711715,0.0,0.0019552169954415157,0.0,0.0,0.0005334304828322979
2018-03-19 09:00:00,0.0,0.0,0.0,0.0027708248315784613,0.0,0.0,0.09295543358393649,0.04376885659606125,0.0,0.0,0.0,4.458327604135472e-07,0.08964900964867673,0.0009822509323472145,0.0003503596239899942,0.0,0.0,0.003934987508489747,0.0,0.002575379326378231,0.0,0.0,0.0004879509078584899
2018-03-19 10:00:00,0.0,0.0,0.0,0.002783220152453061,0.0,0.0,0.09936180719915572,0.04396465714456198,0.0,0.0,0.0,4.478271990582254e-07,0.06456228193690866,0.0009727650822463932,0.0003568457561215074,0.0,0.0,0.00395259072622094,0.0,0.0030181117114281716,0.0,0.0,0.00047518816795084884
2018-03-19 11:00:00,0.0,0.0,0.0,0.002903668851772498,0.0,0.0,0.11275123930203597,0.04520455473118675,0.0,0.0,0.0,4.6114006854693854e-07,0.04564291369427029,0.0009962383044085327,0.00032012029379131757,0.0,0.0,0.004070092129867562,0.0,0.0033491778095480775,0.0,0.0,0.0005704020352724378
2018-03-19 12:00:00,0.0,0.0,0.0,0.0028923546595096944,0.0,0.0,0.10053670738811243,0.04490434410950938,0.0,0.0,0.0,4.5934322887204333e-07,0.05198844825922039,0.0009926754997403803,0.00032223643700491803,0.0,0.0,0.004054232950589411,0.0,0.003247204565239383,0.0,0.0,0.0007206711917900557
2018-03-19 13:00:00,0.0,0.0,0.0,0.003034922161607424,0.0,0.0,0.10229278483670347,0.046837329246077794,0.0,0.0,0.0,4.819847872060044e-07,0.03953954248710031,0.0010504767404871146,0.0002929321509609391,0.0,0.0,0.004254070775728677,0.0,0.00295657239609154,0.0,0.0,0.0008411421154640348
2018-03-19 14:00:00,0.0,0.0,0.0,0.0029803997547072896,0.0,0.0,0.09772964164663317,0.04592705355067914,0.0,0.0,0.0,4.733259256970812e-07,0.07357407853311945,0.0010391661336181534,0.0003244329244768993,0.0,0.0,0.004177646351817454,0.0,0.0022054484567833655,0.0,0.0,0.0009009405880865513
2018-03-19 15:00:00,0.0,0.0,0.0,0.003073386745036598,0.0,0.0,0.08156555809328236,0.047430945247560766,0.0,0.0,0.0,4.88093459215325e-07,0.09458750063874882,0.001092309099779788,0.0003403628592193937,0.0,0.0,0.0043079868406401935,0.0,0.0013957427005879717,0.0,0.0,0.0011273571877053953
2018-03-19 16:00:00,0.0,0.0,0.0,0.0029461678208018076,0.0,0.0,0.0668126420982578,0.04542871326926403,0.0,0.0,0.0,4.6788945302974093e-07,0.1207552069051382,0.0011457228118816358,0.00045518065125330645,0.0,0.0,0.0041296632201687465,0.0,0.0005676255942114181,0.0,0.0,0.001183714552214986
2018-03-19 17:00:00,0.0,0.0,0.0,0.002963309217188348,0.0,0.0,0.06418387737613689,0.04568325094593234,0.0,0.0,0.0,4.706117278855167e-07,0.1255880919429125,0.001193695939864065,0.0006402836795542601,0.0,0.0,0.004153690430601235,0.0,0.0001776344582185709,0.0,0.0,0.0012364807754124923
2018-03-19 18:00:00,0.0,0.0,0.0,0.003109222179434856,0.0,0.0,0.06473071315688145,0.048004503384181184,0.0,0.0,0.0,4.937845884447254e-07,0.12287658173977932,0.0012333535647840968,0.0007645927427659343,0.0,0.0,0.004358217609698347,0.0,2.945934547953434e-06,0.0,0.0,0.0013958593807682884
2018-03-19 19:00:00,0.0,0.0,0.0,0.0031248856978400136,0.0,0.0,0.06515664535248067,0.04817416173909426,0.0,0.0,0.0,4.962721572136749e-07,0.109946202944011,0.0012387483248494828,0.0004835062152888869,0.0,0.0,0.004380173268639259,0.0,1.531435593778371e-07,0.0,0.0,0.0016220526789273444
2018-03-19 20:00:00,0.0,0.0,0.0,0.0033377802235783176,0.0,0.0,0.059892406871609113,0.0517535757196822,0.0,0.0,0.0,5.300825540612012e-07,0.08565241705661081,0.0012293063067208131,0.00043673759232047715,0.0,0.0,0.004678588955114808,0.0,0.0,0.0,0.0,0.0019361754563795468
2018-03-19 21:00:00,0.0,0.0,0.0,0.003960094063900457,0.0,0.0,0.05462859001911745,0.06101077681988127,0.0,0.0,0.0,6.289140192293733e-07,0.023908130432686102,0.0014116025384404336,0.00024481483431528796,0.0,0.0,0.005550890444403659,0.0,0.0,0.0,0.0,0.0021427176898344783
2018-03-19 22:00:00,0.0,0.0,0.0,0.004378075569447242,0.0,0.0,0.05619866220071884,0.04917563558971464,0.0,0.0,0.0,6.952948739199958e-07,0.00500204943498061,0.001546107496268985,0.00012891779520052285,0.0,0.0,0.006136777927791331,0.0,0.0,0.0,0.0,0.0023992178862024516
2018-03-19 23:00:00,0.0,0.0,0.0,0.004423470469232757,0.0,0.0,0.0555890393905736,0.04152623789746579,0.0,0.0,0.0,7.025041695619543e-07,0.0004694893230539902,0.0015047468904510095,0.00015983274427987568,0.0,0.0,0.006200408263681861,0.0,0.0,0.0,0.0,0.0019437293843462254
2018-03-20 00:00:00,0.0,0.0,0.0,0.004276796120045385,0.0,0.0,0.050441130180296806,0.04024808966031638,0.0,0.0,0.0,6.792103909352855e-07,0.0,0.0014415255576285865,0.00018819274079291852,0.0,0.0,0.005994813843396452,0.0,0.0,0.0,0.0,0.001900496261061822
2018-03-20 01:00:00,0.0,0.0,0.0,0.004267806521862712,0.0,0.0,0.0494148101676378,0.03998041433073085,0.0,0.0,0.0,6.77782726785623e-07,0.0,0.0014313164892007396,0.00014375037322975537,0.0,0.0,0.005982213063251829,0.0,0.0,0.0,0.0,0.0020170500075152847
2018-03-20 02:00:00,0.0,0.0,0.0,0.004153297495746865,0.0,0.0,0.04802262198306346,0.038825475262963136,0.0,0.0,0.0,6.595972163683207e-07,0.0,0.001390966048083606,0.00019129691382511026,0.0,0.0,0.0058217049923303095,0.0,0.0,0.0,0.0,0.0020810283038688567
2018-03-20 03:00:00,0.0,0.0,0.0,0.004318301376502175,0.0,0.0,0.05042194919038575,0.04043919537164117,0.0,0.0,0.0,6.858019610435155e-07,0.0,0.0014430712594158581,0.00020813325499773554,0.0,0.0,0.006052992040111202,0.0,0.0,0.0,0.0,0.0022452375208635534
2018-03-20 04:00:00,0.0,0.0,0.0,0.004163098724820396,0.0,0.0,0.05121977827233135,0.03938416171565571,0.0,0.0,0.0,6.611537779728073e-07,0.02790181191836452,0.0013617600274429963,0.0002946250411332995,0.0,0.0,0.005835443440945365,0.0,0.0,0.0,0.0,0.002685906800517095
2018-03-20 05:00:00,0.0,0.0,0.0,0.0037249924167108623,0.0,0.0,0.05029954471547048,0.040192991406073936,0.0,0.0,0.0,5.915768450421971e-07,0.04523915221425806,0.001271097913817142,0.0003717598746233375,0.0,0.0,0.005221346886652176,0.0,3.3985364236727626e-05,0.0,0.0,0.0024706555410352075
2018-03-20 06:00:00,0.0,0.0,0.0,0.003156858232123366,0.0,0.0,0.06669942619525798,0.038687810858090754,0.0,0.0,0.0,5.013498080766665e-07,0.045809080942313285,0.0011706815270656852,0.00041057344617158743,0.0,0.0,0.004424989384664044,0.0,0.0005447097594157156,0.0,0.0,0.0022205438524223187
2018-03-20 07:00:00,0.0,0.0,0.0,0.0030336534220187796,0.0,0.0,0.0830126513327601,0.03744819274722483,0.0,0.0,0.0,4.817832949936542e-07,0.04198994781393394,0.0011272512032209623,0.00026628800229318517,0.0,0.0,0.0042522923749267255,0.0,0.0013636982239598582,0.0,0.0,0.0020725945556962426
2018-03-20 08:00:00,0.0,0.0,0.0,0.003017867774373076,0.0,0.0,0.0796643076872708,0.03996193772629233,0.0,0.0,0.0,4.792763305259417e-07,0.014248831460249493,0.0011213439907693937,0.00020210790587248492,0.0,0.0,0.0042301655266091505,0.0,0.0022895728216588977,0.0,0.0,0.002189426907240103
2018-03-20 09:00:00,0.0,0.0,0.0,0.0029362293771018075,0.0,0.0,0.08582240469395717,0.03661373627179214,0.0,0.0,0.0,4.66311099972618e-07,0.0,0.0010236439215439215,0.00015395887804999986,0.0,0.0,0.004115732436890272,0.0,0.0029949719908458753,0.0,0.0,0.0025135654632095824
2018-03-20 10:00:00,0.0,0.0,0.0,0.002866213859235804,0.0,0.0,0.08893789101463342,0.03804834717007587,0.0,0.0,0.0,4.55191732594217e-07,0.012848330770218597,0.0009806213104281123,9.96362572142464e-05,0.0,0.0,0.004017591215290203,0.0,0.0034798970299982374,0.0,0.0,0.00248559914209179
2018-03-20 11:00:00,0.0,0.0,0.0,0.0028102064667328967,0.0,0.0,0.09083029384524308,0.03930780779066302,0.0,0.0,0.0,4.4629703621650846e-07,0.0,0.000911360083819076,0.00011157823454673924,0.0,0.0,0.00393908527708677,0.0,0.0036664079161858975,0.0,0.0,0.0025945101607202886
2018-03-20 12:00:00,0.0,0.0,0.0,0.002666454263444893,0.0,0.0,0.1013998225014591,0.04144119121178526,0.0,0.0,0.0,4.23467332051883e-07,0.0,0.0008538951625830972,0.00011362263702598185,0.0,0.0,0.003737586848332929,0.0,0.0033371171610207416,0.0,0.0,0.002635849635621774
2018-03-20 13:00:00,0.0,0.0,0.0,0.0027508966477624826,0.0,0.0,0.08732803762030807,0.035051233446202174,0.0,0.0,0.0,4.354640276715497e-07,0.0,0.0008933215482937305,0.00011006563606235471,0.0,0.0,0.0038434715019477817,0.0,0.0029624726847500018,0.0,0.0,0.0028634553920783034
2018-03-20 14:00:00,0.0,0.0,0.0,0.0027796382509302406,0.0,0.0,0.08751576172823756,0.03358898232707108,0.0,0.0,0.0,4.4001379303163676e-07,0.0,0.0009110211569888576,9.6889332419395e-05,0.0,0.0,0.00388362842052392,0.0,0.0023623511594390726,0.0,0.0,0.00295274830816205
2018-03-20 15:00:00,0.0,0.0,0.0,0.003008632425275553,0.0,0.0,0.10096816543440947,0.036553596618661574,0.0,0.0,0.0,4.778096379610209e-07,0.0,0.0009843386198502252,0.0001358257259732895,0.0,0.0,0.004217220275756779,0.0,0.0017021686331693366,0.0,0.0,0.0031024133154323613
2018-03-20 16:00:00,0.0,0.0,0.0,0.003144575015063608,0.0,0.0,0.10089673615554437,0.038153359820047944,0.0,0.0,0.0,4.9939907476441e-07,0.017276600303343728,0.0011062071684942148,0.0002428519004005504,0.0,0.0,0.004407771916820266,0.0,0.0008309529584630007,0.0,0.0,0.002978476762391355
2018-03-20 17:00:00,0.0,0.0,0.0,0.003031449256875698,0.0,0.0,0.09668592090200251,0.03681080426667965,0.0,0.0,0.0,4.814332451370569e-07,0.06457627584306015,0.0011196192252807935,0.0003165813370875258,0.0,0.0,0.004249202781843029,0.0,0.00024064966188997846,0.0,0.0,0.0025937802575358073
2018-03-20 18:00:00,0.0,0.0,0.0,0.0029764746899197175,0.0,0.0,0.09486123373620936,0.036329858194330274,0.0,0.0,0.0,4.727025747787809e-07,0.10996955818966168,0.0010811759369098995,0.0004892225745351125,0.0,0.0,0.004172144562144929,0.0,2.9174056320136803e-06,0.0,0.0,0.0024073974117768955
2018-03-20 19:00:00,0.0,0.0,0.0,0.0032916195795629445,0.0,0.0,0.10639689354823523,0.040219856737911806,0.0,0.0,0.0,5.227516483580849e-07,0.039056306671923134,0.0011955585547137853,0.00046514798307931306,0.0,0.0,0.004613885270394732,0.0,1.6131480869219845e-07,0.0,0.0,0.0024675530506667884
2018-03-20 20:00:00,0.0,0.0,0.0,0.003505746288767982,0.0,0.0,0.11259725999144082,0.04277840226736888,0.0,0.0,0.0,5.567577318342588e-07,0.03714291391459696,0.0011833293288148513,0.00036858849529471186,0.0,0.0,0.004914028116710648,0.0,0.0,0.0,0.0,0.0025548502231013174
2018-03-20 21:00:00,0.0,0.0,0.0,0.003689622606462212,0.0,0.0,0.11679388061853664,0.04567956291215806,0.0,0.0,0.0,5.859596629339142e-07,0.03387930158889959,0.0012379675803020661,0.0002536082142216113,0.0,0.0,0.005171768786091549,0.0,0.0,0.0,0.0,0.0023916088917631936
2018-03-20 22:00:00,0.0,0.0,0.0,0.003939202123886117,0.0,0.0,0.10282123699061405,0.051980068504492945,0.0,0.0,0.0,6.255961096666454e-07,0.021334938886461156,0.0013301811081454244,0.00018159948622790064,0.0,0.0,0.00552160607178034,0.0,0.0,0.0,0.0,0.002845694579752225
2018-03-20 23:00:00,0.0,0.0,0.0,0.00423297744927748,0.0,0.0,0.08066367327461524,0.05170714151079371,0.0,0.0,0.0,6.636328128344627e-07,0.022514719604118338,0.0013771792549429236,0.00010569215478863378,0.0,0.0,0.005857323778327203,0.0,0.0,0.0,0.0,0.003270336188174649
2018-03-21 00:00:00,0.0,0.0,0.0,0.0042417386605118216,0.0,0.0,0.07586441235650118,0.05076406124000875,0.0,0.0,0.0,6.650063678143683e-07,0.015058307317957946,0.0013478715413114625,0.00010895432819432664,0.0,0.0,0.00586944698273941,0.0,0.0,0.0,0.0,0.003605265883271112
2018-03-21 01:00:00,0.0,0.0,0.0,0.004171008523051595,0.0,0.0,0.07395812908088777,0.04995834337289225,0.0,0.0,0.0,6.539175206288226e-07,0.00945373781163367,0.0012955339976391418,0.00010414486817507771,0.0,0.0,0.005771575136986758,0.0,0.0,0.0,0.0,0.00426216036058366
2018-03-21 02:00:00,0.0,0.0,0.0,0.004347663299294613,0.0,0.0,0.07674770194455806,0.05235747272903947,0.0,0.0,0.0,6.81612897574147e-07,0.007576494070916597,0.001346616538183953,0.00010097998988916819,0.0,0.0,0.0060160187310862095,0.0,0.0,0.0,0.0,0.004532700978941765
2018-03-21 03:00:00,0.0,0.0,0.0,0.00431078658602807,0.0,0.0,0.07566339961756349,0.05215209055670872,0.0,0.0,0.0,6.758314831332683e-07,0.018013413274547044,0.001330441905093657,0.00015173169464451978,0.0,0.0,0.005964991091069002,0.0,0.0,0.0,0.0,0.003860590227539889
2018-03-21 04:00:00,0.0,0.0,0.0,0.003999799164797068,0.0,0.0,0.07232564855853992,0.05215513445300964,0.0,0.0,0.0,6.270758590883323e-07,0.048089427283870986,0.0012311950886773311,0.00027164962095612284,0.0,0.0,0.005534666564429268,0.0,0.0,0.0,0.0,0.0029988623350889294
2018-03-21 05:00:00,0.0,0.0,0.0,0.003440427641897461,0.0,0.0,0.06857169303074065,0.04501814341130937,0.0,0.0,0.0,5.393793613843992e-07,0.14098152642771566,0.001081583592440204,0.0004202061617245864,0.0,0.0,0.004760643985462254,0.0,0.0002434271619072309,0.0,0.0,0.002238966570430994
2018-03-21 06:00:00,0.0,0.0,0.0,0.003384261973902185,0.0,0.0,0.06955345874275239,0.04422809347818243,0.0,0.0,0.0,5.305738856446703e-07,0.12711418235125838,0.0011419118975381018,0.0005343391477829133,0.0,0.0,0.004682925522130842,0.0,0.0011859412755158194,0.0,0.0,0.0016864172668436914
2018-03-21 07:00:00,0.0,0.0,0.0,0.0032401871191756184,0.0,0.0,0.06723108158002758,0.04236632172335754,0.0,0.0,0.0,5.079862857231948e-07,0.11667520941741488,0.0010958122210831735,0.0006226507586136479,0.0,0.0,0.004483563942117465,0.0,0.0021846896088864257,0.0,0.0,0.0013395315473009636
2018-03-21 08:00:00,0.0,0.0,0.0,0.003086402240946527,0.0,0.0,0.06447818912898667,0.04039575708296778,0.0,0.0,0.0,4.838763790361187e-07,0.09545374570479276,0.0010240167987160189,0.0005396983060172527,0.0,0.0,0.004270766251888294,0.0,0.002744571214055298,0.0,0.0,0.0015914911936499322
2018-03-21 09:00:00,0.0,0.0,0.0,0.0030086765512056697,0.0,0.0,0.06395743744393796,0.03931965928716426,0.0,0.0,0.0,4.7169079129550165e-07,0.07461793799704078,0.0010113331240522833,0.00026650739965714264,0.0,0.0,0.004163214407787705,0.0,0.0031848828437165545,0.0,0.0,0.0018820898080056311
2018-03-21 10:00:00,0.0,0.0,0.0,0.002864579575669247,0.0,0.0,0.06647836590726483,0.037455151644402454,0.0,0.0,0.0,4.490997233434394e-07,0.04160870134086496,0.0009636763296591397,0.00024851697621677073,0.0,0.0,0.003963822218410796,0.0,0.003576045521518087,0.0,0.0,0.0020651777358676577
2018-03-21 11:00:00,0.0,0.0,0.0,0.0029694674712988246,0.0,0.0,0.06977782458089896,0.039379822693960766,0.0,0.0,0.0,4.715897380745578e-07,0.006400677312201572,0.0009900310632589588,0.00021662575160503049,0.0,0.0,0.0041623224967452365,0.0,0.0041054825355317,0.0,0.0,0.0023617104757216395
2018-03-21 12:00:00,0.0,0.0,0.0,0.0031012092226700063,0.0,0.0,0.07692715846096357,0.03802366557881537,0.0,0.0,0.0,4.861977707866036e-07,0.000157686598829647,0.0009885759812991622,0.00010127362351856693,0.0,0.0,0.0042912552072804375,0.0,0.004234830359727336,0.0,0.0,0.0024866692509250945
2018-03-21 13:00:00,0.0,0.0,0.0,0.0031336192144689095,0.0,0.0,0.07775581315565822,0.03790045847289521,0.0,0.0,0.0,4.912789067669333e-07,0.0006904497079161784,0.0009940450769113614,5.781469369660926e-05,0.0,0.0,0.004336102083479012,0.0,0.003927040604791537,0.0,0.0,0.002409412539455909
2018-03-21 14:00:00,0.0,0.0,0.0,0.003172148630764611,0.0,0.0,0.0623805083386706,0.03796347682936085,0.0,0.0,0.0,4.973194267601477e-07,0.014682608976137025,0.0010257398156703443,0.00012160309612739319,0.0,0.0,0.004389416628368071,0.0,0.0033891339274039075,0.0,0.0,0.0024491486765365724
2018-03-21 15:00:00,0.0,0.0,0.0,0.003315182813566836,0.0,0.0,0.057613430199194654,0.03974006819611727,0.0,0.0,0.0,5.197438734296477e-07,0.03551133822873232,0.0010964478058265374,0.00017588193377306404,0.0,0.0,0.004587338193053958,0.0,0.0023249916540400042,0.0,0.0,0.002487845946257006
2018-03-21 16:00:00,0.0,0.0,0.0,0.003248459895978186,0.0,0.0,0.056421861176456936,0.03888733308770864,0.0,0.0,0.0,5.092832654981229e-07,0.08985956422575207,0.0011203637827920123,0.00032623792165026804,0.0,0.0,0.00449501128216572,0.0,0.0009709784519822863,0.0,0.0,0.002050297938188626
2018-03-21 17:00:00,0.0,0.0,0.0,0.003145813045263155,0.0,0.0,0.05409336295533066,0.03768928743631261,0.0,0.0,0.0,4.931906169818303e-07,0.12212773734614953,0.0010982782308066093,0.00040640665821389615,0.0,0.0,0.004352975127551625,0.0,0.0002573577466693295,0.0,0.0,0.001731568783120001
2018-03-21 18:00:00,0.0,0.0,0.0,0.003380854073559163,0.0,0.0,0.057681834670752344,0.040505261795664174,0.0,0.0,0.0,5.300396058102986e-07,0.13695671564264228,0.0011545210546749203,0.0005013654967155275,0.0,0.0,0.004678209887343617,0.0,3.2712758797748134e-06,0.0,0.0,0.0014989472424996248
2018-03-21 19:00:00,0.0,0.0,0.0,0.0033945096262649917,0.0,0.0,0.056998191916753885,0.04080155527425141,0.0,0.0,0.0,5.321804801621157e-07,0.1290734143604335,0.0011521614451721423,0.00040868296406721934,0.0,0.0,0.00469710556881806,0.0,1.6422443165261472e-07,0.0,0.0,0.0011106597964413696
2018-03-21 20:00:00,0.0,0.0,0.0,0.004015926857199621,0.0,0.0,0.06527163866710341,0.04838864105465887,0.0,0.0,0.0,6.296043076808145e-07,0.044434519860539146,0.0013156365207747135,0.00019585277228712498,0.0,0.0,0.005556983034887937,0.0,0.0,0.0,0.0,0.0009260350858920749
2018-03-21 21:00:00,0.0,0.0,0.0,0.004131332430223261,0.0,0.0,0.06796979593142378,0.04976572572975351,0.0,0.0,0.0,6.476972283165066e-07,0.05692127233025899,0.0013102579913445783,0.00014448364275891214,0.0,0.0,0.0057166738943651655,0.0,0.0,0.0,0.0,0.0007608867716575471
2018-03-21 22:00:00,0.0,0.0,0.0,0.004483354889779857,0.0,0.0,0.09411267756532958,0.05396235163121887,0.0,0.0,0.0,7.0288619584959e-07,0.006079048038965529,0.001389254988265173,0.00011571198697970451,0.0,0.0,0.0062037800855918685,0.0,0.0,0.0,0.0,0.0006344996927596634
2018-03-21 23:00:00,0.0,0.0,0.0,0.0042844946631581185,0.0,0.0,0.09625617335217634,0.05222443024258595,0.0,0.0,0.0,6.804330188863173e-07,0.0,0.001313448844879645,9.53778997348879e-05,0.0,0.0,0.006005604942979125,0.0,0.0,0.0,0.0,0.00046810399576687964
2018-03-22 00:00:00,0.0,0.0,0.0,0.004274232691064511,0.0,0.0,0.10356123570559886,0.05215575526058764,0.0,0.0,0.0,6.788032853470453e-07,0.0,0.0012922107303352116,9.532697785430201e-05,0.0,0.0,0.0059912206677785905,0.0,0.0,0.0,0.0,0.0002708618882360925
2018-03-22 01:00:00,0.0,0.0,0.0,0.004471015828161533,0.0,0.0,0.11457803289188849,0.05458648329569063,0.0,0.0,0.0,7.100549858549764e-07,0.0,0.0013293259577193883,5.932810155320505e-05,0.0,0.0,0.006267052912595462,0.0,0.0,0.0,0.0,0.0002505053139074005
2018-03-22 02:00:00,0.0,0.0,0.0,0.004352079176563568,0.0,0.0,0.1181254137565191,0.053091309494095386,0.0,0.0,0.0,6.911663113984697e-07,0.0,0.00127380177933826,5.2417723666798364e-05,0.0,0.0,0.006100338609300794,0.0,0.0,0.0,0.0,0.00028230924542902493
2018-03-22 03:00:00,0.0,0.0,0.0,0.004341675516681298,0.0,0.0,0.12017493131407932,0.05299304455065989,0.0,0.0,0.0,6.89514076010705e-07,0.0,0.001259622453389523,5.851341496302566e-05,0.0,0.0,0.0060857557293753535,0.0,0.0,0.0,0.0,0.00027943223077619506
2018-03-22 04:00:00,0.0,0.0,0.0,0.004061665706877256,0.0,0.0,0.12529448098717433,0.049575338121758045,0.0,0.0,0.0,6.450449063228359e-07,0.0,0.0011569362415238614,6.190897601442186e-05,0.0,0.0,0.005693264098494836,0.0,0.0,0.0,0.0,0.0002951801520876295
2018-03-22 05:00:00,0.0,0.0,0.0,0.0035853702014587434,0.0,0.0,0.1349785801312535,0.048390961877990496,0.0,0.0,0.0,5.712577692681459e-07,0.0,0.0010324296114196422,8.814176212468669e-05,0.0,0.0,0.0050420076445543485,0.0,0.00014199612170349345,0.0,0.0,0.0003044549162307731
2018-03-22 06:00:00,0.0,0.0,0.0,0.003413255731806075,0.0,0.0,0.136630341877741,0.053757152420329475,0.0,0.0,0.0,5.492015256848881e-07,0.011782931850565509,0.0010742444714182224,0.00011410987175063762,0.0,0.0,0.004847335896108092,0.0,0.001135749591353801,0.0,0.0,0.00037206581193514
2018-03-22 07:00:00,0.0,0.0,0.0,0.0031581593555408296,0.0,0.0,0.1327821106580169,0.0496128067249101,0.0,0.0,0.0,5.081558701437408e-07,0.01849347538580165,0.001004987979136357,0.00013176111746844493,0.0,0.0,0.00448506071991339,0.0,0.002573342535805595,0.0,0.0,0.0002573311479458833
2018-03-22 08:00:00,0.0,0.0,0.0,0.0031982714873835232,0.0,0.0,0.12608372254261221,0.05012532893070575,0.0,0.0,0.0,5.146100141450823e-07,0.0008142767011546122,0.0009982730284413723,0.00013107950547016291,0.0,0.0,0.004542025972982086,0.0,0.004326836264790006,0.0,0.0,0.00016451588702286595
2018-03-22 09:00:00,0.0,0.0,0.0,0.0031709369346848842,0.0,0.0,0.1277194636530468,0.049739330680571174,0.0,0.0,0.0,5.102118151158923e-07,0.0005114681140842036,0.000980527723101721,0.00010861067726964485,0.0,0.0,0.004503206801812025,0.0,0.0057053406207860455,0.0,0.0,0.00011926825466057706
2018-03-22 10:00:00,0.0,0.0,0.0,0.003151103908068704,0.0,0.0,0.12613657987586552,0.049765334226452684,0.0,0.0,0.0,5.070206307065157e-07,0.0026061247622135224,0.0009712695275358841,0.00010647282821975319,0.0,0.0,0.004475040924597133,0.0,0.006552640456266594,0.0,0.0,0.00010519912872277345
2018-03-22 11:00:00,0.0,0.0,0.0,0.003253973140799015,0.0,0.0,0.11738139815436899,0.0427233318216701,0.0,0.0,0.0,5.167729082749832e-07,0.0,0.0009880221636910226,8.304609212246946e-05,0.0,0.0,0.004561116004354951,0.0,0.006870359497256817,0.0,0.0,0.00010974345042394201
2018-03-22 12:00:00,0.0,0.0,0.0,0.0033585250638316676,0.0,0.0,0.11867850803641507,0.04600219112990826,0.0,0.0,0.0,5.333771022844209e-07,0.00018871427194369704,0.001025648790286864,0.0001301408452011944,0.0,0.0,0.00470766713701526,0.0,0.006677457042889583,0.0,0.0,0.00010444776539208177
2018-03-22 13:00:00,0.0,0.0,0.0,0.0034531802924237533,0.0,0.0,0.11588006300962213,0.05355429372943493,0.0,0.0,0.0,5.484095735576638e-07,0.011798279113562784,0.0010369865023936425,0.00022021781761435963,0.0,0.0,0.004840346006614419,0.0,0.005890138571244276,0.0,0.0,9.963845331753143e-05
2018-03-22 14:00:00,0.0,0.0,0.0,0.0035613831123311223,0.0,0.0,0.12126033115436748,0.05523237744037987,0.0,0.0,0.0,5.655935770843048e-07,0.02432482066209843,0.0010692341795513602,0.00026838548945062396,0.0,0.0,0.0049920146259425585,0.0,0.0046140447088781214,0.0,0.0,0.00010992360039043993
2018-03-22 15:00:00,0.0,0.0,0.0,0.0035100915677192444,0.0,0.0,0.13966302771403782,0.051946713700659834,0.0,0.0,0.0,5.574478181821622e-07,0.04634922449877875,0.0010653533202523687,0.00041175929835602813,0.0,0.0,0.004920118923398475,0.0,0.002868346046854142,0.0,0.0,0.00012114675908811349
2018-03-22 16:00:00,0.0,0.0,0.0,0.0032962172898525553,0.0,0.0,0.1376621350465667,0.04497472656044593,0.0,0.0,0.0,5.2348182405867e-07,0.10025694581736641,0.0010459330778551125,0.000499406303277036,0.0,0.0,0.00462032991178479,0.0,0.0012478167811495811,0.0,0.0,0.00015768699853173623
2018-03-22 17:00:00,0.0,0.0,0.0,0.0030925585158548857,0.0,0.0,0.13084847906139951,0.04644104161069126,0.0,0.0,0.0,4.911381837209842e-07,0.12740698988228327,0.0010269766066757565,0.0005551831787340703,0.0,0.0,0.004334860040549166,0.0,0.0003328494515490021,0.0,0.0,0.0002706690269859807
2018-03-22 18:00:00,0.0,0.0,0.0,0.0030694886004295034,0.0,0.0,0.13391728710105422,0.0459528022626033,0.0,0.0,0.0,4.874743835689323e-07,0.13152056633151266,0.0010059842492633887,0.0007388865389331547,0.0,0.0,0.004302522785165432,0.0,6.167575838786221e-06,0.0,0.0,0.0004542554822725578
2018-03-22 19:00:00,0.0,0.0,0.0,0.003157011095962139,0.0,0.0,0.1386308460531575,0.04713807862536403,0.0,0.0,0.0,5.013740848260785e-07,0.1288304184601724,0.0010194772410229921,0.0004764796919521216,0.0,0.0,0.0044252036549334494,0.0,2.8364958395497665e-07,0.0,0.0,0.0006545019503449566
2018-03-22 20:00:00,0.0,0.0,0.0,0.003581244984743643,0.0,0.0,0.15879717459989523,0.0482847052359503,0.0,0.0,0.0,5.687478986248584e-07,0.08732772380347081,0.0011094653186357935,0.00022488950308031862,0.0,0.0,0.005019855145890722,0.0,0.0,0.0,0.0,0.0006454165055752624
2018-03-22 21:00:00,0.0,0.0,0.0,0.0038025429702064064,0.0,0.0,0.1687692493502874,0.04921062920108458,0.0,0.0,0.0,6.038928732741899e-07,0.06771945243454956,0.0011242312688244604,0.00017316740298072898,0.0,0.0,0.00533005001829765,0.0,0.0,0.0,0.0,0.0005428867444562818
2018-03-22 22:00:00,0.0,0.0,0.0,0.004135953823697689,0.0,0.0,0.15630745840104063,0.054726445137059015,0.0,0.0,0.0,6.568428175281325e-07,0.04607284688385023,0.001196630212602016,0.0001475544203041842,0.0,0.0,0.005797394250743071,0.0,0.0,0.0,0.0,0.0007008432173662534
2018-03-22 23:00:00,0.0,0.0,0.0,0.004458441828428089,0.0,0.0,0.11392946927766578,0.05520459332470522,0.0,0.0,0.0,7.012279303247984e-07,0.011068088196625733,0.0012826651924320689,0.00014276291655277598,0.0,0.0,0.006189143982763172,0.0,0.0,0.0,0.0,0.0012607261431513985
2018-03-23 00:00:00,0.0,0.0,0.0,0.004618803599377769,0.0,0.0,0.09188512148377762,0.055923633135017914,0.0,0.0,0.0,7.241214160279078e-07,0.0006333871803308145,0.0013137282080888525,0.0001246048374944902,0.0,0.0,0.00639120535704164,0.0,0.0,0.0,0.0,0.0023711842402896746
2018-03-23 01:00:00,0.0,0.0,0.0,0.004469258477472052,0.0,0.0,0.08492840120603135,0.05414208183138789,0.0,0.0,0.0,7.00676204924101e-07,0.0,0.0012641974204370791,0.00010023105434428895,0.0,0.0,0.006184274370763716,0.0,0.0,0.0,0.0,0.002917616677164539
2018-03-23 02:00:00,0.0,0.0,0.0,0.004435493477030551,0.0,0.0,0.08433048450727758,0.05364635101699331,0.0,0.0,0.0,6.953826349755592e-07,0.0,0.00124420213000705,0.00011147613627392228,0.0,0.0,0.006137552520167748,0.0,0.0,0.0,0.0,0.0029907655269323127
2018-03-23 03:00:00,0.0,0.0,0.0,0.004583646600320428,0.0,0.0,0.0886921793425123,0.05573684849089435,0.0,0.0,0.0,7.186096129401723e-07,0.0,0.0012862599138335276,7.11306023166307e-05,0.0,0.0,0.006342557347686345,0.0,0.0,0.0,0.0,0.0029237962148021455
2018-03-23 04:00:00,0.0,0.0,0.0,0.004284393420408267,0.0,0.0,0.09345711480468646,0.056296740505049236,0.0,0.0,0.0,6.760271535205224e-07,0.010829779985665729,0.0012421443653155833,6.74460153943299e-05,0.0,0.0,0.0059667181075603705,0.0,0.0,0.0,0.0,0.0024783608576362686
2018-03-23 05:00:00,0.0,0.0,0.0,0.0038954595529217843,0.0,0.0,0.09354385731676199,0.051634232848374546,0.0,0.0,0.0,6.186492251551424e-07,0.0699761366506383,0.0012631504143619718,0.00012756860369134146,0.0,0.0,0.005460291816295103,0.0,0.00019065309092136014,0.0,0.0,0.0017914024854346429
2018-03-23 06:00:00,0.0,0.0,0.0,0.0034552779164444113,0.0,0.0,0.08435331622008459,0.048832418184602704,0.0,0.0,0.0,5.487427033097296e-07,0.13381303204067593,0.0011878278523945428,0.0003563223637377619,0.0,0.0,0.0048432862602913115,0.0,0.0008231108300482279,0.0,0.0,0.0013117385606305403
2018-03-23 07:00:00,0.0,0.0,0.0,0.0032453952489540777,0.0,0.0,0.07902859929837916,0.05058883333912972,0.0,0.0,0.0,5.154106284024185e-07,0.141261251024875,0.0011223433187124072,0.0004034876429109835,0.0,0.0,0.004549092315748854,0.0,0.0014072961927081443,0.0,0.0,0.001404725655157148
2018-03-23 08:00:00,0.0,0.0,0.0,0.003168902691242329,0.0,0.0,0.07681161060696837,0.04974154270278677,0.0,0.0,0.0,5.032626235481479e-07,0.1351570318674259,0.0010896858888702736,0.00036647091786327966,0.0,0.0,0.00444187218389877,0.0,0.0018754892479633807,0.0,0.0,0.0016141628815969026
2018-03-23 09:00:00,0.0,0.0,0.0,0.0033233655113044445,0.0,0.0,0.08024866980059837,0.05211752290025217,0.0,0.0,0.0,5.26085242844175e-07,0.09409608177115293,0.0011407923113568633,0.0003264761503378145,0.0,0.0,0.004643308080528665,0.0,0.002504743962191207,0.0,0.0,0.0019819991006793207
2018-03-23 10:00:00,0.0,0.0,0.0,0.003408026570548355,0.0,0.0,0.083389261107376,0.05349746459078371,0.0,0.0,0.0,5.342996239239674e-07,0.06356492681385251,0.0011434827775373673,0.0002733772085019892,0.0,0.0,0.004715809452812242,0.0,0.0031871266751334246,0.0,0.0,0.002337129091163078
2018-03-23 11:00:00,0.0,0.0,0.0,0.003333209271138567,0.0,0.0,0.08400259006552607,0.05272475516870961,0.0,0.0,0.0,5.225700044183235e-07,0.05182586533622732,0.0011232340110219991,0.00028411656246712355,0.0,0.0,0.0046122820534546145,0.0,0.003484076003424811,0.0,0.0,0.0024908693807389913
2018-03-23 12:00:00,0.0,0.0,0.0,0.0034191627759304617,0.0,0.0,0.09090650125555302,0.05273671418727354,0.0,0.0,0.0,5.360455229727069e-07,0.03488660809975743,0.0010950962090046016,0.0002788965919590151,0.0,0.0,0.004731219022403991,0.0,0.0035878150578360383,0.0,0.0,0.0023526452815836596
2018-03-23 13:00:00,0.0,0.0,0.0,0.003373694283743897,0.0,0.0,0.10660111243859825,0.051881558108446614,0.0,0.0,0.0,5.289171166141373e-07,0.027561017327683655,0.001061890079819324,0.00031661466676632905,0.0,0.0,0.0046683026275872634,0.0,0.0032786567710640954,0.0,0.0,0.0019974776978645675
2018-03-23 14:00:00,0.0,0.0,0.0,0.0033829131621905748,0.0,0.0,0.12259521054184451,0.05206740936659709,0.0,0.0,0.0,5.303624232116934e-07,0.03837915676281373,0.0010652983164397309,0.0003038180746086617,0.0,0.0,0.004681059122650672,0.0,0.0027593922459187917,0.0,0.0,0.0018421219742352304
2018-03-23 15:00:00,0.0,0.0,0.0,0.0034505085554237393,0.0,0.0,0.12596298350265658,0.05300662946401107,0.0,0.0,0.0,5.409598151145571e-07,0.03964046854437846,0.0011046660462391798,0.0003194379762657472,0.0,0.0,0.004774593309599288,0.0,0.0018616995438482714,0.0,0.0,0.0021043930771731446
2018-03-23 16:00:00,0.0,0.0,0.0,0.0034468622680924655,0.0,0.0,0.12126437407713013,0.053253769049572595,0.0,0.0,0.0,5.403881617223403e-07,0.05624315509643592,0.0011530883262197773,0.00037117679614004817,0.0,0.0,0.004769547810126635,0.0,0.000862412754282561,0.0,0.0,0.00235587328456792
2018-03-23 17:00:00,0.0,0.0,0.0,0.0032371781057334782,0.0,0.0,0.11079286213079532,0.050256697330427896,0.0,0.0,0.0,5.075145421152044e-07,0.09324849890904381,0.0011136970129546706,0.00041509108551968365,0.0,0.0,0.004479400261541524,0.0,0.00025219886177961466,0.0,0.0,0.0022099510965544935
2018-03-23 18:00:00,0.0,0.0,0.0,0.0032639349018145115,0.0,0.0,0.11028040965775138,0.050597670493029885,0.0,0.0,0.0,5.117093879556246e-07,0.1066372776220399,0.0011048653926176708,0.0005609734002033715,0.0,0.0,0.004516424606649726,0.0,3.7897754656605908e-06,0.0,0.0,0.0020132642647295042
2018-03-23 19:00:00,0.0,0.0,0.0,0.0034202895355014327,0.0,0.0,0.11545538907763447,0.04612501494319841,0.0,0.0,0.0,5.362221727735698e-07,0.08964312146818325,0.0011232030756661404,0.00043324203005646873,0.0,0.0,0.0047327781603173375,0.0,1.9305026218351966e-07,0.0,0.0,0.001998528063214115
2018-03-23 20:00:00,0.0,0.0,0.0,0.0038549854804023355,0.0,0.0,0.1299694344586093,0.04667546240240305,0.0,0.0,0.0,6.043724277888807e-07,0.034831045598674455,0.0011638996429998887,0.0002437174388166047,0.0,0.0,0.005334282639119856,0.0,0.0,0.0,0.0,0.0021816431862434426
2018-03-23 21:00:00,0.0,0.0,0.0,0.003975632313908205,0.0,0.0,0.1211544090211934,0.04814917942797555,0.0,0.0,0.0,6.232870566614576e-07,0.03484913074054731,0.0011537885848401552,0.00021646305859946926,0.0,0.0,0.005501226020024102,0.0,0.0,0.0,0.0,0.0021467802370770217
2018-03-23 22:00:00,0.0,0.0,0.0,0.004554483508345622,0.0,0.0,0.10569600640808409,0.04984845683268666,0.0,0.0,0.0,7.140375156422068e-07,0.014849252603799889,0.0012931399677311077,0.00014630447834627585,0.0,0.0,0.006302203324042131,0.0,0.0,0.0,0.0,0.001859402093921719
2018-03-23 23:00:00,0.0,0.0,0.0,0.004816544039615944,0.0,0.0,0.08854681044420927,0.04579762203440806,0.0,0.0,0.0,7.551225366667108e-07,0.0,0.001327686504307803,0.00017239683492621286,0.0,0.0,0.0066648259459587,0.0,0.0,0.0,0.0,0.0016270298380086047
2018-03-24 00:00:00,0.0,0.0,0.0,0.004917875750467077,0.0,0.0,0.0859895197545422,0.02438178531697321,0.0,0.0,0.0,7.710090017157852e-07,0.0,0.0013322575887876934,0.00014880359571994503,0.0,0.0,0.0068050422940444276,0.0,0.0,0.0,0.0,0.0016494868301581101
2018-03-24 01:00:00,0.0,0.0,0.0,0.004935902141480235,0.0,0.0,0.08641173391640139,0.024503312430396326,0.0,0.0,0.0,7.738351222696185e-07,0.0,0.0013368050422005965,0.0001223326392074851,0.0,0.0,0.006829986062345584,0.0,0.0,0.0,0.0,0.0014207377010839123
2018-03-24 02:00:00,0.0,0.0,0.0,0.005067279569653514,0.0,0.0,0.08959065519918942,0.02512249777694002,0.0,0.0,0.0,7.944320598262957e-07,0.0,0.001377283310532835,0.0001214336029018052,0.0,0.0,0.007011777754646276,0.0,0.0,0.0,0.0,0.0010361067309020294
2018-03-24 03:00:00,0.0,0.0,0.0,0.005270839425063382,0.0,0.0,0.09366753278870715,0.026028690035139867,0.0,0.0,0.0,8.263455299651184e-07,0.0,0.0014463134017099447,0.00020605350422617474,0.0,0.0,0.007293450878515287,0.0,0.0,0.0,0.0,0.0007542830053212519
2018-03-24 04:00:00,0.0,0.0,0.0,0.0053241697171392275,0.0,0.0,0.09534985034367474,0.026326733567077966,0.0,0.0,0.0,8.347064844383385e-07,0.0,0.0014481204508622657,0.00017877850224168998,0.0,0.0,0.0073672459297821685,0.0,1.9404381574405478e-05,0.0,0.0,0.000602930966530081
2018-03-24 05:00:00,0.0,0.0,0.0,0.005125970458783459,0.0,0.0,0.09241939705286573,0.025642035811563747,0.0,0.0,0.0,8.140702295614904e-07,0.0,0.001442497529951825,0.00017169745199642207,0.0,0.0,0.007185107216855184,0.0,0.0005522062592113763,0.0,0.0,0.00042027145833395445
2018-03-24 06:00:00,0.0,0.0,0.0,0.004629003150690645,0.0,0.0,0.06530923054317819,0.0226480443766657,0.0,0.0,0.0,7.257204694149199e-07,0.01458581074520118,0.0014085546226028812,0.0001861812624383603,0.0,0.0,0.00640531884456881,0.0,0.0020892531272084613,0.0,0.0,0.00023424351305364061
2018-03-24 07:00:00,0.0,0.0,0.0,0.004253213719608108,0.0,0.0,0.05147317781753178,0.020920278439412292,0.0,0.0,0.0,6.668053912764021e-07,0.03234760424422132,0.0013032369167554107,0.00015920895506381654,0.0,0.0,0.005885325436453796,0.0,0.0036710046348333272,0.0,0.0,0.00010200725115499249
2018-03-24 08:00:00,0.0,0.0,0.0,0.004065649356229591,0.0,0.0,0.04947570214740914,0.020209602804978796,0.0,0.0,0.0,6.373996437741005e-07,0.028384011458441976,0.0012406184484354268,0.00011084881610285965,0.0,0.0,0.005625785852615165,0.0,0.004631122353949145,0.0,0.0,9.580161362046436e-05
2018-03-24 09:00:00,0.0,0.0,0.0,0.003929078550051671,0.0,0.0,0.04910705069790006,0.019543531663956264,0.0,0.0,0.0,6.159885048438911e-07,0.0,0.0012264326070303944,0.00010253417077424754,0.0,0.0,0.005436807895601056,0.0,0.005234255729742007,0.0,0.0,0.00017339139136188136
2018-03-24 10:00:00,0.0,0.0,0.0,0.0037701958207484185,0.0,0.0,0.050859176985997775,0.01870411339663456,0.0,0.0,0.0,5.910793731932296e-07,0.0,0.0011522065591399342,4.9464472244769324e-05,0.0,0.0,0.005216956124722306,0.0,0.005823360469512872,0.0,0.0,0.0002324084291922434
2018-03-24 11:00:00,0.0,0.0,0.0,0.003565666291236652,0.0,0.0,0.06496045328235096,0.01770104687093786,0.0,0.0,0.0,5.590138806164216e-07,0.0,0.0010422357472763537,3.581675807788631e-05,0.0,0.0,0.004933941227776935,0.0,0.005742572973645082,0.0,0.0,0.0002937464662295399
2018-03-24 12:00:00,0.0,0.0,0.0,0.0036699968811920104,0.0,0.0,0.0677219947330059,0.01814724834411633,0.0,0.0,0.0,5.753705004440495e-07,0.0,0.001053549593616789,2.7535708825987373e-05,0.0,0.0,0.005078307233189212,0.0,0.005696826359221469,0.0,0.0,0.0003974254965546243
2018-03-24 13:00:00,0.0,0.0,0.0,0.0036732461224721533,0.0,0.0,0.06668145429345701,0.018151349034367794,0.0,0.0,0.0,5.758799062124847e-07,0.0,0.0010468827466881326,3.990941818793247e-05,0.0,0.0,0.005082803325700865,0.0,0.005078879722846306,0.0,0.0,0.0005361013070567272
2018-03-24 14:00:00,0.0,0.0,0.0,0.003827189334960547,0.0,0.0,0.069206069915773,0.019183785908327762,0.0,0.0,0.0,6.058400208597794e-07,0.0,0.0010905116692417588,7.59703582771364e-05,0.0,0.0,0.005347235837974458,0.0,0.004462083259942346,0.0,0.0,0.0008357557488346357
2018-03-24 15:00:00,0.0,0.0,0.0,0.004178163040694859,0.0,0.0,0.0744140875151248,0.020767399938290434,0.0,0.0,0.0,6.571454185865193e-07,0.0037782025741941723,0.0011752733959249624,9.950333958375131e-05,0.0,0.0,0.005800065053542991,0.0,0.0031797693202861898,0.0,0.0,0.0014373520157808736
2018-03-24 16:00:00,0.0,0.0,0.0,0.004187807821928296,0.0,0.0,0.07396710364873849,0.020762263311206938,0.0,0.0,0.0,6.565512615595935e-07,0.023010066587961134,0.0012428394874951913,0.00014208042252889137,0.0,0.0,0.005794820933580012,0.0,0.0014071168752249846,0.0,0.0,0.0020575377119419784
2018-03-24 17:00:00,0.0,0.0,0.0,0.0038124475300135453,0.0,0.0,0.06655579877625895,0.019484986492607707,0.0,0.0,0.0,5.977034625021547e-07,0.06321298260002246,0.001146905240654675,0.00019984077085294266,0.0,0.0,0.0052754213408306135,0.0,0.00036243252796725416,0.0,0.0,0.00257565850852174
2018-03-24 18:00:00,0.0,0.0,0.0,0.0038178531673919666,0.0,0.0,0.06491186201595847,0.018977853061159244,0.0,0.0,0.0,5.985509412287935e-07,0.06842635124653802,0.001123276491594759,0.00021843818823100733,0.0,0.0,0.005282901316505665,0.0,7.63449628444144e-06,0.0,0.0,0.0028688546852831797
2018-03-24 19:00:00,0.0,0.0,0.0,0.004012039454375079,0.0,0.0,0.06879073381793678,0.01987777332258372,0.0,0.0,0.0,6.289948529643684e-07,0.03984170379445759,0.0011759313838162768,0.0001405583791853268,0.0,0.0,0.005551603895198919,0.0,4.2055036462971716e-07,0.0,0.0,0.003124165900627629
2018-03-24 20:00:00,0.0,0.0,0.0,0.004357272680721906,0.0,0.0,0.07393717676384869,0.021645014942758126,0.0,0.0,0.0,6.831194259935888e-07,0.004666049365916973,0.0012609287399122878,0.00014095200066124966,0.0,0.0,0.006029315579227627,0.0,0.0,0.0,0.0,0.00303489273253835
2018-03-24 21:00:00,0.0,0.0,0.0,0.00475601627634354,0.0,0.0,0.07766605553614368,0.02361030454067047,0.0,0.0,0.0,7.456331854295812e-07,0.0,0.0012988319209519465,0.00012011673739901205,0.0,0.0,0.006581071493847239,0.0,0.0,0.0,0.0,0.002999995351084479
2018-03-24 22:00:00,0.0,0.0,0.0,0.005000774437342871,0.0,0.0,0.0819621077491281,0.02469733319730111,0.0,0.0,0.0,7.815007853721338e-07,0.0,0.0013204655541854814,9.809982971948887e-05,0.0,0.0,0.006897644366604581,0.0,0.0,0.0,0.0,0.0032916882866838634
2018-03-24 23:00:00,0.0,0.0,0.0,0.00516539783998048,0.0,0.0,0.08363859878446435,0.025642598550865703,0.0,0.0,0.0,8.098147318361952e-07,0.0,0.0013157873445887938,8.238210576514161e-05,0.0,0.0,0.0071475475490194,0.0,0.0,0.0,0.0,0.003429535877290204
2018-03-25 00:00:00,0.0,0.0,0.0,0.005238999705848452,0.0,0.0,0.08460319393708188,0.025973849805284513,0.0,0.0,0.0,8.213537995163605e-07,0.0,0.0013097920596114602,5.9391326793618046e-05,0.0,0.0,0.007249393109087597,0.0,0.0,0.0,0.0,0.003604416155468112
2018-03-25 01:00:00,0.0,0.0,0.0,0.0049233429795075235,0.0,0.0,0.081106909990502,0.024392854768480368,0.0,0.0,0.0,7.718661365883418e-07,0.0,0.001223772008407895,0.00012858165069560767,0.0,0.0,0.006812607496326719,0.0,0.0,0.0,0.0,0.003526026405350825
2018-03-25 02:00:00,0.0,0.0,0.0,0.004977450788591215,0.0,0.0,0.08198847101632926,0.024579865424347536,0.0,0.0,0.0,7.803489877182598e-07,0.0,0.0012311239734233658,0.00012632145764365253,0.0,0.0,0.006887478425958814,0.0,0.0,0.0,0.0,0.003684442221432276
2018-03-25 03:00:00,0.0,0.0,0.0,0.005195122420348893,0.0,0.0,0.08600402640106986,0.025756315526334873,0.0,0.0,0.0,8.14474857508157e-07,0.0,0.0012911855469470563,0.0001227932807490552,0.0,0.0,0.007188678524433033,0.0,0.0,0.0,0.0,0.0038049456621716033
2018-03-25 04:00:00,0.0,0.0,0.0,0.005166676712935609,0.0,0.0,0.08501374068497787,0.02556479717053951,0.0,0.0,0.0,8.100152294921926e-07,0.0,0.0012872802852489332,0.00012614572639997552,0.0,0.0,0.00714931717171626,0.0,1.9246986201913145e-05,0.0,0.0,0.003756646063419634
2018-03-25 05:00:00,0.0,0.0,0.0,0.005157925576941234,0.0,0.0,0.061781680976077405,0.025555101488692777,0.0,0.0,0.0,8.086432540765346e-07,0.0,0.0013839484100636068,0.000167486470300269,0.0,0.0,0.00713720790877748,0.0,0.0007348047648303192,0.0,0.0,0.00372513420208416
2018-03-25 06:00:00,0.0,0.0,0.0,0.004877824384210323,0.0,0.0,0.056128791473564886,0.024199109210467473,0.0,0.0,0.0,7.647298752225954e-07,0.0,0.0013058054225375097,0.0001509915369419886,0.0,0.0,0.006749621772026238,0.0,0.0022485173349990695,0.0,0.0,0.0032739158198948856
2018-03-25 07:00:00,0.0,0.0,0.0,0.004428982080739866,0.0,0.0,0.044277040275743626,0.021929100514957625,0.0,0.0,0.0,6.943617988648909e-07,0.0,0.0012033121710420007,8.234944825926576e-05,0.0,0.0,0.0061285424659492825,0.0,0.0037680378676616497,0.0,0.0,0.0027767029940055157
2018-03-25 08:00:00,0.0,0.0,0.0,0.0037505317160222962,0.0,0.0,0.034751895947124696,0.01858212516054743,0.0,0.0,0.0,5.879964970646322e-07,0.0,0.0010069361928204633,9.141641810982192e-05,0.0,0.0,0.005189746192807481,0.0,0.0042546668725775725,0.0,0.0,0.002707371960025476
2018-03-25 09:00:00,0.0,0.0,0.0,0.0036342152160015193,0.0,0.0,0.0333661055433001,0.018017668539879395,0.0,0.0,0.0,5.697607641761843e-07,0.0,0.0009574054932530024,6.742310045781872e-05,0.0,0.0,0.005028794850744512,0.0,0.004981338227986359,0.0,0.0,0.0029554139628650868
2018-03-25 10:00:00,0.0,0.0,0.0,0.0035209489291775234,0.0,0.0,0.03139624789259416,0.01749052624636501,0.0,0.0,0.0,5.520032340629178e-07,0.0,0.0009063840541319183,4.8937179743146896e-05,0.0,0.0,0.004872064198845986,0.0,0.005781106628087767,0.0,0.0,0.003096991661006398
2018-03-25 11:00:00,0.0,0.0,0.0,0.0035746352548817013,0.0,0.0,0.03269931932708346,0.01768735114022401,0.0,0.0,0.0,5.604200063620217e-07,0.0,0.0009149009517425796,4.067000403879193e-05,0.0,0.0,0.004946351906703199,0.0,0.006234098598568181,0.0,0.0,0.002973749255408365
2018-03-25 12:00:00,0.0,0.0,0.0,0.0036679776611587733,0.0,0.0,0.03369054238487965,0.018232849204265662,0.0,0.0,0.0,5.750539335153459e-07,0.0,0.0009440832835222494,4.842415575762074e-05,0.0,0.0,0.005075513165501377,0.0,0.006223778940395422,0.0,0.0,0.002846279437363654
2018-03-25 13:00:00,0.0,0.0,0.0,0.0037706214851954078,0.0,0.0,0.037405482547447154,0.018878179178692504,0.0,0.0,0.0,5.911461075185748e-07,0.0,0.0009731197063318545,6.500674547385843e-05,0.0,0.0,0.005217545131991259,0.0,0.005742384836413573,0.0,0.0,0.0025957652857726476
2018-03-25 14:00:00,0.0,0.0,0.0,0.0038519390400766906,0.0,0.0,0.057970569789939544,0.019282505809054315,0.0,0.0,0.0,6.097578729834953e-07,0.0,0.0010563250774609776,5.8203336104880884e-05,0.0,0.0,0.0053818153945611735,0.0,0.0048304176978821,0.0,0.0,0.002241008568540321
2018-03-25 15:00:00,0.0,0.0,0.0,0.00441084209784769,0.0,0.0,0.0718554598106526,0.021868019965037965,0.0,0.0,0.0,6.915178697356302e-07,0.0,0.0012934210615937454,0.00011221289971214311,0.0,0.0,0.00610344151646255,0.0,0.0034833727795002996,0.0,0.0,0.002020729863030489
2018-03-25 16:00:00,0.0,0.0,0.0,0.004391201771553243,0.0,0.0,0.08207758507051688,0.021799254901964268,0.0,0.0,0.0,6.884387215143244e-07,0.04229437974907637,0.0012974639881473248,0.00017985742924827276,0.0,0.0,0.006076264487622437,0.0,0.0014632068899771227,0.0,0.0,0.001600660479815164
2018-03-25 17:00:00,0.0,0.0,0.0,0.004419286362527012,0.0,0.0,0.08525054062493298,0.021866698029252597,0.0,0.0,0.0,6.928417348373479e-07,0.046371275450517266,0.0012558366244095618,0.0002449674151587933,0.0,0.0,0.006115126150479468,0.0,0.00024583728886776337,0.0,0.0,0.0012154733360994758
2018-03-25 18:00:00,0.0,0.0,0.0,0.00462781795385169,0.0,0.0,0.09184552944956384,0.0229889649107038,0.0,0.0,0.0,7.255346580040576e-07,0.043853187701142056,0.0013237249598637786,0.00022085576819277163,0.0,0.0,0.0064036788448971855,0.0,4.850975545143106e-07,0.0,0.0,0.001118503655492933
2018-03-25 19:00:00,0.0,0.0,0.0,0.004902470782661298,0.0,0.0,0.09609818949066051,0.024353319409323296,0.0,0.0,0.0,7.685938595991367e-07,0.022495180130787325,0.001403486834066622,0.00016401541172770675,0.0,0.0,0.006783725883712841,0.0,0.0,0.0,0.0,0.0012841063283463116
2018-03-25 20:00:00,0.0,0.0,0.0,0.0049629021007411055,0.0,0.0,0.09713603249327972,0.02465351562808078,0.0,0.0,0.0,7.780680904640901e-07,0.031000538049043052,0.0013779601635008926,0.0001789579797921752,0.0,0.0,0.006867346881128011,0.0,0.0,0.0,0.0,0.0013098607814156509
2018-03-25 21:00:00,0.0,0.0,0.0,0.0054529031628331275,0.0,0.0,0.10011658987279548,0.02705210125617608,0.0,0.0,0.0,8.548889067865365e-07,0.014442867662902207,0.001490556631130429,0.0001719228600836216,0.0,0.0,0.007545379048033857,0.0,0.0,0.0,0.0,0.0013967528275907115
2018-03-25 22:00:00,0.0,0.0,0.0,0.0055723764808782595,0.0,0.0,0.09738959706373267,0.0277174189342937,0.0,0.0,0.0,8.736195556177725e-07,0.0,0.0014404667497598081,6.545526189309287e-05,0.0,0.0,0.007710698593211411,0.0,0.0,0.0,0.0,0.0014551767497295812
2018-03-25 23:00:00,0.0,0.0,0.0,0.005698282717152644,0.0,0.0,0.09691698117141388,0.028269440415046823,0.0,0.0,0.0,8.933587370174826e-07,0.0,0.0014625431209482052,6.039264356036681e-05,0.0,0.0,0.00788491959967945,0.0,0.0,0.0,0.0,0.0015428174770513803
2018-03-26 00:00:00,0.0,0.0,0.0,0.005734984507445375,0.0,0.0,0.09724730391541711,0.028395475398826982,0.0,0.0,0.0,8.99112727587922e-07,0.0,0.0014704799986516625,8.358942514929122e-05,0.0,0.0,0.007935705192460129,0.0,0.0,0.0,0.0,0.0015019518459775975
2018-03-26 01:00:00,0.0,0.0,0.0,0.005792906695444631,0.0,0.0,0.098640536069507,0.028663392916789973,0.0,0.0,0.0,9.081935849768584e-07,0.0,0.0014854893033600146,6.044547948627324e-05,0.0,0.0,0.008015854215960993,0.0,0.0,0.0,0.0,0.0013302479709681606
2018-03-26 02:00:00,0.0,0.0,0.0,0.005736153072368951,0.0,0.0,0.09908741923198017,0.028326522262250714,0.0,0.0,0.0,8.992959314997086e-07,0.0,0.001478587235144934,6.914289362297767e-05,0.0,0.0,0.007937322177949747,0.0,0.0,0.0,0.0,0.0009497872805613072
2018-03-26 03:00:00,0.0,0.0,0.0,0.005511749681933061,0.0,0.0,0.1000454574193978,0.027272223617286043,0.0,0.0,0.0,8.641146778811762e-07,0.0,0.0014498516922414853,8.293446602286846e-05,0.0,0.0,0.007626807101862646,0.0,0.0,0.0,0.0,0.0007954948983548381
2018-03-26 04:00:00,0.0,0.0,0.0,0.005035662320172368,0.0,0.0,0.10370153570888743,0.02506416415614198,0.0,0.0,0.0,7.894752074785841e-07,0.057090804293051474,0.0014411373595330861,0.00020935052529960337,0.0,0.0,0.0069680278246241276,0.0,4.929294671652391e-05,0.0,0.0,0.0005814493168118855
2018-03-26 05:00:00,0.0,0.0,0.0,0.004170732047277746,0.0,0.0,0.09008220508178683,0.02020210182557397,0.0,0.0,0.0,6.538741756316717e-07,0.12379655222442772,0.0013279194505329615,0.00026872381184948646,0.0,0.0,0.005771192567473054,0.0,0.0006625368373208622,0.0,0.0,0.00037030789547521915
2018-03-26 06:00:00,0.0,0.0,0.0,0.0036466137622791117,0.0,0.0,0.0799191599823162,0.017663388994789593,0.0,0.0,0.0,5.717045690369123e-07,0.1480090562621553,0.0011523594187277427,0.0005593903922549236,0.0,0.0,0.005045951167025108,0.0,0.0017298381770600474,0.0,0.0,0.0001875831471404766
2018-03-26 07:00:00,0.0,0.0,0.0,0.003654617189020191,0.0,0.0,0.08876015736867354,0.01790023281449478,0.0,0.0,0.0,5.766558327094673e-07,0.11076951468554998,0.0011672958849057154,0.0005139417003793379,0.0,0.0,0.005089651770553372,0.0,0.0031118829481680656,0.0,0.0,6.779824226210356e-05
2018-03-26 08:00:00,0.0,0.0,0.0,0.0036854030690566092,0.0,0.0,0.09465129512115436,0.018618186904492788,0.0,0.0,0.0,5.852895459654216e-07,0.0890507660791099,0.001158654358529013,0.0004549013099113596,0.0,0.0,0.005165854232172722,0.0,0.004126922328105664,0.0,0.0,3.468139323272557e-05
2018-03-26 09:00:00,0.0,0.0,0.0,0.003786304106403952,0.0,0.0,0.09805161472725507,0.020102436766998077,0.0,0.0,0.0,6.013139322346782e-07,0.05579395423154935,0.0011975809539990334,0.00031254028302902593,0.0,0.0,0.005307287893849467,0.0,0.0050276677613452486,0.0,0.0,4.1436578346753485e-05
2018-03-26 10:00:00,0.0,0.0,0.0,0.003893802847870504,0.0,0.0,0.09603079092002625,0.026622012787317392,0.0,0.0,0.0,6.183861190228978e-07,0.04107807500163384,0.0012329779553539903,0.00021548872296136152,0.0,0.0,0.005457969601698693,0.0,0.006049516396866596,0.0,0.0,6.561848359004866e-05
2018-03-26 11:00:00,0.0,0.0,0.0,0.0037817399240026505,0.0,0.0,0.09214198599127461,0.03909572429071622,0.0,0.0,0.0,6.005890811952379e-07,0.03198633578053569,0.0011709528545727139,0.00012973437652677257,0.0,0.0,0.005300890248725616,0.0,0.005905714808422398,0.0,0.0,0.00010573021486995025
2018-03-26 12:00:00,0.0,0.0,0.0,0.0037252524519071984,0.0,0.0,0.09067830033746363,0.03771417549410344,0.0,0.0,0.0,5.859112145709582e-07,0.02666126126191646,0.0011050496357608466,0.00011407594950880822,0.0,0.0,0.005171341173497845,0.0,0.005227014683237666,0.0,0.0,0.00020180039153904676
2018-03-26 13:00:00,0.0,0.0,0.0,0.0038366102169638803,0.0,0.0,0.09526276118708833,0.04190073609076419,0.0,0.0,0.0,6.034256687505305e-07,0.018176997533793905,0.001104344537833035,0.00010312571188847414,0.0,0.0,0.005325926400367904,0.0,0.004659528730885195,0.0,0.0,0.0005280154949093866
2018-03-26 14:00:00,0.0,0.0,0.0,0.004050593095017218,0.0,0.0,0.0994232664132053,0.051946627023737674,0.0,0.0,0.0,6.350391707739801e-07,0.0013231353727777067,0.0011651783272613391,6.02843701452152e-05,0.0,0.0,0.005604951960191053,0.0,0.0037961107645213465,0.0,0.0,0.0010950960220321745
2018-03-26 15:00:00,0.0,0.0,0.0,0.004103808612482617,0.0,0.0,0.1008912358618827,0.05323063839171552,0.0,0.0,0.0,6.433821312468813e-07,0.007745919383870095,0.0012881788195047898,9.556853359581901e-05,0.0,0.0,0.005678588193684164,0.0,0.0024076272862844444,0.0,0.0,0.0009092656809039066
2018-03-26 16:00:00,0.0,0.0,0.0,0.00398716728338858,0.0,0.0,0.10258452630166649,0.05333660636561843,0.0,0.0,0.0,6.332135957058433e-07,0.02828472805773351,0.0013351081274249898,0.00030668236491211866,0.0,0.0,0.005588839157977358,0.0,0.001041264877069422,0.0,0.0,0.0005914912287060936
2018-03-26 17:00:00,0.0,0.0,0.0,0.0036041344436554337,0.0,0.0,0.0759337812615693,0.05203028740958569,0.0,0.0,0.0,5.723830399548148e-07,0.1333223597571305,0.0012128618894039682,0.0002917401351150906,0.0,0.0,0.005051939454167452,0.0,0.00015578805786217595,0.0,0.0,0.000447169380407717
2018-03-26 18:00:00,0.0,0.0,0.0,0.003625563707151826,0.0,0.0,0.07259206358567162,0.05277032746615017,0.0,0.0,0.0,5.757862834175134e-07,0.1301425411980864,0.0011955288966626586,0.00039315680226798623,0.0,0.0,0.0050819769967240976,0.0,2.0729410050405167e-07,0.0,0.0,0.00041032556189397955
2018-03-26 19:00:00,0.0,0.0,0.0,0.004118395963256382,0.0,0.0,0.08454831562338079,0.06071813685855717,0.0,0.0,0.0,6.540544028084239e-07,0.06927549308966124,0.0013693968445714693,0.00024108852596302894,0.0,0.0,0.005772783279848146,0.0,0.0,0.0,0.0,0.0004924151009856172
2018-03-26 20:00:00,0.0,0.0,0.0,0.004428553733371219,0.0,0.0,0.09009335763702114,0.06444328827783098,0.0,0.0,0.0,7.033114574769732e-07,0.052034955184264715,0.0013760516827825441,0.00022411494483265618,0.0,0.0,0.006207533509162717,0.0,0.0,0.0,0.0,0.00043873760649209106
2018-03-26 21:00:00,0.0,0.0,0.0,0.004651420331465179,0.0,0.0,0.0893893144486278,0.062091311773108414,0.0,0.0,0.0,7.292349640966154e-07,0.02822351306044465,0.001337250324760621,0.00017249385857724057,0.0,0.0,0.0064363383072442255,0.0,0.0,0.0,0.0,0.000816228167435323
2018-03-26 22:00:00,0.0,0.0,0.0,0.005098621417749247,0.0,0.0,0.09404402433311353,0.06178300290470559,0.0,0.0,0.0,7.993457356160762e-07,0.007973859767856356,0.0013803889527644875,7.389612396291486e-05,0.0,0.0,0.0070551466018248,0.0,0.0,0.0,0.0,0.001496149546401258
2018-03-26 23:00:00,0.0,0.0,0.0,0.0051815595898657444,0.0,0.0,0.09339843751934923,0.06214663277867655,0.0,0.0,0.0,8.123485198530711e-07,0.0,0.0013535453708880632,6.458230911941072e-05,0.0,0.0,0.007169911146046947,0.0,0.0,0.0,0.0,0.0021047711060065625
2018-03-27 00:00:00,0.0,0.0,0.0,0.005282774484818481,0.0,0.0,0.09582677928540477,0.06348103906363645,0.0,0.0,0.0,8.282166708751593e-07,0.0,0.0013686961627295403,6.248667107457061e-05,0.0,0.0,0.00730996585175504,0.0,0.0,0.0,0.0,0.0024288155697386993
2018-03-27 01:00:00,0.0,0.0,0.0,0.005268459767664112,0.0,0.0,0.10215079448166274,0.06315457162683887,0.0,0.0,0.0,8.259724548064662e-07,0.0,0.0013863568313862863,5.2489135707811435e-05,0.0,0.0,0.007290158060626215,0.0,0.0,0.0,0.0,0.0025090667396636245
2018-03-27 02:00:00,0.0,0.0,0.0,0.005115015796294443,0.0,0.0,0.10452914359393023,0.06153179431434872,0.0,0.0,0.0,8.019159944183002e-07,0.0,0.0013470234796139175,5.400123676928393e-05,0.0,0.0,0.007077832095530907,0.0,0.0,0.0,0.0,0.0025136363379029843
2018-03-27 03:00:00,0.0,0.0,0.0,0.004860651334113828,0.0,0.0,0.1088732300179298,0.058646047416714815,0.0,0.0,0.0,7.620375387580037e-07,0.0,0.0012876456342485608,6.576395188142999e-05,0.0,0.0,0.006725858802371446,0.0,0.0,0.0,0.0,0.0022843550201718187
2018-03-27 04:00:00,0.0,0.0,0.0,0.004226227864833625,0.0,0.0,0.10105199854152393,0.053868644880760735,0.0,0.0,0.0,6.625746343386844e-07,0.042789197909354725,0.0012578654872846152,0.0001868755768324283,0.0,0.0,0.0058479841345585905,0.0,5.2853553998318076e-05,0.0,0.0,0.0017026364256546456
2018-03-27 05:00:00,0.0,0.0,0.0,0.0035633480967878508,0.0,0.0,0.08978843958579334,0.05483292838501469,0.0,0.0,0.0,5.586504414246966e-07,0.10667946668532667,0.0011220211920544637,0.00056955450190226,0.0,0.0,0.004930733458392276,0.0,0.0005072943743719414,0.0,0.0,0.0013591056001910223
2018-03-27 06:00:00,0.0,0.0,0.0,0.0033640245976959545,0.0,0.0,0.08912278739279383,0.052789657163704574,0.0,0.0,0.0,5.290969574084901e-07,0.11374995010448266,0.0010591275254926292,0.0007588052498495502,0.0,0.0,0.004669889929692741,0.0,0.0013811526200394684,0.0,0.0,0.0009203753587712555
2018-03-27 07:00:00,0.0,0.0,0.0,0.0033805164388485648,0.0,0.0,0.09353012943693657,0.05168000244606099,0.0,0.0,0.0,5.368696163073416e-07,0.10009307832800884,0.001060004411006997,0.0005161095953415586,0.0,0.0,0.004738492595065203,0.0,0.0025156657279979343,0.0,0.0,0.0007319143548032615
2018-03-27 08:00:00,0.0,0.0,0.0,0.0035709908387128834,0.0,0.0,0.10145241846318524,0.050067124056974346,0.0,0.0,0.0,5.671194079653163e-07,0.03990200688218002,0.001125540007138992,0.00026369619999433875,0.0,0.0,0.005005481840535041,0.0,0.0034166453593387773,0.0,0.0,0.0005501142110948455
2018-03-27 09:00:00,0.0,0.0,0.0,0.0035698847902186762,0.0,0.0,0.10074464014873949,0.05347079517508494,0.0,0.0,0.0,5.651089837695181e-07,0.03176845756704344,0.0010912298538553915,0.00017386883574206308,0.0,0.0,0.004987737531907083,0.0,0.003990702300146239,0.0,0.0,0.0003341485658007896
2018-03-27 10:00:00,0.0,0.0,0.0,0.0035134258050130026,0.0,0.0,0.08621482502935603,0.05281918461129965,0.0,0.0,0.0,5.579773380732671e-07,0.03764105090001852,0.00105837228334516,0.00010119536329939276,0.0,0.0,0.004924792546205068,0.0,0.0045348371166654845,0.0,0.0,0.0003093070638400351
2018-03-27 11:00:00,0.0,0.0,0.0,0.003537225156059108,0.0,0.0,0.08742902706855141,0.04824351975855854,0.0,0.0,0.0,5.545549694211114e-07,0.026128261537268518,0.0010382074824920031,0.00010775341185677921,0.0,0.0,0.004894586201827889,0.0,0.004876005057112127,0.0,0.0,0.0003928780979886955
2018-03-27 12:00:00,0.0,0.0,0.0,0.0036097106990104866,0.0,0.0,0.10451764039826432,0.04403495185073771,0.0,0.0,0.0,5.659190235260695e-07,0.006885616184494994,0.0010415002809637686,8.258213061712904e-05,0.0,0.0,0.004994887065558344,0.0,0.0049686490183383355,0.0,0.0,0.0004824712160136803
2018-03-27 13:00:00,0.0,0.0,0.0,0.0035915415839313895,0.0,0.0,0.11820634055915513,0.043450632079645064,0.0,0.0,0.0,5.630705271447073e-07,0.005207392353357622,0.0010224725313861393,8.091482436281029e-05,0.0,0.0,0.0049697458048124045,0.0,0.004650888441048967,0.0,0.0,0.00048084083625106016
2018-03-27 14:00:00,0.0,0.0,0.0,0.003658040285005419,0.0,0.0,0.12832613150263014,0.04430279868219111,0.0,0.0,0.0,5.734959831204129e-07,0.00720326070922465,0.0010538016001232972,8.263795560353126e-05,0.0,0.0,0.005061762459211373,0.0,0.003962622433820956,0.0,0.0,0.0004784268131585659
2018-03-27 15:00:00,0.0,0.0,0.0,0.0036209078147792046,0.0,0.0,0.11965816202574725,0.043841292640525144,0.0,0.0,0.0,5.676744719125228e-07,0.025290240597616694,0.0011614364629913146,0.0001089665073583042,0.0,0.0,0.005010380919051938,0.0,0.002526905495364858,0.0,0.0,0.0006886932549058826
2018-03-27 16:00:00,0.0,0.0,0.0,0.0035829756105888065,0.0,0.0,0.11407552131505737,0.04339368481254478,0.0,0.0,0.0,5.617275809438074e-07,0.04258110837915849,0.00118686953471902,0.00017848413697771104,0.0,0.0,0.004957892758122401,0.0,0.0011212647904528573,0.0,0.0,0.0007553130891994641
2018-03-27 17:00:00,0.0,0.0,0.0,0.0033799993300895814,0.0,0.0,0.10452855861997014,0.040902395088982656,0.0,0.0,0.0,5.299056018332476e-07,0.09418048094147491,0.00107482393531183,0.00019310926019517117,0.0,0.0,0.004677027147934125,0.0,0.0001936105661139365,0.0,0.0,0.0003912173325205699
2018-03-27 18:00:00,0.0,0.0,0.0,0.003512651368481421,0.0,0.0,0.10917094680735787,0.042507657562072594,0.0,0.0,0.0,5.507023687475688e-07,0.07913918958477237,0.0010615459885384582,0.00027910545291955004,0.0,0.0,0.0048605825644291315,0.0,1.9826341033588013e-07,0.0,0.0,0.0005349294424866085
2018-03-27 19:00:00,0.0,0.0,0.0,0.0038079583367520834,0.0,0.0,0.12403013077096979,0.04649091144742959,0.0,0.0,0.0,6.008512717008948e-07,0.024146377041752123,0.0011562318297500132,0.00012319147444092506,0.0,0.0,0.005303204381862999,0.0,0.0,0.0,0.0,0.0004859342211554891
2018-03-27 20:00:00,0.0,0.0,0.0,0.0042306875341311286,0.0,0.0,0.13147036550949645,0.05127951807927279,0.0,0.0,0.0,6.632738071823101e-07,0.0018513096738031012,0.0011936620287087947,0.00011760347591478925,0.0,0.0,0.005854155140034703,0.0,0.0,0.0,0.0,0.0005566979570043178
2018-03-27 21:00:00,0.0,0.0,0.0,0.004439879444598277,0.0,0.0,0.13200279066914833,0.05382956472715385,0.0,0.0,0.0,6.960702530951568e-07,0.004706623088134916,0.0012173318723001983,0.00010739960482110313,0.0,0.0,0.006143621541898495,0.0,0.0,0.0,0.0,0.0004149557571744874
2018-03-27 22:00:00,0.0,0.0,0.0,0.004727205889292924,0.0,0.0,0.13952023132950148,0.057263208757158617,0.0,0.0,0.0,7.483116887937345e-07,0.0,0.001246391656437628,0.00013356195953721005,0.0,0.0,0.006604712370461185,0.0,0.0,0.0,0.0,0.00022159624055769343
2018-03-27 23:00:00,0.0,0.0,0.0,0.0047352408898948695,0.0,0.0,0.14013433738767272,0.05600556583218435,0.0,0.0,0.0,7.495836208844267e-07,0.0,0.0012371216453319997,0.0001327108206365422,0.0,0.0,0.0066159386358524445,0.0,0.0,0.0,0.0,0.00014171521937489002
2018-03-28 00:00:00,0.0,0.0,0.0,0.004877125816178518,0.0,0.0,0.14310886504024564,0.05673187326260614,0.0,0.0,0.0,7.646203559365945e-07,0.0,0.0012575571966111463,0.0001375725890615449,0.0,0.0,0.006748655138210562,0.0,0.0,0.0,0.0,0.00011191794474559628
2018-03-28 01:00:00,0.0,0.0,0.0,0.004928672592355713,0.0,0.0,0.14547628578234706,0.05784522621269921,0.0,0.0,0.0,7.727016964296461e-07,0.0,0.0012810452387837137,0.00013650068665326974,0.0,0.0,0.006819982274113525,0.0,0.0,0.0,0.0,0.00017586348312272933
2018-03-28 02:00:00,0.0,0.0,0.0,0.0048384456454946675,0.0,0.0,0.14443436895037562,0.0575112794982882,0.0,0.0,0.0,7.585562011473403e-07,0.0,0.0012644428129188155,0.0001304310881688463,0.0,0.0,0.006695131989029848,0.0,0.0,0.0,0.0,0.00025780010022408774
2018-03-28 03:00:00,0.0,0.0,0.0,0.004544800030654351,0.0,0.0,0.13784543068094202,0.054820347483046386,0.0,0.0,0.0,7.12519370644913e-07,0.0,0.0011985291117333104,0.00012503073473279933,0.0,0.0,0.0062888039462241216,0.0,0.0,0.0,0.0,0.0003076489481479275
2018-03-28 04:00:00,0.0,0.0,0.0,0.0045167232099623126,0.0,0.0,0.12322145774257534,0.05921921812870813,0.0,0.0,0.0,7.081175755220765e-07,0.006145171126795877,0.0011069007964968557,0.0001463877926261875,0.0,0.0,0.0062499530353865565,0.0,1.3110989741844197e-06,0.0,0.0,0.0004215250101304156
2018-03-28 05:00:00,0.0,0.0,0.0,0.004120893553573751,0.0,0.0,0.10899509675847271,0.06327822321043985,0.0,0.0,0.0,6.460606542603586e-07,0.013657826914579209,0.001097508083280124,0.00022749781419457182,0.0,0.0,0.005702229243726018,0.0,0.0003793279576606673,0.0,0.0,0.0006576032870433058
2018-03-28 06:00:00,0.0,0.0,0.0,0.003443850783342857,0.0,0.0,0.09418587423695825,0.053474625730211015,0.0,0.0,0.0,5.451579338809775e-07,0.05752183326365113,0.0011069439517285842,0.0003011021397978239,0.0,0.0,0.004811646542048375,0.0,0.0010934051687988724,0.0,0.0,0.000560507477895419
2018-03-28 07:00:00,0.0,0.0,0.0,0.0034249018708048494,0.0,0.0,0.08576581004253693,0.053330455012345464,0.0,0.0,0.0,5.439185954367323e-07,0.06435112627114789,0.0011106134822599228,0.0002766630177103908,0.0,0.0,0.004800707953120159,0.0,0.0023446782485039897,0.0,0.0,0.0003666845494574484
2018-03-28 08:00:00,0.0,0.0,0.0,0.003571171115064786,0.0,0.0,0.08876255820865199,0.05349006213085993,0.0,0.0,0.0,5.653126076311545e-07,0.04579195411143782,0.0011093897566935482,0.00025317268572955183,0.0,0.0,0.004989534746968687,0.0,0.00393018175594704,0.0,0.0,0.00037365656090879363
2018-03-28 09:00:00,0.0,0.0,0.0,0.0035691093906244685,0.0,0.0,0.09530824369672884,0.04600438504488889,0.0,0.0,0.0,5.595536788456785e-07,0.04148143580077787,0.0010598562807961598,0.0002205955125435105,0.0,0.0,0.004938705568753721,0.0,0.00511268734369365,0.0,0.0,0.0004406434650852572
2018-03-28 10:00:00,0.0,0.0,0.0,0.003725704381220975,0.0,0.0,0.10832414063545254,0.04342321960837997,0.0,0.0,0.0,5.841041460595034e-07,0.018410142683720435,0.0010794808432738332,0.00015443261853456995,0.0,0.0,0.0051553917129580585,0.0,0.006060459967111928,0.0,0.0,0.0004791747022722904
2018-03-28 11:00:00,0.0,0.0,0.0,0.003643362812886076,0.0,0.0,0.1091400829169604,0.042689019602844776,0.0,0.0,0.0,5.711948954759413e-07,0.0236731374826222,0.0010418868833634884,0.00015998209500631572,0.0,0.0,0.005041452710935951,0.0,0.005962534706648584,0.0,0.0,0.00043244611780336186
2018-03-28 12:00:00,0.0,0.0,0.0,0.003594441502940567,0.0,0.0,0.10936077700148618,0.042513903601933176,0.0,0.0,0.0,5.635251672726346e-07,0.020796542931395476,0.0010245212109418695,0.00013447569177682504,0.0,0.0,0.004973758527481311,0.0,0.0055381564291221,0.0,0.0,0.0006238416118986209
2018-03-28 13:00:00,0.0,0.0,0.0,0.003633346289955541,0.0,0.0,0.10763689880344024,0.042903044312468955,0.0,0.0,0.0,5.696245366996746e-07,0.020125907490216952,0.001023494056600478,0.00015075328523896808,0.0,0.0,0.0050275924863918305,0.0,0.004833313343325067,0.0,0.0,0.0008703943124113502
2018-03-28 14:00:00,0.0,0.0,0.0,0.0037467939635591335,0.0,0.0,0.10788125513955477,0.0442914685140832,0.0,0.0,0.0,5.874105040584019e-07,0.010547466080646264,0.0011029816303238856,0.0001327250983437935,0.0,0.0,0.005184574129728402,0.0,0.0037759279782832106,0.0,0.0,0.001148806320478102
2018-03-28 15:00:00,0.0,0.0,0.0,0.0038572630096229427,0.0,0.0,0.10998998005773618,0.04558477582158448,0.0,0.0,0.0,6.047294916147801e-07,0.011922298190453654,0.001214673742188445,0.00015253199991090952,0.0,0.0,0.005337434138559565,0.0,0.0025679703082342126,0.0,0.0,0.0005861456772349043
2018-03-28 16:00:00,0.0,0.0,0.0,0.0037708816840552103,0.0,0.0,0.10740046389453176,0.04466219825310412,0.0,0.0,0.0,5.911869006726361e-07,0.01726797910565446,0.001250448405101778,0.00020284122507375986,0.0,0.0,0.005217905178551129,0.0,0.0012622242305444893,0.0,0.0,0.0005096557943764902
2018-03-28 17:00:00,0.0,0.0,0.0,0.0035442312076307734,0.0,0.0,0.10390011817384535,0.04271663919119945,0.0,0.0,0.0,5.556533560218151e-07,0.03675250073806717,0.0011605279425591622,0.00020881336787208164,0.0,0.0,0.004904280728424034,0.0,0.00025191487602937876,0.0,0.0,0.0008203196608102261
2018-03-28 18:00:00,0.0,0.0,0.0,0.003562230754849955,0.0,0.0,0.10553713994064488,0.042875559332353964,0.0,0.0,0.0,5.584752680905532e-07,0.023491762597606883,0.0010829778289727992,0.000160070790889325,0.0,0.0,0.004929187351997951,0.0,8.214811161489328e-06,0.0,0.0,0.0014747858732451914
2018-03-28 19:00:00,0.0,0.0,0.0,0.003712958170113322,0.0,0.0,0.10190124327418426,0.04461716912504373,0.0,0.0,0.0,5.821058354066087e-07,0.0050745026568116275,0.0010766974686211705,0.00010024329178201741,0.0,0.0,0.005137754320295552,0.0,0.0,0.0,0.0,0.002120055413036445
2018-03-28 20:00:00,0.0,0.0,0.0,0.003918343585237172,0.0,0.0,0.1054604508207565,0.04700862265058354,0.0,0.0,0.0,6.143055110219558e-07,0.0,0.0010735898251368482,0.0001116520787969614,0.0,0.0,0.005421953537074245,0.0,0.0,0.0,0.0,0.0026005269938253286
2018-03-28 21:00:00,0.0,0.0,0.0,0.004159693090102695,0.0,0.0,0.10343758317701766,0.04972796190617793,0.0,0.0,0.0,6.521435228491748e-07,0.0,0.0011262422761949974,0.00012628909855788993,0.0,0.0,0.005755917563737705,0.0,0.0,0.0,0.0,0.0026434147581133136
2018-03-28 22:00:00,0.0,0.0,0.0,0.003930344324743015,0.0,0.0,0.07818405457270913,0.0460711977087059,0.0,0.0,0.0,6.181682575132011e-07,0.0,0.0010441681772845313,0.00014323133827838334,0.0,0.0,0.005456046722997625,0.0,0.0,0.0,0.0,0.0022110513405364223
2018-03-28 23:00:00,0.0,0.0,0.0,0.004017515484153581,0.0,0.0,0.07906815459694462,0.04743239623433854,0.0,0.0,0.0,6.380332814535848e-07,0.0,0.0010993814195169101,0.0001063704801667583,0.0,0.0,0.00563137843480084,0.0,0.0,0.0,0.0,0.0015929740085484975
2018-03-29 00:00:00,0.0,0.0,0.0,0.004207450464552114,0.0,0.0,0.0815669198496559,0.04951408463909207,0.0,0.0,0.0,6.660349551891239e-07,0.0,0.0011493652174281881,0.00010433294189796749,0.0,0.0,0.005878525450789403,0.0,0.0,0.0,0.0,0.0015154552682840022
2018-03-29 01:00:00,0.0,0.0,0.0,0.00437757426053699,0.0,0.0,0.08463571578357372,0.05228989305952911,0.0,0.0,0.0,6.863022434498848e-07,0.0,0.0012049560633818441,0.00016027452174961413,0.0,0.0,0.006057407608446633,0.0,0.0,0.0,0.0,0.0012404798483756686
2018-03-29 02:00:00,0.0,0.0,0.0,0.00456423353175103,0.0,0.0,0.09129003075003389,0.05487381439331645,0.0,0.0,0.0,7.178669490720356e-07,0.0,0.0012844318252619035,0.00021664435165049382,0.0,0.0,0.0063360024838369205,0.0,0.0,0.0,0.0,0.0010812781811173205
2018-03-29 03:00:00,0.0,0.0,0.0,0.004342139957765882,0.0,0.0,0.10225633400366875,0.06048207105578017,0.0,0.0,0.0,6.873561594036168e-07,0.0,0.0012515029227040042,0.000236376979569794,0.0,0.0,0.006066709630373166,0.0,0.0,0.0,0.0,0.0010054611060808277
2018-03-29 04:00:00,0.0,0.0,0.0,0.0038049987449334482,0.0,0.0,0.10762958812381782,0.0591360904670731,0.0,0.0,0.0,6.042828819782722e-07,0.03212367192552856,0.0011681341379659504,0.0002448665493321567,0.0,0.0,0.005333492294224934,0.0,6.943062095199546e-05,0.0,0.0,0.0012063815308271475
2018-03-29 05:00:00,0.0,0.0,0.0,0.0034663703773805546,0.0,0.0,0.106460141592119,0.05388467392803129,0.0,0.0,0.0,5.505043291898036e-07,0.05243209492275769,0.0011234394985750852,0.0003367352228933804,0.0,0.0,0.00485883463727979,0.0,0.0005181874440742445,0.0,0.0,0.0013369972220095019
2018-03-29 06:00:00,0.0,0.0,0.0,0.0033879728766767333,0.0,0.0,0.0992089560692231,0.05124620535832938,0.0,0.0,0.0,5.380537948162298e-07,0.05068572990709662,0.001112278524538387,0.0004389431774114234,0.0,0.0,0.00474894433404458,0.0,0.0013170597966644442,0.0,0.0,0.0013388344768345134
2018-03-29 07:00:00,0.0,0.0,0.0,0.0032159842385042765,0.0,0.0,0.1002149721064775,0.0424155651280228,0.0,0.0,0.0,5.107397805656973e-07,0.04569827799574547,0.0010316925925604812,0.00029832060533110217,0.0,0.0,0.004507866704884131,0.0,0.0021198814748426597,0.0,0.0,0.0015790086322120935
2018-03-29 08:00:00,0.0,0.0,0.0,0.0031688122088497517,0.0,0.0,0.09740370516345181,0.038949327573013025,0.0,0.0,0.0,5.032482537770599e-07,0.025535965351875883,0.0010026658525785792,0.00024807970026478703,0.0,0.0,0.004441745354121437,0.0,0.0026836494404543837,0.0,0.0,0.001813847975778902
2018-03-29 09:00:00,0.0,0.0,0.0,0.003105239919217005,0.0,0.0,0.096168808012926,0.037163782984564596,0.0,0.0,0.0,4.931521541543239e-07,0.01371624579501809,0.0009843059407801465,0.00022156527645941524,0.0,0.0,0.004352635648807088,0.0,0.0030886862749419748,0.0,0.0,0.0017921967678679743
2018-03-29 10:00:00,0.0,0.0,0.0,0.003111331277762642,0.0,0.0,0.09503426208406959,0.03729828153581753,0.0,0.0,0.0,4.94119540464772e-07,0.007857392416038052,0.0009860223007655921,0.0002159265729509239,0.0,0.0,0.004361173946988599,0.0,0.0036631877858568774,0.0,0.0,0.0014218376680622897
2018-03-29 11:00:00,0.0,0.0,0.0,0.003197913465053377,0.0,0.0,0.09825991762484153,0.033714347180837614,0.0,0.0,0.0,5.07869908643919e-07,0.003888282733470268,0.00102205934560578,0.00020891941928563552,0.0,0.0,0.0044825367803790605,0.0,0.00368713184565935,0.0,0.0,0.0011559454761587832
2018-03-29 12:00:00,0.0,0.0,0.0,0.0033263408244495114,0.0,0.0,0.10143329400496179,0.02943945128203156,0.0,0.0,0.0,5.214931910757815e-07,0.0029624045365107634,0.0010576249349410808,0.00016870032865665236,0.0,0.0,0.004602777935704391,0.0,0.003340726341436605,0.0,0.0,0.0009659412345278916
2018-03-29 13:00:00,0.0,0.0,0.0,0.0034738713016947767,0.0,0.0,0.10671265752138322,0.021364317768339743,0.0,0.0,0.0,5.446225525633552e-07,0.009249265715118287,0.0011129019929812562,0.0001908525719972019,0.0,0.0,0.004806921185403053,0.0,0.0029837785539929824,0.0,0.0,0.0008171679256021018
2018-03-29 14:00:00,0.0,0.0,0.0,0.0036464178932981775,0.0,0.0,0.0948643160442717,0.016035168006255034,0.0,0.0,0.0,5.716738613177424e-07,0.007809640178898952,0.0011964696729812525,0.00020055642982976814,0.0,0.0,0.005045680136042021,0.0,0.002449827987545658,0.0,0.0,0.000901086374576964
2018-03-29 15:00:00,0.0,0.0,0.0,0.003824466573932795,0.0,0.0,0.07590189146493226,0.01706729691141599,0.0,0.0,0.0,5.995877701837545e-07,0.021414383236798517,0.001379563222545302,0.0002945517293082552,0.0,0.0,0.005292052525991545,0.0,0.0016400044385953148,0.0,0.0,0.0006362705269704874
2018-03-29 16:00:00,0.0,0.0,0.0,0.003791332991111052,0.0,0.0,0.06953504042572015,0.0168576832161142,0.0,0.0,0.0,5.943931918920535e-07,0.08991011367183117,0.001409823423725109,0.0003279849221021989,0.0,0.0,0.005246204390760847,0.0,0.0007454902756886409,0.0,0.0,0.0005868935294765372
2018-03-29 17:00:00,0.0,0.0,0.0,0.0036448587992476637,0.0,0.0,0.06491608542278673,0.017096865995509636,0.0,0.0,0.0,5.714294314849322e-07,0.12663056060640088,0.0013523797431147463,0.00038592288480381157,0.0,0.0,0.005043522761294776,0.0,0.00011517691426752258,0.0,0.0,0.0006241242575120579
2018-03-29 18:00:00,0.0,0.0,0.0,0.003939625692801293,0.0,0.0,0.07037564180288693,0.019288002674608597,0.0,0.0,0.0,6.176420525166984e-07,0.11532212623930056,0.0014413728004752792,0.0003604386332232413,0.0,0.0,0.005451402357953159,0.0,2.223629798021529e-07,0.0,0.0,0.0006769575994439173
2018-03-29 19:00:00,0.0,0.0,0.0,0.0043035278553171415,0.0,0.0,0.07243142814278913,0.02112570295557704,0.0,0.0,0.0,6.746934822964995e-07,0.08967006148015293,0.0015565878276978377,0.00025354839810261764,0.0,0.0,0.005954946923221887,0.0,0.0,0.0,0.0,0.0009137425944265161
2018-03-29 20:00:00,0.0,0.0,0.0,0.0046685492109420626,0.0,0.0,0.07637574110948797,0.02287194335466955,0.0,0.0,0.0,7.319203756312048e-07,0.02051546033303742,0.0016235472876078283,0.0002398349750566527,0.0,0.0,0.0064600401564173585,0.0,0.0,0.0,0.0,0.001104588162774097
2018-03-29 21:00:00,0.0,0.0,0.0,0.0050444307539943235,0.0,0.0,0.07735478186053067,0.024154764442229797,0.0,0.0,0.0,7.908498947929259e-07,0.014962104513289094,0.0017242604501837534,0.00025842106288449524,0.0,0.0,0.006980161023191674,0.0,0.0,0.0,0.0,0.0006400018848525098
2018-03-29 22:00:00,0.0,0.0,0.0,0.005036285781620499,0.0,0.0,0.08616676785244586,0.022733884941085775,0.0,0.0,0.0,7.998271459711244e-07,0.019125206952235633,0.001752374302800396,0.00025968117436014193,0.0,0.0,0.0070593956025752505,0.0,0.0,0.0,0.0,0.0004356655826537857
2018-03-29 23:00:00,0.0,0.0,0.0,0.005462825191198606,0.0,0.0,0.0928864201139181,0.024731393626284317,0.0,0.0,0.0,8.675671062116836e-07,0.0,0.0019412356568100926,0.0002534275563715913,0.0,0.0,0.007657278757516442,0.0,0.0,0.0,0.0,0.00027103670377302743
2018-03-30 00:00:00,0.0,0.0,0.0,0.005533454196031177,0.0,0.0,0.09223123732437742,0.025051146438942743,0.0,0.0,0.0,8.787839032338412e-07,0.0,0.001978540849019751,0.00021154535701776092,0.0,0.0,0.007756279907917578,0.0,0.0,0.0,0.0,0.00019233154071931035
2018-03-30 01:00:00,0.0,0.0,0.0,0.005560919849005021,0.0,0.0,0.09124562441958377,0.026313156756510064,0.0,0.0,0.0,8.831458032099053e-07,0.0,0.001974483757171931,0.0002197550208603774,0.0,0.0,0.007794778698143703,0.0,0.0,0.0,0.0,0.00020246319431839216
2018-03-30 02:00:00,0.0,0.0,0.0,0.005524647816666337,0.0,0.0,0.0910585975356393,0.02667019049975959,0.0,0.0,0.0,8.773853365958191e-07,0.0,0.001961300238454321,0.0002340389500242946,0.0,0.0,0.0077439359468203664,0.0,0.0,0.0,0.0,8.783636047580282e-05
2018-03-30 03:00:00,0.0,0.0,0.0,0.005259358981529917,0.0,0.0,0.0914010091976604,0.02610104035754053,0.0,0.0,0.0,8.352540475733576e-07,0.0,0.0018615366567161773,0.0002991425649638258,0.0,0.0,0.007372078804993964,0.0,0.0,0.0,0.0,7.174111668803422e-05
2018-03-30 04:00:00,0.0,0.0,0.0,0.004788364931656106,0.0,0.0,0.08395189199473174,0.023984805799624687,0.0,0.0,0.0,7.604541170263787e-07,0.008654649320957733,0.0017670566131146573,0.00030775227391139726,0.0,0.0,0.0067118832822036685,0.0,7.235563100363964e-06,0.0,0.0,0.0001034480415969393
2018-03-30 05:00:00,0.0,0.0,0.0,0.004166308661029935,0.0,0.0,0.07497562387583113,0.020772707602649283,0.0,0.0,0.0,6.616635572483586e-07,0.026570729202034696,0.0016392323913391445,0.00026318676402400666,0.0,0.0,0.00583994283008743,0.0,0.0005012992139301116,0.0,0.0,0.00012943529683202119
2018-03-30 06:00:00,0.0,0.0,0.0,0.003944745739413999,0.0,0.0,0.0710672071890237,0.019681039211581645,0.0,0.0,0.0,6.264765073204498e-07,0.009106277478754162,0.0015648943930423515,0.00023018589674303965,0.0,0.0,0.005529376594895353,0.0,0.0015785148907969037,0.0,0.0,0.00017479828543061351
2018-03-30 07:00:00,0.0,0.0,0.0,0.00378306043707488,0.0,0.0,0.06681738642014821,0.01888684433564017,0.0,0.0,0.0,6.007987957046158e-07,0.018298627236369498,0.0014844793125331328,0.0002939682672308654,0.0,0.0,0.005302741220767207,0.0,0.003018948138667312,0.0,0.0,0.00025459978506914223
2018-03-30 08:00:00,0.0,0.0,0.0,0.003760887777914191,0.0,0.0,0.0600276464413096,0.017554926395059903,0.0,0.0,0.0,5.992230207092651e-07,0.006366226212040145,0.0014445856564983125,0.00023145500330838814,0.0,0.0,0.005288833191852634,0.0,0.004508640214873703,0.0,0.0,0.0006436047783766709
2018-03-30 09:00:00,0.0,0.0,0.0,0.003628812460570666,0.0,0.0,0.051664257654340864,0.0166203210553194,0.0,0.0,0.0,5.83885151410909e-07,0.0018248300735342034,0.0013497196638606029,0.0002046113999011902,0.0,0.0,0.005153458833001354,0.0,0.006067587153204695,0.0,0.0,0.0010444371648997263
2018-03-30 10:00:00,0.0,0.0,0.0,0.0034615998828885354,0.0,0.0,0.038352707875298216,0.015669308451862218,0.0,0.0,0.0,5.569802225123829e-07,0.0,0.0012341406885723525,0.00011332271887933162,0.0,0.0,0.004915991853153797,0.0,0.006938430494980108,0.0,0.0,0.0015982397708161212
2018-03-30 11:00:00,0.0,0.0,0.0,0.0032455274212683624,0.0,0.0,0.03089680882819362,0.014691232948157718,0.0,0.0,0.0,5.222136140586128e-07,0.0,0.0011378373678491756,9.300212871674522e-05,0.0,0.0,0.004609136498129549,0.0,0.006838805181288703,0.0,0.0,0.002047492873411157
2018-03-30 12:00:00,0.0,0.0,0.0,0.003326830233443068,0.0,0.0,0.029328798227819235,0.015048137937606914,0.0,0.0,0.0,5.352954432555108e-07,0.0,0.0011786564490441258,8.371288749604784e-05,0.0,0.0,0.0047245987051469105,0.0,0.006799510467675306,0.0,0.0,0.0023748053903005634
2018-03-30 13:00:00,0.0,0.0,0.0,0.003405293457858601,0.0,0.0,0.029954334435939162,0.015313683376526615,0.0,0.0,0.0,5.443391966368684e-07,0.0,0.0012061310685756183,8.491368032963757e-05,0.0,0.0,0.0048044202430538455,0.0,0.006150962509897097,0.0,0.0,0.0025306702618550273
2018-03-30 14:00:00,0.0,0.0,0.0,0.00342938597599633,0.0,0.0,0.037303771156892165,0.015265304868584188,0.0,0.0,0.0,5.446307291823242e-07,0.0,0.0012624773736467708,8.118477558371617e-05,0.0,0.0,0.004806993353481223,0.0,0.0048281284655316385,0.0,0.0,0.002940314960285404
2018-03-30 15:00:00,0.0,0.0,0.0,0.0034651008922473784,0.0,0.0,0.03996847173822368,0.0154814528249502,0.0,0.0,0.0,5.50302718575365e-07,0.0,0.001380064169277694,0.00011225194074648533,0.0,0.0,0.004857055191443061,0.0,0.0031575724694565843,0.0,0.0,0.0033620480316288695
2018-03-30 16:00:00,0.0,0.0,0.0,0.003822528881632186,0.0,0.0,0.04380122938956846,0.01701531094939834,0.0,0.0,0.0,6.070668938100478e-07,0.0,0.0015643715296447885,0.00020162197646067306,0.0,0.0,0.005358064404563714,0.0,0.0016608986440176327,0.0,0.0,0.003639656961326771
2018-03-30 17:00:00,0.0,0.0,0.0,0.003925833815875138,0.0,0.0,0.0457523715230118,0.017758876377273403,0.0,0.0,0.0,6.275480371689185e-07,0.0008942992505385436,0.0016008053358444673,0.0002518323145506131,0.0,0.0,0.005538834079726183,0.0,0.0003668123989878086,0.0,0.0,0.0036471811324803875
2018-03-30 18:00:00,0.0,0.0,0.0,0.003975995225279712,0.0,0.0,0.04702787676955471,0.020124543111517953,0.0,0.0,0.0,6.397477409886354e-07,0.0,0.0016017662693077741,0.00024819551360693193,0.0,0.0,0.005646510514480174,0.0,1.5069603222086879e-05,0.0,0.0,0.0034314745114906392
2018-03-30 19:00:00,0.0,0.0,0.0,0.003940538104665873,0.0,0.0,0.045508446185420846,0.020089988707598885,0.0,0.0,0.0,6.340426001297027e-07,0.0,0.0015366743553440314,0.0002115761474316403,0.0,0.0,0.005596156076656335,0.0,0.0,0.0,0.0,0.003209006881697835
2018-03-30 20:00:00,0.0,0.0,0.0,0.004033188972379331,0.0,0.0,0.04628473267199,0.02053538268906776,0.0,0.0,0.0,6.489503603159971e-07,0.0,0.0015326903710122589,0.0001983917425860858,0.0,0.0,0.005727734227302365,0.0,0.0,0.0,0.0,0.0032969175230538298
2018-03-30 21:00:00,0.0,0.0,0.0,0.00417514819083654,0.0,0.0,0.048116556365501655,0.021076726478379146,0.0,0.0,0.0,6.717919595068319e-07,0.0,0.0015637165424759042,0.00019184700567794163,0.0,0.0,0.005929337643360199,0.0,0.0,0.0,0.0,0.0035805804882508363
2018-03-30 22:00:00,0.0,0.0,0.0,0.00419247220744189,0.0,0.0,0.038798882074057836,0.019616594605166203,0.0,0.0,0.0,6.658186659063156e-07,0.0,0.0015688304497858494,7.887724953919968e-05,0.0,0.0,0.00587661644880112,0.0,0.0,0.0,0.0,0.0033575750890513243
2018-03-30 23:00:00,0.0,0.0,0.0,0.00420441978237422,0.0,0.0,0.035901256133682884,0.01860510895221229,0.0,0.0,0.0,6.742837942135228e-07,0.0,0.0016085043082637001,8.146710846069095e-05,0.0,0.0,0.00595133095411411,0.0,0.0,0.0,0.0,0.003035773382663594
2018-03-31 00:00:00,0.0,0.0,0.0,0.004572037400846297,0.0,0.0,0.03854786385211866,0.02013033216015423,0.0,0.0,0.0,7.28463656432283e-07,0.0,0.0017263665075775382,8.782262899697671e-05,0.0,0.0,0.006429530628908666,0.0,0.0,0.0,0.0,0.003454998859856474
2018-03-31 01:00:00,0.0,0.0,0.0,0.00453439260455496,0.0,0.0,0.03967261129010115,0.020513217223236083,0.0,0.0,0.0,7.201200354533522e-07,0.0,0.0016640799629939825,9.143063141132279e-05,0.0,0.0,0.006355888565689238,0.0,0.0,0.0,0.0,0.004393527009365038
2018-03-31 02:00:00,0.0,0.0,0.0,0.0044906085175810545,0.0,0.0,0.0384825819551906,0.021011575619637516,0.0,0.0,0.0,7.131665576640075e-07,0.0,0.0016332756299871673,9.073428584360734e-05,0.0,0.0,0.0062945161169345705,0.0,0.0,0.0,0.0,0.004938932149079372
2018-03-31 03:00:00,0.0,0.0,0.0,0.004641430830993674,0.0,0.0,0.039181957605625005,0.02171727384093448,0.0,0.0,0.0,7.371190865148948e-07,0.0,0.001697346505122078,8.982994970705861e-05,0.0,0.0,0.0065059247665312375,0.0,0.0,0.0,0.0,0.005040624334869246
2018-03-31 04:00:00,0.0,0.0,0.0,0.004306785748258558,0.0,0.0,0.037285659433512745,0.020222524081146522,0.0,0.0,0.0,6.839731307365125e-07,0.0,0.0016062624658143097,8.165399444944546e-05,0.0,0.0,0.00603685050666595,0.0,7.587815563537238e-05,0.0,0.0,0.005156411540249011
2018-03-31 05:00:00,0.0,0.0,0.0,0.00411829432010379,0.0,0.0,0.0525762141804843,0.019459764233235356,0.0,0.0,0.0,6.54038260564681e-07,0.0,0.0016168773903389815,9.441474748463259e-05,0.0,0.0,0.005772640805958545,0.0,0.0006292332520799896,0.0,0.0,0.004993756213743626
2018-03-31 06:00:00,0.0,0.0,0.0,0.004137559154536987,0.0,0.0,0.05272302324398009,0.01940061499177755,0.0,0.0,0.0,6.570977647728305e-07,0.0006845477696158837,0.0016225583174059974,0.00018172219052783946,0.0,0.0,0.005799644453761531,0.0,0.001749047201639871,0.0,0.0,0.005125597646661278
2018-03-31 07:00:00,0.0,0.0,0.0,0.004299599123536472,0.0,0.0,0.045087961629527176,0.020306450994524754,0.0,0.0,0.0,6.872947549836715e-07,0.002296623665637358,0.0016530869345975701,0.00020130689473853505,0.0,0.0,0.0060661676656570095,0.0,0.0032372833498787446,0.0,0.0,0.004565443606723526
2018-03-31 08:00:00,0.0,0.0,0.0,0.0042990659555250275,0.0,0.0,0.056167207111431715,0.019561454771390346,0.0,0.0,0.0,6.872095276014756e-07,0.012123318471569323,0.0016568197094560225,0.0002054154055818589,0.0,0.0,0.006065415435865705,0.0,0.0039917258041875115,0.0,0.0,0.0036785038182449055
2018-03-31 09:00:00,0.0,0.0,0.0,0.0041352029819241,0.0,0.0,0.05502133431187222,0.01872096014262366,0.0,0.0,0.0,6.567235741692594e-07,0.00699648300633546,0.0015760219497623958,0.0001636715209443642,0.0,0.0,0.0057963417907865595,0.0,0.004091677149561184,0.0,0.0,0.0038325918055430205
2018-03-31 10:00:00,0.0,0.0,0.0,0.004099535919670705,0.0,0.0,0.046796309352562876,0.018653560402642155,0.0,0.0,0.0,6.553144733966118e-07,0.002589069510083631,0.001569226765013828,0.0001382995845922967,0.0,0.0,0.005783904853820717,0.0,0.0043282603876335255,0.0,0.0,0.004206342505310794
2018-03-31 11:00:00,0.0,0.0,0.0,0.004181829221370445,0.0,0.0,0.04011146903170957,0.01868366717906892,0.0,0.0,0.0,6.641284224326033e-07,0.0,0.0015928121291843569,0.00014033339808270658,0.0,0.0,0.005861698103749053,0.0,0.004241786307866527,0.0,0.0,0.004052356611700739
2018-03-31 12:00:00,0.0,0.0,0.0,0.004151603070694718,0.0,0.0,0.040244296525150776,0.018192445984399185,0.0,0.0,0.0,6.593281198133819e-07,0.0,0.001644551298383788,0.00020302995184271063,0.0,0.0,0.005819329905355367,0.0,0.0036751777664149987,0.0,0.0,0.0028905939579985176
2018-03-31 13:00:00,0.0,0.0,0.0,0.004398901392869157,0.0,0.0,0.04669927934084418,0.019377720039052387,0.0,0.0,0.0,6.986022833149983e-07,0.0,0.001808561418990279,0.0002583312758343925,0.0,0.0,0.0061659696243430255,0.0,0.003233307572668207,0.0,0.0,0.0025751078483530407
2018-03-31 14:00:00,0.0,0.0,0.0,0.004669536347768688,0.0,0.0,0.04712964861171291,0.020616126399554416,0.0,0.0,0.0,7.415826051162895e-07,0.0,0.0019030262843132081,0.00024309805888524523,0.0,0.0,0.00654532045814463,0.0,0.0026234225346236737,0.0,0.0,0.002716828189599163
2018-03-31 15:00:00,0.0,0.0,0.0,0.004844975962278248,0.0,0.0,0.056890803763434784,0.023261183355943384,0.0,0.0,0.0,7.694446789238456e-07,0.0030702327990996246,0.0020369178090765038,0.00025384126995152,0.0,0.0,0.006791235344012718,0.0,0.0017234676173735063,0.0,0.0,0.0029572761796240305
2018-03-31 16:00:00,0.0,0.0,0.0,0.004806631366855161,0.0,0.0,0.06498197337718678,0.022997784656404164,0.0,0.0,0.0,7.633550625576359e-07,0.037564021563568875,0.0021038371615613553,0.0002996435249831711,0.0,0.0,0.006737487467095146,0.0,0.0008005970667032701,0.0,0.0,0.0018497484737216151
2018-03-31 17:00:00,0.0,0.0,0.0,0.004648917556665866,0.0,0.0,0.06450204040877058,0.02301019442118891,0.0,0.0,0.0,7.383080751241018e-07,0.07900482931847823,0.0020314735695185953,0.0003115331038113711,0.0,0.0,0.006516418960184988,0.0,0.00012192858060669514,0.0,0.0,0.0013840992488419622
2018-03-31 18:00:00,0.0,0.0,0.0,0.004703185410712725,0.0,0.0,0.06695467578327063,0.02330983548844651,0.0,0.0,0.0,7.469265103564069e-07,0.08329650878213404,0.002039818771577929,0.00029348773189512495,0.0,0.0,0.006592486575652258,0.0,5.762311557732399e-07,0.0,0.0,0.0011884195671862342
2018-03-31 19:00:00,0.0,0.0,0.0,0.004983797617756423,0.0,0.0,0.06577504277356185,0.024371697411402098,0.0,0.0,0.0,7.914913484963513e-07,0.05694100684611786,0.0021404272320182656,0.0002891612983578861,0.0,0.0,0.0069858225907891555,0.0,0.0,0.0,0.0,0.0016772216600892617
2018-03-31 20:00:00,0.0,0.0,0.0,0.004678571142430807,0.0,0.0,0.05680512309238434,0.02261663801270349,0.0,0.0,0.0,7.430174470498844e-07,0.07235969703532631,0.0019577981221867344,0.00023122967589586386,0.0,0.0,0.006557984590498018,0.0,0.0,0.0,0.0,0.0024383879411258177
2018-03-31 21:00:00,0.0,0.0,0.0,0.0047924281484153265,0.0,0.0,0.05109708780067871,0.021569853449538726,0.0,0.0,0.0,7.610994082598208e-07,0.05168023518160471,0.00194703062983158,0.00020411487684320997,0.0,0.0,0.006717578720422648,0.0,0.0,0.0,0.0,0.00349320624102997
2018-03-31 22:00:00,0.0,0.0,0.0,0.005022061756238454,0.0,0.0,0.03640890239874007,0.022570248014700024,0.0,0.0,0.0,7.975681872624941e-07,0.035195087794851934,0.0020010632849835476,0.00021170516928505705,0.0,0.0,0.007039457690672121,0.0,0.0,0.0,0.0,0.004214889351890057
2018-03-31 23:00:00,0.0,0.0,0.0,0.005235755009351957,0.0,0.0,0.03297667560994935,0.023493145054968946,0.0,0.0,0.0,8.369401083483495e-07,0.010174942386835483,0.0021538334275745716,0.00015758848292510858,0.0,0.0,0.007386960232913243,0.0,0.0,0.0,0.0,0.0046846564236285426
2018-04-01 00:00:00,0.0,0.0,0.0,0.0051622182302078785,0.0,0.0,0.030001873954477107,0.02298766938237967,0.0,0.0,0.0,8.306140385350965e-07,0.0,0.00213928415359663,0.00016150197152572276,0.0,0.0,0.007331125382038009,0.0,0.0,0.0,0.0,0.005228642120576177
2018-04-01 01:00:00,0.0,0.0,0.0,0.004892892655874844,0.0,0.0,0.024645716557394958,0.021690199649127006,0.0,0.0,0.0,7.87278868846128e-07,0.0,0.0020121568639283023,0.0001113841628328594,0.0,0.0,0.0069486426070032616,0.0,0.0,0.0,0.0,0.006156657850272879
2018-04-01 02:00:00,0.0,0.0,0.0,0.0046539740643210875,0.0,0.0,0.023009202373122525,0.021066719900614858,0.0,0.0,0.0,7.488362599981885e-07,0.0,0.001918519755354449,9.967867543008781e-05,0.0,0.0,0.006609342315409431,0.0,0.0,0.0,0.0,0.006649721533427235
2018-04-01 03:00:00,0.0,0.0,0.0,0.004497844011232746,0.0,0.0,0.02213721171068984,0.022901217727458033,0.0,0.0,0.0,7.237145374848835e-07,0.0,0.0018593101666356884,8.583060438595118e-05,0.0,0.0,0.0063876141853592625,0.0,0.0,0.0,0.0,0.006870204264056045
2018-04-01 04:00:00,0.0,0.0,0.0,0.004475032271147677,0.0,0.0,0.026931438799648308,0.022919716723987415,0.0,0.0,0.0,7.20044070504779e-07,0.0,0.0018541936184902528,9.603440541073697e-05,0.0,0.0,0.006355218087540793,0.0,8.865654148543715e-05,0.0,0.0,0.006870345933584336
2018-04-01 05:00:00,0.0,0.0,0.0,0.004168094515945034,0.0,0.0,0.03393750083486977,0.02120833231224166,0.0,0.0,0.0,6.706570052823353e-07,0.0,0.0017851833036930738,9.90061140172068e-05,0.0,0.0,0.0059193203653747075,0.0,0.0005889985452394818,0.0,0.0,0.006010717575553711
2018-04-01 06:00:00,0.0,0.0,0.0,0.003993919186545644,0.0,0.0,0.033723149346645054,0.019667825498952757,0.0,0.0,0.0,6.426317519292275e-07,0.0,0.0017747453604445517,0.0001343625472938194,0.0,0.0,0.005671965232108036,0.0,0.001405080795100148,0.0,0.0,0.005687022099506097
2018-04-01 07:00:00,0.0,0.0,0.0,0.0039574462854513074,0.0,0.0,0.0376020901728092,0.018297490741317944,0.0,0.0,0.0,6.367631694082907e-07,0.0,0.0017417875519575407,0.00022197583198480976,0.0,0.0,0.005620168233406088,0.0,0.002620718290069531,0.0,0.0,0.005767505501310057
2018-04-01 08:00:00,0.0,0.0,0.0,0.003797901627238209,0.0,0.0,0.03639347466852915,0.017509037624501962,0.0,0.0,0.0,6.110920282485444e-07,0.0,0.0016416979563194489,0.00022317479101355533,0.0,0.0,0.005393590851119109,0.0,0.0039224664656951035,0.0,0.0,0.005625980453465758
2018-04-01 09:00:00,0.0,0.0,0.0,0.003756930954420982,0.0,0.0,0.032661382645375825,0.01717577874610043,0.0,0.0,0.0,5.985925792108673e-07,0.0,0.0015823937150749796,0.00016992558194319732,0.0,0.0,0.005283268819645605,0.0,0.005234334474162623,0.0,0.0,0.005695212486590013
2018-04-01 10:00:00,0.0,0.0,0.0,0.003779989594033732,0.0,0.0,0.024468250196482594,0.017187670369775934,0.0,0.0,0.0,6.003111062183897e-07,0.0,0.001516160729374146,0.00010887306050134508,0.0,0.0,0.005298436799453391,0.0,0.006561756729715747,0.0,0.0,0.0057575381001798275
2018-04-01 11:00:00,0.0,0.0,0.0,0.0036430692648442915,0.0,0.0,0.019581311905844122,0.016577111554029394,0.0,0.0,0.0,5.785663917860448e-07,0.0,0.001439843695158658,0.00010303811427258046,0.0,0.0,0.005106514654504722,0.0,0.006738491916294261,0.0,0.0,0.005344342593593966
2018-04-01 12:00:00,0.0,0.0,0.0,0.0035684091128627133,0.0,0.0,0.019963747632408504,0.01630803360821892,0.0,0.0,0.0,5.667093965982177e-07,0.0,0.0014272608646831407,6.654330495737908e-05,0.0,0.0,0.005001863018072611,0.0,0.006246146974540972,0.0,0.0,0.005316285457267205
2018-04-01 13:00:00,0.0,0.0,0.0,0.003522143935479286,0.0,0.0,0.016735296126185076,0.016102389338969163,0.0,0.0,0.0,5.611839153470407e-07,0.0,0.0014023827031166183,5.3053144762212615e-05,0.0,0.0,0.004953094283173884,0.0,0.005540200045934918,0.0,0.0,0.005432053514213059
2018-04-01 14:00:00,0.0,0.0,0.0,0.003709528272363724,0.0,0.0,0.028019107291274617,0.016940722988141664,0.0,0.0,0.0,5.891209394454187e-07,0.0,0.0014771066344354236,5.846740863903445e-05,0.0,0.0,0.005199670691667337,0.0,0.0048709395545519915,0.0,0.0,0.005759266881866248
2018-04-01 15:00:00,0.0,0.0,0.0,0.0039303502844720475,0.0,0.0,0.030565957242091792,0.017884330594765404,0.0,0.0,0.0,6.241903233864094e-07,0.0,0.0016587867656718447,9.288100523753315e-05,0.0,0.0,0.0055091983890268245,0.0,0.0034728942979479174,0.0,0.0,0.006031488053206637
2018-04-01 16:00:00,0.0,0.0,0.0,0.004017947932699606,0.0,0.0,0.032699248213430926,0.01926402852227125,0.0,0.0,0.0,6.381019598609159e-07,0.0,0.0018453891473256456,8.3186494849407e-05,0.0,0.0,0.005631984600832023,0.0,0.0016941852146553716,0.0,0.0,0.0062123062786841685
2018-04-01 17:00:00,0.0,0.0,0.0,0.0039230912677862655,0.0,0.0,0.04109971095745889,0.019430604243773845,0.0,0.0,0.0,6.230374979014986e-07,0.01910454367683524,0.001766122755272844,0.00010354457091991841,0.0,0.0,0.005499023376588562,0.0,0.0003418094450546522,0.0,0.0,0.005833286138961803
2018-04-01 18:00:00,0.0,0.0,0.0,0.003871737144450393,0.0,0.0,0.04361523710423607,0.01918902786313284,0.0,0.0,0.0,6.14881800690773e-07,0.017941953081349535,0.0017580043273880816,0.0001272741378693325,0.0,0.0,0.005427039957026794,0.0,1.0435978649562184e-06,0.0,0.0,0.0057548391565061365
2018-04-01 19:00:00,0.0,0.0,0.0,0.003990188257386055,0.0,0.0,0.03801036693298753,0.01982876018390622,0.0,0.0,0.0,6.336933653446653e-07,0.013689095185044662,0.0017804291972851117,0.0001221361504054986,0.0,0.0,0.005593073677517749,0.0,0.0,0.0,0.0,0.0059743939846787384
2018-04-01 20:00:00,0.0,0.0,0.0,0.00419967349322771,0.0,0.0,0.03588877028919987,0.020745050828698784,0.0,0.0,0.0,6.669623229796325e-07,0.006056771205769924,0.0018344111206671867,0.00013665889060799868,0.0,0.0,0.0058867105394492,0.0,0.0,0.0,0.0,0.006052502322064844
2018-04-01 21:00:00,0.0,0.0,0.0,0.004401858267666806,0.0,0.0,0.03700133829457144,0.020538211895688857,0.0,0.0,0.0,6.990718731740625e-07,0.0,0.001835935452761867,9.049500849527009e-05,0.0,0.0,0.006170114295604547,0.0,0.0,0.0,0.0,0.006434141071724344
2018-04-01 22:00:00,0.0,0.0,0.0,0.004568889796516868,0.0,0.0,0.037456648528909176,0.02005116027258271,0.0,0.0,0.0,7.255986345216586e-07,0.0,0.0018439920591904048,9.886254733975756e-05,0.0,0.0,0.006404243511337046,0.0,0.0,0.0,0.0,0.006327366718019352
2018-04-01 23:00:00,0.0,0.0,0.0,0.004874663159668834,0.0,0.0,0.027622072777757217,0.021441341560664712,0.0,0.0,0.0,7.741593888093425e-07,0.0,0.0019458267507459894,9.505250926896012e-05,0.0,0.0,0.006832848087967144,0.0,0.0,0.0,0.0,0.006337385786698198
2018-04-02 00:00:00,0.0,0.0,0.0,0.004881308966660977,0.0,0.0,0.024531201269500286,0.021518894688304004,0.0,0.0,0.0,7.752148286850142e-07,0.0,0.0019804483343450027,0.00010126402092530012,0.0,0.0,0.006842163560259664,0.0,0.0,0.0,0.0,0.006185672545801461
2018-04-02 01:00:00,0.0,0.0,0.0,0.004985680096588264,0.0,0.0,0.024866584039409795,0.022949635965745247,0.0,0.0,0.0,7.917903104172406e-07,0.0,0.002010832707778831,0.00011191891801147799,0.0,0.0,0.006988461274010018,0.0,0.0,0.0,0.0,0.0056071951122035075
2018-04-02 02:00:00,0.0,0.0,0.0,0.005131747852389837,0.0,0.0,0.025420925959733796,0.024045335342097435,0.0,0.0,0.0,8.149877541897003e-07,0.0,0.0020497919295737136,0.0001045412492424063,0.0,0.0,0.007193205428272821,0.0,0.0,0.0,0.0,0.005884730476435115
2018-04-02 03:00:00,0.0,0.0,0.0,0.005270628736226174,0.0,0.0,0.02790841978391089,0.024817816777246548,0.0,0.0,0.0,8.370438299894783e-07,0.0,0.0021115153426137807,0.00011743986287834035,0.0,0.0,0.007387875695836657,0.0,0.0,0.0,0.0,0.005342868612297059
2018-04-02 04:00:00,0.0,0.0,0.0,0.005543619170916493,0.0,0.0,0.030117659640616395,0.02604836946896591,0.0,0.0,0.0,8.803982323652542e-07,0.0,0.002279123609156294,0.0001818879174920978,0.0,0.0,0.007770528221479841,0.0,8.648486411924183e-06,0.0,0.0,0.004337584733685891
2018-04-02 05:00:00,0.0,0.0,0.0,0.005244618377757628,0.0,0.0,0.04857776625000218,0.024712648598782708,0.0,0.0,0.0,8.329130495529301e-07,0.0013752346856029816,0.002340447533116129,0.00028196766524527585,0.0,0.0,0.007351416801692014,0.0,0.0008577415008085486,0.0,0.0,0.003233024211792587
2018-04-02 06:00:00,0.0,0.0,0.0,0.004882568464092922,0.0,0.0,0.050332643228486074,0.022926113374200283,0.0,0.0,0.0,7.754148531236644e-07,0.02363980094285759,0.0021421234303656235,0.00027254047679160483,0.0,0.0,0.0068439290062685025,0.0,0.002642209374212125,0.0,0.0,0.002347051436495344
2018-04-02 07:00:00,0.0,0.0,0.0,0.00448486995312992,0.0,0.0,0.04373327848383664,0.021260936420920452,0.0,0.0,0.0,7.145752491166324e-07,0.009965480305127814,0.001949111626210261,0.00019313280197601234,0.0,0.0,0.006306949441179864,0.0,0.004706990415675828,0.0,0.0,0.002885342542691365
2018-04-02 08:00:00,0.0,0.0,0.0,0.0037616665074403704,0.0,0.0,0.03113050678014823,0.017455168105680693,0.0,0.0,0.0,6.052617053427896e-07,0.0,0.0015861511771187108,0.0001081880526538595,0.0,0.0,0.005342131537578925,0.0,0.005756947109951238,0.0,0.0,0.0032956886574498543
2018-04-02 09:00:00,0.0,0.0,0.0,0.003924002666539971,0.0,0.0,0.03210087338349162,0.017001554553150035,0.0,0.0,0.0,6.31382006092757e-07,0.0,0.0016584392151226927,8.280579833877937e-05,0.0,0.0,0.005572673270478449,0.0,0.007501120129016708,0.0,0.0,0.0028936308612861183
2018-04-02 10:00:00,0.0,0.0,0.0,0.0040398376665520454,0.0,0.0,0.032909552081685674,0.017084755073510267,0.0,0.0,0.0,6.500201521131487e-07,0.0,0.0016673843823250655,9.493964072799405e-05,0.0,0.0,0.0057371763718288725,0.0,0.008762601020034202,0.0,0.0,0.0020997814885141963
2018-04-02 11:00:00,0.0,0.0,0.0,0.004030702790905463,0.0,0.0,0.031893642110808085,0.01682474482629023,0.0,0.0,0.0,6.401275958709469e-07,0.0,0.0016153328842088363,8.077211688204262e-05,0.0,0.0,0.005649863171237717,0.0,0.008972099960189394,0.0,0.0,0.0012763742516831455
2018-04-02 12:00:00,0.0,0.0,0.0,0.004053511253019819,0.0,0.0,0.03240594919263921,0.017183236381077407,0.0,0.0,0.0,6.522202669418469e-07,0.0,0.0016471504430878455,8.272439998152047e-05,0.0,0.0,0.005756594918730046,0.0,0.008807555371800543,0.0,0.0,0.00101389045079138
2018-04-02 13:00:00,0.0,0.0,0.0,0.004131476766753481,0.0,0.0,0.03383380499075874,0.017719264371461447,0.0,0.0,0.0,6.736286512187273e-07,0.0,0.0017164218912463188,9.266247148830918e-05,0.0,0.0,0.005945548562756411,0.0,0.008002579640747416,0.0,0.0,0.0006277863060768114
2018-04-02 14:00:00,0.0,0.0,0.0,0.0045218734857437794,0.0,0.0,0.03705867839213897,0.019393615472551154,0.0,0.0,0.0,7.372820202440367e-07,0.0,0.0018572971862585092,0.00010922729193458293,0.0,0.0,0.0065073628443169315,0.0,0.006793256944589845,0.0,0.0,0.000376591190638344
2018-04-02 15:00:00,0.0,0.0,0.0,0.00504812412560007,0.0,0.0,0.04208093931077211,0.02170587328240904,0.0,0.0,0.0,8.258388833830287e-07,0.0,0.0021667060083260985,0.00013638490008311988,0.0,0.0,0.007288979139000468,0.0,0.005047352268164585,0.0,0.0,0.0003689444484308612
2018-04-02 16:00:00,0.0,0.0,0.0,0.005192286555543177,0.0,0.0,0.058976028979105116,0.025012948335286434,0.0,0.0,0.0,8.465914699794276e-07,0.01877071669782411,0.0024090914344845793,0.0003387372180772781,0.0,0.0,0.0074721446133140515,0.0,0.002590228952476507,0.0,0.0,0.0005653092866870187
2018-04-02 17:00:00,0.0,0.0,0.0,0.004969782835939792,0.0,0.0,0.05011214264994299,0.025372151837872635,0.0,0.0,0.0,8.103127035747072e-07,0.01994932781042474,0.0022975539488014687,0.0002960374410746089,0.0,0.0,0.007151942723050147,0.0,0.000576204663194681,0.0,0.0,0.0013319248975960539
2018-04-02 18:00:00,0.0,0.0,0.0,0.004633670910263944,0.0,0.0,0.04073896297893913,0.02359341343525981,0.0,0.0,0.0,7.55510356633406e-07,0.01887486604733316,0.002107338590994708,0.0004130362772154877,0.0,0.0,0.006668248903758106,0.0,2.502383565433585e-05,0.0,0.0,0.0022208412505033445
2018-04-02 19:00:00,0.0,0.0,0.0,0.004714725728007173,0.0,0.0,0.04051412496384752,0.02399015222005494,0.0,0.0,0.0,7.687261752459009e-07,0.011468624629681744,0.0020733908623413754,0.00032848935654233825,0.0,0.0,0.006784893721663357,0.0,0.0,0.0,0.0,0.0032310186553646636
2018-04-02 20:00:00,0.0,0.0,0.0,0.004520963840991302,0.0,0.0,0.039174304051514265,0.02278919089336513,0.0,0.0,0.0,7.395990346840956e-07,0.0,0.0018920287661453744,0.0002232995556128057,0.0,0.0,0.006527813164903882,0.0,0.0,0.0,0.0,0.0032274424347494128
2018-04-02 21:00:00,0.0,0.0,0.0,0.004469557912264176,0.0,0.0,0.03856423974811663,0.022574256199181925,0.0,0.0,0.0,7.386000763561248e-07,0.0,0.0017676379456128665,8.952754380537017e-05,0.0,0.0,0.006518996207311037,0.0,0.0,0.0,0.0,0.003172818487477585
2018-04-02 22:00:00,0.0,0.0,0.0,0.004487378199200887,0.0,0.0,0.04010838631059514,0.021943911728222177,0.0,0.0,0.0,7.517030505566744e-07,0.0,0.0017479617853857399,0.00010556457459806147,0.0,0.0,0.006634645043335111,0.0,0.0,0.0,0.0,0.0025873868914018257
2018-04-02 23:00:00,0.0,0.0,0.0,0.004759115992830427,0.0,0.0,0.03239130742879777,0.02498445889129,0.0,0.0,0.0,7.864499139941888e-07,0.0,0.0018263018229012864,0.0001149689291836286,0.0,0.0,0.0069413261258535666,0.0,0.0,0.0,0.0,0.002275596563875475
2018-04-03 00:00:00,0.0,0.0,0.0,0.0046981711369436935,0.0,0.0,0.031820332947154084,0.045441419385599036,0.0,0.0,0.0,7.763786997723217e-07,0.0,0.0018094526406141895,0.00011451182204122372,0.0,0.0,0.006852436062858619,0.0,0.0,0.0,0.0,0.002033526114669508
2018-04-03 01:00:00,0.0,0.0,0.0,0.0047859749946070245,0.0,0.0,0.040528720577797266,0.05141764363509632,0.0,0.0,0.0,7.9088839787838e-07,0.0,0.0018136068376909294,0.00011416996967385866,0.0,0.0,0.00698050085725896,0.0,0.0,0.0,0.0,0.0018254244254707036
2018-04-03 02:00:00,0.0,0.0,0.0,0.004479493758387564,0.0,0.0,0.04690485083900959,0.04930927897755033,0.0,0.0,0.0,7.402419874465394e-07,0.0,0.0017241387838902874,0.00011895787707565701,0.0,0.0,0.006533487963423441,0.0,0.0,0.0,0.0,0.0016704912978817898
2018-04-03 03:00:00,0.0,0.0,0.0,0.0039280047625886985,0.0,0.0,0.046491817186786216,0.05018430024786881,0.0,0.0,0.0,6.491077360502395e-07,0.0,0.0015546457816164336,0.00012621045905941862,0.0,0.0,0.005729123249382771,0.0,0.0,0.0,0.0,0.001623795957084258
2018-04-03 04:00:00,0.0,0.0,0.0,0.0036836945027584967,0.0,0.0,0.07273581873602003,0.04712622513936633,0.0,0.0,0.0,6.08735157798141e-07,0.030200602704117417,0.0014314740374713041,0.0002006637126591938,0.0,0.0,0.005372788755344759,0.0,8.296632640580132e-06,0.0,0.0,0.0015924543989205894
2018-04-03 05:00:00,0.0,0.0,0.0,0.0031461513329382367,0.0,0.0,0.0833847122984073,0.040184515708241546,0.0,0.0,0.0,5.199054717156463e-07,0.08169329817613062,0.0012968368588237105,0.0002668961394175826,0.0,0.0,0.0045887644840160845,0.0,0.0005682661537158897,0.0,0.0,0.0014444813875748967
2018-04-03 06:00:00,0.0,0.0,0.0,0.002992766949006969,0.0,0.0,0.09074762867826952,0.03827677737008336,0.0,0.0,0.0,4.945585090165811e-07,0.06758111210314295,0.0012155787619610265,0.00023293189856825468,0.0,0.0,0.004365048349951689,0.0,0.0017299136098626793,0.0,0.0,0.0007003914200117581
2018-04-03 07:00:00,0.0,0.0,0.0,0.003035849094437888,0.0,0.0,0.1014075999885354,0.03794178455125732,0.0,0.0,0.0,5.016778878297628e-07,0.05198248955241364,0.0012305948283998847,0.00021339125027128658,0.0,0.0,0.004427885066284716,0.0,0.0033928274129032196,0.0,0.0,0.00042568956334947594
2018-04-03 08:00:00,0.0,0.0,0.0,0.0030068239005300807,0.0,0.0,0.09760195520511888,0.03704218559110464,0.0,0.0,0.0,4.96881437966627e-07,0.03576100282810525,0.0012172764225334253,0.0001617780967689412,0.0,0.0,0.004385550872900116,0.0,0.004978804160874081,0.0,0.0,0.00025062020399889054
2018-04-03 09:00:00,0.0,0.0,0.0,0.002963819215857563,0.0,0.0,0.09436489904339164,0.03564741332154372,0.0,0.0,0.0,4.897748596413665e-07,0.02633005123500366,0.0011780956015298891,0.00014031576881693808,0.0,0.0,0.004322827135613371,0.0,0.006192399464982297,0.0,0.0,0.00026444964387550395
2018-04-03 10:00:00,0.0,0.0,0.0,0.002963572553212432,0.0,0.0,0.0917924134204811,0.03608115269376046,0.0,0.0,0.0,4.964427846069519e-07,0.0,0.0011758599549109212,9.925314402650564e-05,0.0,0.0,0.00438167925187057,0.0,0.007048736443384065,0.0,0.0,0.000376459736159117
2018-04-03 11:00:00,0.0,0.0,0.0,0.0030246353759426784,0.0,0.0,0.08109411212099611,0.03624387670464184,0.0,0.0,0.0,4.99824806719868e-07,0.0,0.001147853633331014,9.404726795251796e-05,0.0,0.0,0.004411529491577979,0.0,0.007283103481772143,0.0,0.0,0.0005063027880458767
2018-04-03 12:00:00,0.0,0.0,0.0,0.0030422767757874486,0.0,0.0,0.08089080017502179,0.036329922765918586,0.0,0.0,0.0,5.027400702712414e-07,0.0,0.0011424583925701518,0.00010452212425457892,0.0,0.0,0.0044372600494848695,0.0,0.006969848294626826,0.0,0.0,0.000762715372904417
2018-04-03 13:00:00,0.0,0.0,0.0,0.003107407530498951,0.0,0.0,0.08406222333162998,0.03710769397568711,0.0,0.0,0.0,5.135030095478641e-07,0.004491598094607415,0.0011431995225486672,8.775788992561126e-05,0.0,0.0,0.004532255382642664,0.0,0.006262978501566192,0.0,0.0,0.0009963197185256579
2018-04-03 14:00:00,0.0,0.0,0.0,0.003236056351804521,0.0,0.0,0.08795929104362242,0.03867731314225008,0.0,0.0,0.0,5.347623893578204e-07,0.023077680532559437,0.0012381628551895259,0.00012159844564944672,0.0,0.0,0.004719893890662621,0.0,0.005086145381652249,0.0,0.0,0.001312644960396037
2018-04-03 15:00:00,0.0,0.0,0.0,0.0032090160088286803,0.0,0.0,0.0802172881982176,0.038563471118529896,0.0,0.0,0.0,5.30293938611976e-07,0.04381528145476784,0.0013341210677627392,0.0001126776108971201,0.0,0.0,0.004680454667194859,0.0,0.0033142740386797633,0.0,0.0,0.001879666375280592
2018-04-03 16:00:00,0.0,0.0,0.0,0.003236154668366193,0.0,0.0,0.06726740127230356,0.039922953467158066,0.0,0.0,0.0,5.347786362935093e-07,0.06997096868952513,0.0013830572581800865,0.00021320582545411956,0.0,0.0,0.004720037288579202,0.0,0.0016537824191570074,0.0,0.0,0.00264072162690701
2018-04-03 17:00:00,0.0,0.0,0.0,0.0030904139528870928,0.0,0.0,0.06614491578733353,0.03864495141280856,0.0,0.0,0.0,5.106947994366936e-07,0.07462959639776011,0.0013113272547995596,0.0004324499594572025,0.0,0.0,0.004507469694622742,0.0,0.000368849241192346,0.0,0.0,0.0033427663563288484
2018-04-03 18:00:00,0.0,0.0,0.0,0.003038362371162143,0.0,0.0,0.06026494769467122,0.03801492341991956,0.0,0.0,0.0,5.020932099750124e-07,0.07188730203325805,0.0013462573234714233,0.0005179334013886797,0.0,0.0,0.004431550762479944,0.0,1.8308728249118447e-05,0.0,0.0,0.003374023061150549
2018-04-03 19:00:00,0.0,0.0,0.0,0.0034113454853036806,0.0,0.0,0.05509895046935086,0.04287324988582575,0.0,0.0,0.0,5.656400857572165e-07,0.04989889180464473,0.001536484521955249,0.00036071196439667504,0.0,0.0,0.004992425118537975,0.0,0.0,0.0,0.0,0.003721024099551803
2018-04-03 20:00:00,0.0,0.0,0.0,0.0035348076208500567,0.0,0.0,0.04585040229188519,0.044352295421683625,0.0,0.0,0.0,5.921332131526489e-07,0.055756838390457156,0.0015582753740384064,0.0003085427521691022,0.0,0.0,0.005226257475911519,0.0,0.0,0.0,0.0,0.0033637442719325903
2018-04-03 21:00:00,0.0,0.0,0.0,0.004053489777352254,0.0,0.0,0.043623160677982865,0.04990099514224705,0.0,0.0,0.0,6.790202420599624e-07,0.00913595683300047,0.0017425985620246826,0.0002738196957543763,0.0,0.0,0.005993135560606162,0.0,0.0,0.0,0.0,0.0028940188873476744
2018-04-03 22:00:00,0.0,0.0,0.0,0.004256949926133221,0.0,0.0,0.03832673353616562,0.047679271883605705,0.0,0.0,0.0,7.131028639643528e-07,0.0,0.0017892054975760406,0.00020746736814472805,0.0,0.0,0.006293953946688765,0.0,0.0,0.0,0.0,0.0026320958173379166
2018-04-03 23:00:00,0.0,0.0,0.0,0.004338097871389058,0.0,0.0,0.03916697117028435,0.04214094220392206,0.0,0.0,0.0,7.266963600521312e-07,0.0,0.0017997164161870588,0.00020115991262818186,0.0,0.0,0.0064139322032271484,0.0,0.0,0.0,0.0,0.0023248975272409833
2018-04-04 00:00:00,0.0,0.0,0.0,0.004316905530810978,0.0,0.0,0.03907564191305012,0.019307263430462285,0.0,0.0,0.0,7.231463256325191e-07,0.0,0.0017857762363224998,0.0001265172981960838,0.0,0.0,0.0063825990614389035,0.0,0.0,0.0,0.0,0.0021325685668541166
2018-04-04 01:00:00,0.0,0.0,0.0,0.004598929982186453,0.0,0.0,0.04171562910325169,0.02125690013599006,0.0,0.0,0.0,7.703896447867349e-07,0.0,0.0018837139659522205,0.00013186139457874323,0.0,0.0,0.006799575755926301,0.0,0.0,0.0,0.0,0.002053781708983342
2018-04-04 02:00:00,0.0,0.0,0.0,0.004541737458594076,0.0,0.0,0.04627591612761369,0.02181454513163869,0.0,0.0,0.0,7.608090405797884e-07,0.0,0.0018560607422736584,0.00015459457999790173,0.0,0.0,0.00671501589127403,0.0,0.0,0.0,0.0,0.0022178813777180726
2018-04-04 03:00:00,0.0,0.0,0.0,0.004651258560639699,0.0,0.0,0.05621780336818748,0.023651885401802297,0.0,0.0,0.0,7.791554653412859e-07,0.0,0.001873422325264758,0.00021252304991836867,0.0,0.0,0.00687694421658367,0.0,0.0,0.0,0.0,0.0025148949984254505
2018-04-04 04:00:00,0.0,0.0,0.0,0.0037956008403590433,0.0,0.0,0.06127168727065001,0.019446138956751825,0.0,0.0,0.0,6.358199830140153e-07,0.08093546784979078,0.0015759239631933963,0.0002554843592721053,0.0,0.0,0.0056118435273521654,0.0,1.1772379349183071e-05,0.0,0.0,0.002012547874153987
2018-04-04 05:00:00,0.0,0.0,0.0,0.003084014498465077,0.0,0.0,0.06071587465374006,0.015778975268922336,0.0,0.0,0.0,5.166186141542622e-07,0.10602035468085855,0.0013574408949629177,0.0003522832258645668,0.0,0.0,0.004559754181062497,0.0,0.0005256151196825914,0.0,0.0,0.0019985717485011645
2018-04-04 06:00:00,0.0,0.0,0.0,0.002936529761443856,0.0,0.0,0.05726806905907469,0.014615561134481276,0.0,0.0,0.0,4.919127119975989e-07,0.11450144546985615,0.0012803106975546536,0.0004558459364000208,0.0,0.0,0.004341696144496808,0.0,0.0016198142628239625,0.0,0.0,0.0019179951115695208
2018-04-04 07:00:00,0.0,0.0,0.0,0.002875247765362497,0.0,0.0,0.05544707401319477,0.01343393338489767,0.0,0.0,0.0,4.800032132846856e-07,0.10899786883879933,0.0012560647165393733,0.00039133456060510055,0.0,0.0,0.00423658110399548,0.0,0.0030391171423236056,0.0,0.0,0.0018291737044322219
2018-04-04 08:00:00,0.0,0.0,0.0,0.002799225358590232,0.0,0.0,0.05314012552091677,0.01297738318729487,0.0,0.0,0.0,4.68912168272911e-07,0.0841189140169045,0.0012136481795176116,0.00036040323223353386,0.0,0.0,0.0041386898598954535,0.0,0.00430520473099495,0.0,0.0,0.0019084687626283515
2018-04-04 09:00:00,0.0,0.0,0.0,0.0027619479898551916,0.0,0.0,0.052275403091039466,0.012650755295233134,0.0,0.0,0.0,4.6266765075044186e-07,0.08318967698296657,0.0011953570706810948,0.00027096786742604256,0.0,0.0,0.004083574801897767,0.0,0.005283646991113413,0.0,0.0,0.0019274727657413412
2018-04-04 10:00:00,0.0,0.0,0.0,0.00279987957040879,0.0,0.0,0.042214230338096126,0.012493163284251804,0.0,0.0,0.0,4.690217585498811e-07,0.07580445985564715,0.001164009689248083,0.0002526110696988301,0.0,0.0,0.004139657120288183,0.0,0.00598976179432179,0.0,0.0,0.0020525323317213532
2018-04-04 11:00:00,0.0,0.0,0.0,0.0028248292234047062,0.0,0.0,0.040409872883673786,0.01248944937286117,0.0,0.0,0.0,4.6998214329235863e-07,0.09682838558562733,0.0011521528655237241,0.0002455695109630702,0.0,0.0,0.004148133621569713,0.0,0.00637226586229963,0.0,0.0,0.0020805826871177933
2018-04-04 12:00:00,0.0,0.0,0.0,0.0028348419616978852,0.0,0.0,0.04122490676589891,0.01266889991969999,0.0,0.0,0.0,4.748784826814574e-07,0.07434279751869219,0.0011840693180600105,0.00025657268496741525,0.0,0.0,0.004191349455048523,0.0,0.00629396749964462,0.0,0.0,0.002205858813633372
2018-04-04 13:00:00,0.0,0.0,0.0,0.0028273279791910418,0.0,0.0,0.041425270077290965,0.012605799379465474,0.0,0.0,0.0,4.7361977808347427e-07,0.07726909168306997,0.0011917039402078772,0.00025874135884661263,0.0,0.0,0.004180239937512512,0.0,0.005573483704337608,0.0,0.0,0.002290678444104483
2018-04-04 14:00:00,0.0,0.0,0.0,0.0030477959361948376,0.0,0.0,0.045445019061829614,0.013620590570133415,0.0,0.0,0.0,5.105514625711476e-07,0.060559002039102146,0.0013354708979669912,0.0002771816552704594,0.0,0.0,0.004506204581725013,0.0,0.004726105553289541,0.0,0.0,0.0027296955971423237
2018-04-04 15:00:00,0.0,0.0,0.0,0.0031008236418684863,0.0,0.0,0.045954894324099924,0.013738854694015978,0.0,0.0,0.0,5.194343974051229e-07,0.09114016521020558,0.0014530479102263945,0.00036649683512818813,0.0,0.0,0.00458460671076102,0.0,0.0032028576314055025,0.0,0.0,0.002650481886215941
2018-04-04 16:00:00,0.0,0.0,0.0,0.003030240425780707,0.0,0.0,0.045649124424643965,0.013394480007241645,0.0,0.0,0.0,5.076106516685293e-07,0.10626205713304558,0.0014736054770111884,0.00044523717033546645,0.0,0.0,0.004480248539024385,0.0,0.001573186490046579,0.0,0.0,0.0031347773301455746
2018-04-04 17:00:00,0.0,0.0,0.0,0.0030251717561461332,0.0,0.0,0.0450567065115804,0.013403662217356635,0.0,0.0,0.0,5.06761573597229e-07,0.09906680963681663,0.0014659049870240147,0.00046092560651686825,0.0,0.0,0.004472754447290971,0.0,0.00037429665498405905,0.0,0.0,0.0034591912639598803
2018-04-04 18:00:00,0.0,0.0,0.0,0.0030659247125929354,0.0,0.0,0.04564939885475689,0.013559133963472114,0.0,0.0,0.0,5.118354430050297e-07,0.09503337890101872,0.0014717837722078959,0.00045423000068449453,0.0,0.0,0.004517537187619171,0.0,2.0032843873415987e-05,0.0,0.0,0.003474313065836519
2018-04-04 19:00:00,0.0,0.0,0.0,0.003187657163742346,0.0,0.0,0.036782400829522714,0.014112493565173337,0.0,0.0,0.0,5.339803127226203e-07,0.08175321629957422,0.0015458457903172451,0.0003860463549201954,0.0,0.0,0.004712991163758167,0.0,0.0,0.0,0.0,0.0031374731429223033
2018-04-04 20:00:00,0.0,0.0,0.0,0.003623207730712907,0.0,0.0,0.0308887882592331,0.01617949457315082,0.0,0.0,0.0,6.069415554192498e-07,0.04251894529846298,0.0017446818960691812,0.00046903144073488247,0.0,0.0,0.005356958148931744,0.0,0.0,0.0,0.0,0.002991328680791227
2018-04-04 21:00:00,0.0,0.0,0.0,0.003788684026128495,0.0,0.0,0.03198253206829287,0.016834406818828664,0.0,0.0,0.0,6.324952334786914e-07,0.038229644701085516,0.001852127628837714,0.000474719149705768,0.0,0.0,0.005582498784094128,0.0,0.0,0.0,0.0,0.002725160275296925
2018-04-04 22:00:00,0.0,0.0,0.0,0.004187048002943242,0.0,0.0,0.03472707548703914,0.017917286042662867,0.0,0.0,0.0,6.737066695308901e-07,0.0,0.0020119947933292625,0.0003284084612563993,0.0,0.0,0.005946237164203083,0.0,0.0,0.0,0.0,0.0022610180320344325
2018-04-04 23:00:00,0.0,0.0,0.0,0.004248885520536509,0.0,0.0,0.02483127255974895,0.018210310973809495,0.0,0.0,0.0,6.836564833377856e-07,0.0,0.002063017548536954,0.00033236471365808286,0.0,0.0,0.006034055728737494,0.0,0.0,0.0,0.0,0.0017510787948522976
2018-04-05 00:00:00,0.0,0.0,0.0,0.004238265081703822,0.0,0.0,0.021579816172030055,0.01816479280371836,0.0,0.0,0.0,6.819476277264106e-07,0.0,0.002070175615871952,0.0003359032638479735,0.0,0.0,0.006018973110137784,0.0,0.0,0.0,0.0,0.0014355509573280606
2018-04-05 01:00:00,0.0,0.0,0.0,0.004099200772842245,0.0,0.0,0.028318243537962855,0.017582481703286263,0.0,0.0,0.0,6.595718268500196e-07,0.0,0.0019966952172371143,0.0002718416040198073,0.0,0.0,0.005821480900594054,0.0,0.0,0.0,0.0,0.0014320537670647058
2018-04-05 02:00:00,0.0,0.0,0.0,0.00391197669788331,0.0,0.0,0.039813189394845565,0.016753275376932154,0.0,0.0,0.0,6.294469971590486e-07,0.0,0.0018852800024452407,0.00026847925911785956,0.0,0.0,0.005555594588382732,0.0,0.0,0.0,0.0,0.0013004516638040798
2018-04-05 03:00:00,0.0,0.0,0.0,0.003901880939625414,0.0,0.0,0.04957688140387541,0.01780577914413581,0.0,0.0,0.0,6.278225639861938e-07,0.0,0.0018721296635456626,0.00028346607147463525,0.0,0.0,0.005541257095019455,0.0,0.0,0.0,0.0,0.0012142672647154887
2018-04-05 04:00:00,0.0,0.0,0.0,0.0036086214867037804,0.0,0.0,0.05808317814513604,0.016919364553412634,0.0,0.0,0.0,5.88378190677172e-07,0.00420974561239628,0.001844157558518091,0.0003905991932655919,0.0,0.0,0.005193115078476675,0.0,9.780374851327773e-05,0.0,0.0,0.0007815628557688583
2018-04-05 05:00:00,0.0,0.0,0.0,0.0031192744032039615,0.0,0.0,0.05431824228657085,0.014667284075546527,0.0,0.0,0.0,5.085911715443426e-07,0.06584978681797454,0.0015868392274148246,0.0004424395422325361,0.0,0.0,0.004488902756044175,0.0,0.0005152506243047084,0.0,0.0,0.0007055799468099086
2018-04-05 06:00:00,0.0,0.0,0.0,0.003091119191078219,0.0,0.0,0.06099445689229886,0.013969414616415439,0.0,0.0,0.0,5.040005230571807e-07,0.04608099961116782,0.001571815945781627,0.0003400543153447811,0.0,0.0,0.004448384996792715,0.0,0.0012285709893555127,0.0,0.0,0.000616315817856804
2018-04-05 07:00:00,0.0,0.0,0.0,0.003080444833439196,0.0,0.0,0.08397084498689444,0.013514184706206519,0.0,0.0,0.0,5.022600913556486e-07,0.012325799456139422,0.0015651671290952288,0.0002703159335184193,0.0,0.0,0.004433023682835985,0.0,0.0019902183379115358,0.0,0.0,0.0006921600325088693
2018-04-05 08:00:00,0.0,0.0,0.0,0.0029070917526818046,0.0,0.0,0.100851976421713,0.012403124770373324,0.0,0.0,0.0,4.693022117626225e-07,0.0,0.0014407049815538405,0.0001836038609467096,0.0,0.0,0.004142132442845973,0.0,0.002305453298929981,0.0,0.0,0.0010092759994401411
2018-04-05 09:00:00,0.0,0.0,0.0,0.0028018569467021777,0.0,0.0,0.09781099101037403,0.011914816997664305,0.0,0.0,0.0,4.5082590663823863e-07,0.0,0.001378974885027245,0.0001851588229361533,0.0,0.0,0.003979057773770384,0.0,0.0024767196221268,0.0,0.0,0.0009505368665234189
2018-04-05 10:00:00,0.0,0.0,0.0,0.002823451685873075,0.0,0.0,0.09787070382829213,0.012138041955672854,0.0,0.0,0.0,4.6035789581130384e-07,0.0,0.0013559736475428409,0.00018221143839654744,0.0,0.0,0.004063188554766108,0.0,0.002801582198683816,0.0,0.0,0.0010510717952955109
2018-04-05 11:00:00,0.0,0.0,0.0,0.002757317202787433,0.0,0.0,0.09007303326317094,0.011853729270449047,0.0,0.0,0.0,4.4957480657828944e-07,0.0,0.001306726297717648,0.00014808044974680033,0.0,0.0,0.003968015375039513,0.0,0.002796008311359707,0.0,0.0,0.0015745627594599754
2018-04-05 12:00:00,0.0,0.0,0.0,0.002630146340345763,0.0,0.0,0.08388616572187726,0.011289199918511267,0.0,0.0,0.0,4.288398632693328e-07,0.0,0.0012510007343551756,0.00012611077488646543,0.0,0.0,0.0037850056230547017,0.0,0.0023725197824610994,0.0,0.0,0.0019181913181401486
2018-04-05 13:00:00,0.0,0.0,0.0,0.002641364762045709,0.0,0.0,0.08443347421188183,0.011391041659101155,0.0,0.0,0.0,4.306690034787974e-07,0.0,0.001257047026407917,0.00015711419348794683,0.0,0.0,0.0038011498917460457,0.0,0.002004098129588236,0.0,0.0,0.0019813398534746923
2018-04-05 14:00:00,0.0,0.0,0.0,0.002762348239957839,0.0,0.0,0.08220798015092783,0.011922147959570601,0.0,0.0,0.0,4.5039510667306513e-07,0.0,0.0013400797769336844,0.00017667801850832193,0.0,0.0,0.003975255467990873,0.0,0.0017240344256840231,0.0,0.0,0.0015559748828755742
2018-04-05 15:00:00,0.0,0.0,0.0,0.0030595028555313853,0.0,0.0,0.05886540614007053,0.013173556990730695,0.0,0.0,0.0,4.988455456306398e-07,0.0,0.0015752281915985711,0.0003168773517408086,0.0,0.0,0.0044028863847993555,0.0,0.001445346463881433,0.0,0.0,0.0012376412169794418
2018-04-05 16:00:00,0.0,0.0,0.0,0.0031873505289601247,0.0,0.0,0.052027778187601875,0.01372404139671871,0.0,0.0,0.0,5.196908415563697e-07,0.025190456107983622,0.0016916753754315536,0.00034486467534899,0.0,0.0,0.004586870125703531,0.0,0.0008516196542892747,0.0,0.0,0.0008861957462273103
2018-04-05 17:00:00,0.0,0.0,0.0,0.003129436062433025,0.0,0.0,0.05271183312332323,0.0134534713002046,0.0,0.0,0.0,5.102480088417715e-07,0.0648607658675137,0.0016134492271420988,0.00042346490826098587,0.0,0.0,0.004503526253121722,0.0,0.00026381809604424447,0.0,0.0,0.0008043123321629815
2018-04-05 18:00:00,0.0,0.0,0.0,0.0030581896589227725,0.0,0.0,0.05325452825856781,0.013198982985299154,0.0,0.0,0.0,4.986314316684451e-07,0.06855422380031471,0.0015924309582229306,0.0003874181020952378,0.0,0.0,0.0044009965825204745,0.0,5.111101932706653e-05,0.0,0.0,0.0018297097068978654
2018-04-05 19:00:00,0.0,0.0,0.0,0.0031103994110222837,0.0,0.0,0.053449588274046105,0.013392706540854187,0.0,0.0,0.0,5.071441226196022e-07,0.052170078435654535,0.0015967659616276636,0.0004895892345739725,0.0,0.0,0.004476130882936991,0.0,0.0,0.0,0.0,0.0027619969282432254
2018-04-05 20:00:00,0.0,0.0,0.0,0.003276332720678664,0.0,0.0,0.04544780645402721,0.014140476771361883,0.0,0.0,0.0,5.341992019257656e-07,0.04054160407366049,0.001674715052437603,0.00039731084064600414,0.0,0.0,0.004714923113037357,0.0,0.0,0.0,0.0,0.004000734280265992
2018-04-05 21:00:00,0.0,0.0,0.0,0.003327758573807153,0.0,0.0,0.0443739260482641,0.014351155542905794,0.0,0.0,0.0,5.425840797882006e-07,0.05018996119881398,0.0016502683951388649,0.0003360054701868619,0.0,0.0,0.00478892931576299,0.0,0.0,0.0,0.0,0.0047792947465969795
2018-04-05 22:00:00,0.0,0.0,0.0,0.0036825670929446336,0.0,0.0,0.04362466692695379,0.015881288253303892,0.0,0.0,0.0,6.004348672138574e-07,0.0,0.0018329459887234608,0.0003536159789766246,0.0,0.0,0.005299529132755124,0.0,0.0,0.0,0.0,0.005355747305200343
2018-04-05 23:00:00,0.0,0.0,0.0,0.0038200019145716723,0.0,0.0,0.037148133589672526,0.016551630274704632,0.0,0.0,0.0,6.228433276142914e-07,0.0,0.0018749640686659787,0.00028561578057723015,0.0,0.0,0.0054973096002075466,0.0,0.0,0.0,0.0,0.005424050326738692
2018-04-06 00:00:00,0.0,0.0,0.0,0.0038517260082832124,0.0,0.0,0.037180295950264224,0.016728232167823234,0.0,0.0,0.0,6.280158747843518e-07,0.0,0.0018644731913075954,0.00028462090128042477,0.0,0.0,0.0055429632854198715,0.0,0.0,0.0,0.0,0.005686900934996197
2018-04-06 01:00:00,0.0,0.0,0.0,0.003981471174421173,0.0,0.0,0.038228670965417,0.017305210599607188,0.0,0.0,0.0,6.491705529301867e-07,0.0,0.00191008814017751,0.00026738495496434736,0.0,0.0,0.005729677680684961,0.0,0.0,0.0,0.0,0.005727297852485416
2018-04-06 02:00:00,0.0,0.0,0.0,0.00410998035101609,0.0,0.0,0.039647920821426305,0.017849843257057935,0.0,0.0,0.0,6.7012370556449e-07,0.0,0.001967201707169912,0.0002668147779603611,0.0,0.0,0.005914613381244477,0.0,0.0,0.0,0.0,0.005605475877114146
2018-04-06 03:00:00,0.0,0.0,0.0,0.003850362025563339,0.0,0.0,0.041113522399153356,0.017622340175870395,0.0,0.0,0.0,6.277934802528692e-07,0.01981184687736759,0.0018281129324272019,0.0004699589165149694,0.0,0.0,0.00554100039758155,0.0,0.0,0.0,0.0,0.004930388418052977
2018-04-06 04:00:00,0.0,0.0,0.0,0.003423754454566579,0.0,0.0,0.03704385638931308,0.016615719681425587,0.0,0.0,0.0,5.619825578815985e-07,0.06886877517222396,0.001673554269740847,0.000522174460386699,0.0,0.0,0.004960143223216601,0.0,2.459687840983754e-05,0.0,0.0,0.003944367561416557
2018-04-06 05:00:00,0.0,0.0,0.0,0.002997957541775866,0.0,0.0,0.03281799039576462,0.014513788183033624,0.0,0.0,0.0,4.954162610114532e-07,0.09180465081226785,0.001586378086689383,0.0006352281523121983,0.0,0.0,0.00437261899904906,0.0,0.0006485145718588098,0.0,0.0,0.0032924894006229103
2018-04-06 06:00:00,0.0,0.0,0.0,0.0029402043114383786,0.0,0.0,0.03212469314923178,0.013345816379953739,0.0,0.0,0.0,4.85872466932841e-07,0.09241415270757643,0.0015247714206117983,0.0005691161938479079,0.0,0.0,0.004288384026167969,0.0,0.001952594982396663,0.0,0.0,0.003357621692346569
2018-04-06 07:00:00,0.0,0.0,0.0,0.0029445614957378215,0.0,0.0,0.03208665230847737,0.012819647476787604,0.0,0.0,0.0,4.865924971280949e-07,0.06563175451770391,0.0015103442426162884,0.0003937162195070626,0.0,0.0,0.004294739121790444,0.0,0.0036913732570120535,0.0,0.0,0.003512262687135475
2018-04-06 08:00:00,0.0,0.0,0.0,0.002900612446369845,0.0,0.0,0.030902669651306135,0.012668144166899013,0.0,0.0,0.0,4.793298613470714e-07,0.03604296936339077,0.0014861785748053447,0.0003679088107366696,0.0,0.0,0.004230637997748932,0.0,0.005194122216763699,0.0,0.0,0.002950748520746156
2018-04-06 09:00:00,0.0,0.0,0.0,0.0029765191636279436,0.0,0.0,0.030728117963024805,0.01243756720410802,0.0,0.0,0.0,4.918735420115363e-07,0.035337736526005026,0.0014631933272312805,0.0002928321140056647,0.0,0.0,0.004341350424263684,0.0,0.006603332296948026,0.0,0.0,0.002524236318082415
2018-04-06 10:00:00,0.0,0.0,0.0,0.0030807737467911968,0.0,0.0,0.031824885665428355,0.01324100320397493,0.0,0.0,0.0,5.073875959496955e-07,0.0191935646154441,0.0014544126715628086,0.0002541009106773893,0.0,0.0,0.004478279815446302,0.0,0.007703554296140662,0.0,0.0,0.0022948869251180246
2018-04-06 11:00:00,0.0,0.0,0.0,0.0031654090065831265,0.0,0.0,0.03164545493733794,0.013758248419512422,0.0,0.0,0.0,5.161133221949049e-07,0.0,0.0014666993075252775,0.000280336204364183,0.0,0.0,0.004555294397653204,0.0,0.008071696200000793,0.0,0.0,0.0019576173207831323
2018-04-06 12:00:00,0.0,0.0,0.0,0.0031743955119428904,0.0,0.0,0.031858930633319064,0.01375429094021555,0.0,0.0,0.0,5.175785531102476e-07,0.0,0.0014776035015802772,0.00024390946232011977,0.0,0.0,0.004568226747764888,0.0,0.0076484110700922375,0.0,0.0,0.0016143998595181427
2018-04-06 13:00:00,0.0,0.0,0.0,0.0033859395321615207,0.0,0.0,0.03435683429218662,0.014728239829983435,0.0,0.0,0.0,5.520703634382147e-07,0.0,0.0016005640732356958,0.0002739515838472395,0.0,0.0,0.004872656692885682,0.0,0.007185026284026115,0.0,0.0,0.0012762791061218621
2018-04-06 14:00:00,0.0,0.0,0.0,0.00354660707182374,0.0,0.0,0.03649602254060098,0.015427115292631731,0.0,0.0,0.0,5.782668699533267e-07,0.0,0.0017173289588993878,0.00027205521633569675,0.0,0.0,0.005103871029417206,0.0,0.005954866483629332,0.0,0.0,0.001112216001826263
2018-04-06 15:00:00,0.0,0.0,0.0,0.0038872187397765044,0.0,0.0,0.04138754717235711,0.016605834583271594,0.0,0.0,0.0,6.338028904675316e-07,0.0,0.001986367518906981,0.0003543720981151195,0.0,0.0,0.005594040362850482,0.0,0.0043324435199386755,0.0,0.0,0.0010077250477413596
2018-04-06 16:00:00,0.0,0.0,0.0,0.004158867544389186,0.0,0.0,0.045004455762161666,0.012835125066980702,0.0,0.0,0.0,6.780946602601072e-07,0.012475674950300147,0.002208423336527462,0.0005100964381477089,0.0,0.0,0.005984966235370534,0.0,0.0023161032742166033,0.0,0.0,0.0008652990738305357
2018-04-06 17:00:00,0.0,0.0,0.0,0.004039777555460217,0.0,0.0,0.04306981721651696,0.009826267009503115,0.0,0.0,0.0,6.586772864867788e-07,0.045903737472429616,0.0021436407307656043,0.000533385691045995,0.0,0.0,0.005813585551782255,0.0,0.0005615730040311111,0.0,0.0,0.0006258863911906647
2018-04-06 18:00:00,0.0,0.0,0.0,0.003817629628718636,0.0,0.0,0.040130127730821585,0.0028064683570339435,0.0,0.0,0.0,6.224565313644987e-07,0.07470741263011535,0.0019997681048686097,0.0005150425293063488,0.0,0.0,0.005493895677888662,0.0,3.940893349024105e-05,0.0,0.0,0.0006053388589100947
2018-04-06 19:00:00,0.0,0.0,0.0,0.0042657964030051905,0.0,0.0,0.044237804740534376,0.0,0.0,0.0,0.0,6.95529187155065e-07,0.022086160032683533,0.0022069934653031597,0.00047591970391647355,0.0,0.0,0.006138846011913762,0.0,0.0,0.0,0.0,0.0008764847977555356
2018-04-06 20:00:00,0.0,0.0,0.0,0.004178802508509513,0.0,0.0,0.03906975322408757,0.0,0.0,0.0,0.0,6.813450144919239e-07,0.0,0.0021262570711305467,0.0003179663962294233,0.0,0.0,0.0060136543544053525,0.0,0.0,0.0,0.0,0.0009208319071429222
2018-04-06 21:00:00,0.0,0.0,0.0,0.004199742792335568,0.0,0.0,0.02577527003609317,0.0,0.0,0.0,0.0,6.847592840004433e-07,0.0,0.002114558834117443,0.000250615784046735,0.0,0.0,0.006043789214513387,0.0,0.0,0.0,0.0,0.0007460140873522015
2018-04-06 22:00:00,0.0,0.0,0.0,0.004013177495278857,0.0,0.0,0.019869180916419062,0.0,0.0,0.0,0.0,6.654307141765165e-07,0.0,0.001994327249428356,0.00018916029032742775,0.0,0.0,0.00587319232804059,0.0,0.0,0.0,0.0,0.0007813885538141451
2018-04-06 23:00:00,0.0,0.0,0.0,0.004021141410059878,0.0,0.0,0.019189719316132507,0.0,0.0,0.0,0.0,6.644986843910161e-07,0.0,0.001971342236114358,0.00015865819708005483,0.0,0.0,0.005864966091906479,0.0,0.0,0.0,0.0,0.0006683220302212145
2018-04-07 00:00:00,0.0,0.0,0.0,0.0041592773631547834,0.0,0.0,0.019892138893103893,0.0,0.0,0.0,0.0,6.873258246823337e-07,0.0,0.0020328566118579814,0.00015125661860983496,0.0,0.0,0.006066441891525955,0.0,0.0,0.0,0.0,0.0005000925091977599
2018-04-07 01:00:00,0.0,0.0,0.0,0.004293418169961846,0.0,0.0,0.020997516158234596,0.0,0.0,0.0,0.0,7.094927620159589e-07,0.0,0.002105809863587646,0.0001590107086695461,0.0,0.0,0.006262090639788376,0.0,0.0,0.0,0.0,0.0004152780038807833
2018-04-07 02:00:00,0.0,0.0,0.0,0.004343372134728017,0.0,0.0,0.02143132102285384,0.0,0.0,0.0,0.0,7.177477176323399e-07,0.0,0.002142960650405889,0.000170902880327489,0.0,0.0,0.006334950129080874,0.0,0.0,0.0,0.0,0.0003435646274021392
2018-04-07 03:00:00,0.0,0.0,0.0,0.004261196946481039,0.0,0.0,0.022376970270453548,0.0,0.0,0.0,0.0,7.113780771835212e-07,0.0,0.0021239429809605873,0.00020715159902512422,0.0,0.0,0.006278730717173094,0.0,0.0,0.0,0.0,0.0004768869104036252
2018-04-07 04:00:00,0.0,0.0,0.0,0.004117702519784565,0.0,0.0,0.021584748895526303,0.0,0.0,0.0,0.0,6.897768380561665e-07,0.0,0.002086876131239527,0.00022070398397716883,0.0,0.0,0.006088074907009669,0.0,0.0002555345337627557,0.0,0.0,0.0006040578159670292
2018-04-07 05:00:00,0.0,0.0,0.0,0.0037859982082359095,0.0,0.0,0.02164798032807189,0.0,0.0,0.0,0.0,6.342113983260523e-07,0.0,0.0020981552394122365,0.00023717432754992839,0.0,0.0,0.005597645915118352,0.0,0.0011430765190478108,0.0,0.0,0.0006062401005809515
2018-04-07 06:00:00,0.0,0.0,0.0,0.003563430186870104,0.0,0.0,0.026101469808132355,0.0,0.0,0.0,0.0,5.96927921607546e-07,0.0,0.0019381191698796593,0.0002845031164759905,0.0,0.0,0.0052685762993630965,0.0,0.0026730866522646285,0.0,0.0,0.0004512470456125141
2018-04-07 07:00:00,0.0,0.0,0.0,0.0032833304967756693,0.0,0.0,0.044808123125540444,0.0,0.0,0.0,0.0,5.500070287927926e-07,0.0,0.0017372130535957223,0.00023042435568247486,0.0,0.0,0.0048544453886108715,0.0,0.004331988686906023,0.0,0.0,0.000475086510457033
2018-04-07 08:00:00,0.0,0.0,0.0,0.0031466663735907827,0.0,0.0,0.05217447532470377,0.0,0.0,0.0,0.0,5.271137415013343e-07,0.0,0.0016160747296281898,0.00020222369444626673,0.0,0.0,0.004652385765543705,0.0,0.005350648805506777,0.0,0.0,0.0006362545106632188
2018-04-07 09:00:00,0.0,0.0,0.0,0.0030213139829053533,0.0,0.0,0.0499242210564898,0.0,0.0,0.0,0.0,5.061153388060614e-07,0.0,0.0014950133038826611,0.00011687127394851127,0.0,0.0,0.004467050681088512,0.0,0.005962133384159504,0.0,0.0,0.0009789206794148764
2018-04-07 10:00:00,0.0,0.0,0.0,0.0030484210673591317,0.0,0.0,0.05670236422168286,0.0,0.0,0.0,0.0,5.106561814030217e-07,0.0,0.0013591090209757817,8.126186069490783e-05,0.0,0.0,0.004507128846005069,0.0,0.006944021442779682,0.0,0.0,0.0011814540758160296
2018-04-07 11:00:00,0.0,0.0,0.0,0.003002438542445926,0.0,0.0,0.05540443468911439,0.0,0.0,0.0,0.0,5.029534198538146e-07,0.0,0.0013328879404701716,0.00010857815470572806,0.0,0.0,0.004439143105233371,0.0,0.007081578669888124,0.0,0.0,0.0010250727949508843
2018-04-07 12:00:00,0.0,0.0,0.0,0.0030650848479395363,0.0,0.0,0.05018272005806052,0.0,0.0,0.0,0.0,5.13447614204101e-07,0.0,0.0013525859279242907,0.0001127906303047437,0.0,0.0,0.004531766454943556,0.0,0.006944138151402842,0.0,0.0,0.0010955286071481591
2018-04-07 13:00:00,0.0,0.0,0.0,0.0031629102591032078,0.0,0.0,0.05067192925697498,0.0,0.0,0.0,0.0,5.29834835590252e-07,0.0,0.0013944671310611027,0.0001309392698236675,0.0,0.0,0.004676402554348962,0.0,0.0064013211743231425,0.0,0.0,0.0014698108750396321
2018-04-07 14:00:00,0.0,0.0,0.0,0.0032525587401528834,0.0,0.0,0.0528000087142669,0.0,0.0,0.0,0.0,5.448522987260345e-07,0.0,0.0015003102748557757,0.00013750031662444152,0.0,0.0,0.004808948959852441,0.0,0.004819332138480169,0.0,0.0,0.00200743943054509
2018-04-07 15:00:00,0.0,0.0,0.0,0.003468356806904209,0.0,0.0,0.0568071526269464,0.0,0.0,0.0,0.0,5.8100170666096e-07,0.0,0.0017303436357001543,0.00023026660343531197,0.0,0.0,0.005128009112657913,0.0,0.0032663662424010664,0.0,0.0,0.0020783982301172763
2018-04-07 16:00:00,0.0,0.0,0.0,0.004107130778044338,0.0,0.0,0.08498420916805824,0.0,0.0,0.0,0.0,6.880059129941246e-07,0.012191462126709011,0.0021124590351852207,0.00033987694975621906,0.0,0.0,0.00607244445403187,0.0,0.00226018435235095,0.0,0.0,0.0021483739387783145
2018-04-07 17:00:00,0.0,0.0,0.0,0.0038590649764273337,0.0,0.0,0.08062336300867516,0.0,0.0,0.0,0.0,6.464511762332481e-07,0.0549248167510646,0.0019305974833654755,0.0003245895666259489,0.0,0.0,0.0057056760498415795,0.0,0.0010016241833762202,0.0,0.0,0.0020869792910201707
2018-04-07 18:00:00,0.0,0.0,0.0,0.0038344050530539154,0.0,0.0,0.0809157113405733,0.0,0.0,0.0,0.0,6.423202697655041e-07,0.04624730354131495,0.0019204913168451663,0.00029127170801835717,0.0,0.0,0.005669216043326503,0.0,0.00026547225845302753,0.0,0.0,0.0023257084593550155
2018-04-07 19:00:00,0.0,0.0,0.0,0.004155925672008765,0.0,0.0,0.08227403021539079,0.0,0.0,0.0,0.0,6.96179788476958e-07,0.011364725440621018,0.0021136821241568827,0.0002831972501294477,0.0,0.0,0.0061445883177781435,0.0,0.0,0.0,0.0,0.0025939552303081803
2018-04-07 20:00:00,0.0,0.0,0.0,0.004246078179398945,0.0,0.0,0.0825832618575206,0.0,0.0,0.0,0.0,7.112816835729853e-07,0.0069136248903979795,0.0021384756882950667,0.00032217148772128887,0.0,0.0,0.006277879932558241,0.0,0.0,0.0,0.0,0.0025306181355532428
2018-04-07 21:00:00,0.0,0.0,0.0,0.004263977228419012,0.0,0.0,0.07429251167657706,0.0,0.0,0.0,0.0,7.142800423368719e-07,0.008760945408099224,0.002082625227399781,0.00032063424538174734,0.0,0.0,0.006304343901403689,0.0,0.0,0.0,0.0,0.002522608358433704
2018-04-07 22:00:00,0.0,0.0,0.0,0.004437039746492031,0.0,0.0,0.04225725416241447,0.0,0.0,0.0,0.0,7.234500563782681e-07,0.0,0.002133229471658105,0.00025635715745959275,0.0,0.0,0.006385279835030682,0.0,0.0,0.0,0.0,0.0029185538423281074
2018-04-07 23:00:00,0.0,0.0,0.0,0.004361544695749616,0.0,0.0,0.022548317822256688,0.0,0.0,0.0,0.0,7.111407461542474e-07,0.0,0.0021425589997031967,0.00017444399054486478,0.0,0.0,0.0062766359975416726,0.0,0.0,0.0,0.0,0.003316110604581526
2018-04-08 00:00:00,0.0,0.0,0.0,0.004326249979008274,0.0,0.0,0.022232826669778008,0.0,0.0,0.0,0.0,7.053860163624833e-07,0.0,0.0021104007596381854,0.00026213109390053115,0.0,0.0,0.006225843880281557,0.0,0.0,0.0,0.0,0.003489876299298251
2018-04-08 01:00:00,0.0,0.0,0.0,0.004538629702711089,0.0,0.0,0.02334286428563882,0.0,0.0,0.0,0.0,7.400140863967616e-07,0.0,0.002230834918230878,0.00027635399961271787,0.0,0.0,0.0065314764742201445,0.0,0.0,0.0,0.0,0.003464991182657548
2018-04-08 02:00:00,0.0,0.0,0.0,0.004667204917249231,0.0,0.0,0.023870205759545977,0.0,0.0,0.0,0.0,7.609780063796755e-07,0.0,0.002290927323874404,0.00028298882733059967,0.0,0.0,0.006716507209030269,0.0,0.0,0.0,0.0,0.0037772571658842586
2018-04-08 03:00:00,0.0,0.0,0.0,0.004717744090613753,0.0,0.0,0.024264956040265354,0.0,0.0,0.0,0.0,7.769881949090215e-07,0.0,0.0023239483192564964,0.0003234856894678351,0.0,0.0,0.006857815559302923,0.0,0.0,0.0,0.0,0.004171208227996792
2018-04-08 04:00:00,0.0,0.0,0.0,0.004542910390457385,0.0,0.0,0.023199271170941758,0.0,0.0,0.0,0.0,7.507216657969405e-07,0.0,0.0023103665774533875,0.00026337054617301585,0.0,0.0,0.006625983192718765,0.0,0.0002280341863430162,0.0,0.0,0.00424570893695039
2018-04-08 05:00:00,0.0,0.0,0.0,0.004187304905317819,0.0,0.0,0.022053160414454428,0.0,0.0,0.0,0.0,6.919574113376695e-07,0.0,0.002234107440087813,0.0002687221195142092,0.0,0.0,0.006107320977253815,0.0,0.0010763674537696529,0.0,0.0,0.004039163052066868
2018-04-08 06:00:00,0.0,0.0,0.0,0.003769811082684965,0.0,0.0,0.024021032294506323,0.0,0.0,0.0,0.0,6.229660311323219e-07,0.0,0.002042238938236319,0.00029748341016552294,0.0,0.0,0.005498392600053161,0.0,0.002441733128266646,0.0,0.0,0.003509786655979337
2018-04-08 07:00:00,0.0,0.0,0.0,0.003397278751282434,0.0,0.0,0.02795724155529037,0.0,0.0,0.0,0.0,5.614045940013623e-07,0.0,0.0018393040574939583,0.00023578659833069858,0.0,0.0,0.004955042026420345,0.0,0.00377888403197601,0.0,0.0,0.00326190076679725
2018-04-08 08:00:00,0.0,0.0,0.0,0.0032233170238703313,0.0,0.0,0.028481094784804446,0.0,0.0,0.0,0.0,5.326571993659646e-07,0.0,0.001711361967454825,0.0001799035729361824,0.0,0.0,0.004701313164757091,0.0,0.00470949123028334,0.0,0.0,0.003541793126246574
2018-04-08 09:00:00,0.0,0.0,0.0,0.0031356374907230387,0.0,0.0,0.025530504219099904,0.0,0.0,0.0,0.0,5.181680460428221e-07,0.0,0.001582170186245081,0.00015698720506520424,0.0,0.0,0.004573429701724289,0.0,0.0055949669776825875,0.0,0.0,0.004085524993310872
2018-04-08 10:00:00,0.0,0.0,0.0,0.003112500813586432,0.0,0.0,0.024313954829346018,0.0,0.0,0.0,0.0,5.143446809952782e-07,0.0,0.001460646080478369,0.00010747281837157696,0.0,0.0,0.004539684102391197,0.0,0.006877518673880443,0.0,0.0,0.004106833140940733
2018-04-08 11:00:00,0.0,0.0,0.0,0.0031213758329173597,0.0,0.0,0.0245972853439247,0.0,0.0,0.0,0.0,5.158112891216655e-07,0.0,0.0014531677283814062,8.639877702305193e-05,0.0,0.0,0.004552628607976275,0.0,0.007476254885766842,0.0,0.0,0.004301574196233027
2018-04-08 12:00:00,0.0,0.0,0.0,0.0031136226136011,0.0,0.0,0.028106970674642292,0.0,0.0,0.0,0.0,5.145300598610977e-07,0.0,0.0014244086679186306,7.750519646133084e-05,0.0,0.0,0.0045413202843547235,0.0,0.007266992326428714,0.0,0.0,0.0045442645636556
2018-04-08 13:00:00,0.0,0.0,0.0,0.003172111913838427,0.0,0.0,0.028457019649632865,0.0,0.0,0.0,0.0,5.241954904180589e-07,0.0,0.0014438391520018821,0.00012221154451191478,0.0,0.0,0.004626628839227494,0.0,0.006725888139036088,0.0,0.0,0.004764164310418066
2018-04-08 14:00:00,0.0,0.0,0.0,0.0034737374635066026,0.0,0.0,0.031364979462742575,0.0,0.0,0.0,0.0,5.740394925294485e-07,0.0,0.0016475118768620848,0.0002064904284416079,0.0,0.0,0.005066559555623305,0.0,0.005496615904472376,0.0,0.0,0.00517743042688646
2018-04-08 15:00:00,0.0,0.0,0.0,0.0036860439514644,0.0,0.0,0.03354996377124431,0.0,0.0,0.0,0.0,6.091234071569452e-07,0.0,0.0019185926112772601,0.0003283075655162433,0.0,0.0,0.005376215503023993,0.0,0.0037903761982662067,0.0,0.0,0.0053404281604849954
2018-04-08 16:00:00,0.0,0.0,0.0,0.003612272888364162,0.0,0.0,0.032285629372296044,0.0,0.0,0.0,0.0,5.969326460328532e-07,0.01087097874089479,0.0019455454450649922,0.00041992836238328475,0.0,0.0,0.005268617997856834,0.0,0.0022045792788888594,0.0,0.0,0.00524432110161187
2018-04-08 17:00:00,0.0,0.0,0.0,0.003628860707443758,0.0,0.0,0.030239962888002223,0.0,0.0,0.0,0.0,5.996738040353378e-07,0.023710078184829595,0.0019345395560150804,0.00044161654418926123,0.0,0.0,0.005292811873803879,0.0,0.0010071149973743744,0.0,0.0,0.005020053634000389
2018-04-08 18:00:00,0.0,0.0,0.0,0.0034519053015528867,0.0,0.0,0.03719918003246773,0.0,0.0,0.0,0.0,5.704317002594819e-07,0.0637092915454618,0.001864521033158455,0.00041709830619918474,0.0,0.0,0.005034716634294743,0.0,0.0002408360382341568,0.0,0.0,0.003865987066793915
2018-04-08 19:00:00,0.0,0.0,0.0,0.003726470354716599,0.0,0.0,0.04390516222738856,0.0,0.0,0.0,0.0,6.158039212290298e-07,0.04191120203212426,0.0020018654111852966,0.00036612974874515624,0.0,0.0,0.005435178732643007,0.0,0.0,0.0,0.0,0.004020518944605638
2018-04-08 20:00:00,0.0,0.0,0.0,0.003816393100996096,0.0,0.0,0.043973520374278215,0.0,0.0,0.0,0.0,6.306637683485726e-07,0.040994913757722254,0.002004891322916521,0.00036581122403957597,0.0,0.0,0.005566333995300756,0.0,0.0,0.0,0.0,0.004018034822167853
2018-04-08 21:00:00,0.0,0.0,0.0,0.003981368800150113,0.0,0.0,0.03181265989869937,0.0,0.0,0.0,0.0,6.579262104925059e-07,0.030888749706678816,0.0021222324656872027,0.00039590539118283206,0.0,0.0,0.0058069564412327095,0.0,0.0,0.0,0.0,0.0041284347359145535
2018-04-08 22:00:00,0.0,0.0,0.0,0.004174895899948205,0.0,0.0,0.032708836115956534,0.0043844385856935,0.0,0.0,0.0,6.807080501315842e-07,0.016624751744068415,0.002061271032089163,0.00037312107068596215,0.0,0.0,0.006008032410430296,0.0,0.0,0.0,0.0,0.004836404543134276
2018-04-08 23:00:00,0.0,0.0,0.0,0.004326421839021473,0.0,0.0,0.033452555785786396,0.01324963597152603,0.0,0.0,0.0,7.054140377784141e-07,0.0021491844059672695,0.002190222405514114,0.000311673503958178,0.0,0.0,0.006226091201545153,0.0,0.0,0.0,0.0,0.004787587832898695
2018-04-09 00:00:00,0.0,0.0,0.0,0.004388130369311678,0.0,0.0,0.03291324232783904,0.014464353330351652,0.0,0.0,0.0,7.15475484659246e-07,0.0005273803084923773,0.0022387924542457047,0.00030152452936762044,0.0,0.0,0.006314895056507902,0.0,0.0,0.0,0.0,0.0046495856276859895
2018-04-09 01:00:00,0.0,0.0,0.0,0.0044192269853596065,0.0,0.0,0.033101188539170254,0.016258586069116635,0.0,0.0,0.0,7.205457229078066e-07,0.0021457150689384195,0.002210868243681226,0.00031996081668690413,0.0,0.0,0.006359645747674353,0.0,0.0,0.0,0.0,0.004610294242467173
2018-04-09 02:00:00,0.0,0.0,0.0,0.0044524374873939595,0.0,0.0,0.03324954683950435,0.01846230410555189,0.0,0.0,0.0,7.259606258480153e-07,0.005336820194054637,0.0022192265435266173,0.0003318578533676846,0.0,0.0,0.006407438501642546,0.0,0.0,0.0,0.0,0.004305596329150341
2018-04-09 03:00:00,0.0,0.0,0.0,0.004260524280569654,0.0,0.0,0.03580763501873406,0.02049839397866907,0.0,0.0,0.0,7.01686443042147e-07,0.002434364862616705,0.0021848625542656946,0.000378014016552963,0.0,0.0,0.006193190885493194,0.0,0.0,0.0,0.0,0.004192350694281626
2018-04-09 04:00:00,0.0,0.0,0.0,0.003361714404960643,0.0,0.0,0.028342041636697977,0.016332529264067173,0.0,0.0,0.0,5.555275409629055e-07,0.07799811765269256,0.0017464506780998379,0.0004938037101491853,0.0,0.0,0.004903170265647072,0.0,0.0002252292117888732,0.0,0.0,0.0036111458166995136
2018-04-09 05:00:00,0.0,0.0,0.0,0.0032407052544124937,0.0,0.0,0.027739270543260173,0.015077002906142448,0.0,0.0,0.0,5.35530626371105e-07,0.06758511224604433,0.0018115357417049379,0.000664185285003891,0.0,0.0,0.004726674466966684,0.0,0.0010044396219379276,0.0,0.0,0.003166869834060287
2018-04-09 06:00:00,0.0,0.0,0.0,0.0032119291211405716,0.0,0.0,0.02733280445846565,0.0162003322223001,0.0,0.0,0.0,5.307753340918495e-07,0.06324997652430984,0.0018055878449768305,0.0006948629892234016,0.0,0.0,0.0046847035366547616,0.0,0.0024948891142903434,0.0,0.0,0.0025534980584102688
2018-04-09 07:00:00,0.0,0.0,0.0,0.0030235976318603993,0.0,0.0,0.02547887430806616,0.020036298611248275,0.0,0.0,0.0,4.996533182027809e-07,0.0614515415185228,0.001695422608477162,0.0007110252541776558,0.0,0.0,0.0044100159079374195,0.0,0.004080480473688477,0.0,0.0,0.0021294237376287915
2018-04-09 08:00:00,0.0,0.0,0.0,0.002959863529437877,0.0,0.0,0.02464048944268775,0.019786720642086596,0.0,0.0,0.0,4.891211774766038e-07,0.06939068011106098,0.0016537824373946213,0.00059511438219898,0.0,0.0,0.004317057637762926,0.0,0.005137890682865533,0.0,0.0,0.0021347605296371257
2018-04-09 09:00:00,0.0,0.0,0.0,0.002891248742546757,0.0,0.0,0.023768939626569997,0.016538520652768396,0.0,0.0,0.0,4.777824974926437e-07,0.0693927025725534,0.0016130390132385376,0.0005145965975738769,0.0,0.0,0.004216980729869798,0.0,0.005928624907542389,0.0,0.0,0.0024837034419835135
2018-04-09 10:00:00,0.0,0.0,0.0,0.002896102467620695,0.0,0.0,0.023869010992290794,0.018127453077437242,0.0,0.0,0.0,4.785845816764923e-07,0.06140966459317349,0.0015889888969702717,0.0004931198923586,0.0,0.0,0.004224060046430729,0.0,0.006918248140286244,0.0,0.0,0.0027896464579410395
2018-04-09 11:00:00,0.0,0.0,0.0,0.002864609311983808,0.0,0.0,0.021675742828185563,0.015218824140898543,0.0,0.0,0.0,4.686306629308809e-07,0.04911091431183597,0.0015570385464495978,0.00047728745618827375,0.0,0.0,0.004136205251085114,0.0,0.006942543680951083,0.0,0.0,0.003132478293393907
2018-04-09 12:00:00,0.0,0.0,0.0,0.0029495028696842197,0.0,0.0,0.01814446029341915,0.013223618496566912,0.0,0.0,0.0,4.825186734380289e-07,0.04151342528103473,0.0016089628779705004,0.00046360794210159736,0.0,0.0,0.0042587829365219355,0.0,0.0067843533297324505,0.0,0.0,0.003139193325901851
2018-04-09 13:00:00,0.0,0.0,0.0,0.0030043633718278245,0.0,0.0,0.02248301078176549,0.013461676827270515,0.0,0.0,0.0,4.964748324984718e-07,0.02104966854119523,0.001676232293503244,0.0004764328976066654,0.0,0.0,0.004381962111417917,0.0,0.006167975837082129,0.0,0.0,0.003078660487014508
2018-04-09 14:00:00,0.0,0.0,0.0,0.0030653075160947283,0.0,0.0,0.024512084284619564,0.013566353737237961,0.0,0.0,0.0,5.065459291242656e-07,0.005575768591869393,0.0017377648812984107,0.0004638425119563888,0.0,0.0,0.0044708511364921,0.0,0.004579945820175479,0.0,0.0,0.003688900505420728
2018-04-09 15:00:00,0.0,0.0,0.0,0.0030560648282943726,0.0,0.0,0.022908009990264707,0.013441505162389192,0.0,0.0,0.0,5.050185633200668e-07,0.07154674457001325,0.001730552061293781,0.0005007442750649591,0.0,0.0,0.004457370374434951,0.0,0.0028898671694522825,0.0,0.0,0.0035832707538185106
2018-04-09 16:00:00,0.0,0.0,0.0,0.0032269793195383823,0.0,0.0,0.02657590779256302,0.01420431801800279,0.0,0.0,0.0,5.332623983393663e-07,0.07399677568828265,0.0018342336685867632,0.0006373159079938952,0.0,0.0,0.00470665474261305,0.0,0.0017490352603062253,0.0,0.0,0.002835719403231336
2018-04-09 17:00:00,0.0,0.0,0.0,0.003215067852108204,0.0,0.0,0.026030280572054417,0.01414084895432764,0.0,0.0,0.0,5.312940133388492e-07,0.099549623283558,0.0017943908534439645,0.0007099224881492226,0.0,0.0,0.004689281478293603,0.0,0.0007790399596610851,0.0,0.0,0.0020367576444627867
2018-04-09 18:00:00,0.0,0.0,0.0,0.003155526051452848,0.0,0.0,0.0261185690714867,0.01388979944108866,0.0,0.0,0.0,5.21454655761726e-07,0.09509230991014515,0.0017631061407837947,0.0006163175289560976,0.0,0.0,0.004602437817182586,0.0,0.0001923197351142973,0.0,0.0,0.002578158445744627
2018-04-09 19:00:00,0.0,0.0,0.0,0.003418872185614121,0.0,0.0,0.027978673874507462,0.015048980169576703,0.0,0.0,0.0,5.649729362310071e-07,0.04228296572568433,0.0019268749752518251,0.000462972237799891,0.0,0.0,0.00498653675571445,0.0,0.0,0.0,0.0,0.0035390764845225505
2018-04-09 20:00:00,0.0,0.0,0.0,0.0035751892616632105,0.0,0.0,0.02785406546152312,0.015761597409889444,0.0,0.0,0.0,5.90804529997545e-07,0.015456806733185977,0.001991944925461897,0.0004333081695105601,0.0,0.0,0.005214530317025248,0.0,0.0,0.0,0.0,0.003414907548265322
2018-04-09 21:00:00,0.0,0.0,0.0,0.003716463928284241,0.0,0.0,0.03033683231044207,0.016346139867494523,0.0,0.0,0.0,6.141503466536313e-07,0.004333781916182432,0.002073376560687114,0.0003819303356551063,0.0,0.0,0.005420584032844558,0.0,0.0,0.0,0.0,0.0038731501421851344
2018-04-09 22:00:00,0.0,0.0,0.0,0.003943394223855417,0.0,0.0,0.0293026535363441,0.017139711561773,0.0,0.0,0.0,6.429621857287689e-07,0.0,0.0021472565893926134,0.0003744581092904354,0.0,0.0,0.005674881690899384,0.0,0.0,0.0,0.0,0.0036341325177615996
2018-04-09 23:00:00,0.0,0.0,0.0,0.004255694653902926,0.0,0.0,0.02212322634900741,0.01849710546858829,0.0,0.0,0.0,6.938821180785866e-07,0.0,0.00230972004240731,0.00045864267010178395,0.0,0.0,0.00612430873063468,0.0,0.0,0.0,0.0,0.002576983221585822
2018-04-10 00:00:00,0.0,0.0,0.0,0.0041907547567040645,0.0,0.0,0.019775446749498632,0.018229044121759286,0.0,0.0,0.0,6.83293803577492e-07,0.0,0.0022970172603145236,0.0004181392511571805,0.0,0.0,0.006030854662209738,0.0,0.0,0.0,0.0,0.002858166575909245
2018-04-10 01:00:00,0.0,0.0,0.0,0.004220466811230308,0.0,0.0,0.019552291882444714,0.01835828631901279,0.0,0.0,0.0,6.881382919639482e-07,0.0,0.002296574897672405,0.0002804659518828117,0.0,0.0,0.006073612850881306,0.0,0.0,0.0,0.0,0.003759719106265176
2018-04-10 02:00:00,0.0,0.0,0.0,0.004098456139666114,0.0,0.0,0.019423919033926044,0.01778590992718848,0.0,0.0,0.0,6.682447069917486e-07,0.0,0.00221770918187273,0.0002570666692601605,0.0,0.0,0.005898029055082915,0.0,0.0,0.0,0.0,0.004170880917513806
2018-04-10 03:00:00,0.0,0.0,0.0,0.0038395702248250666,0.0,0.0,0.027030562346469028,0.017421984017441182,0.0,0.0,0.0,6.323574744439227e-07,0.00030452758174491295,0.002101848979515381,0.0003038698429445916,0.0,0.0,0.00558128290197615,0.0,0.0,0.0,0.0,0.0041684929514309325
2018-04-10 04:00:00,0.0,0.0,0.0,0.0034117354400280057,0.0,0.0,0.027799772165321826,0.01603669855073599,0.0,0.0,0.0,5.637935800310626e-07,0.030298177910687705,0.0018755695155432525,0.0005541563131099116,0.0,0.0,0.004976127579164624,0.0,0.00020970371664926992,0.0,0.0,0.0034492074209485505
2018-04-10 05:00:00,0.0,0.0,0.0,0.002910760347836836,0.0,0.0,0.024171238218907643,0.013781829952833996,0.0,0.0,0.0,4.810068148501925e-07,0.08626968165955387,0.0016261379195373733,0.0005645490270197574,0.0,0.0,0.00424543904350649,0.0,0.000835231710688796,0.0,0.0,0.002693250184863337
2018-04-10 06:00:00,0.0,0.0,0.0,0.003026868922923267,0.0,0.0,0.025229743717019498,0.014373151199476368,0.0,0.0,0.0,5.001939031725353e-07,0.09153474152303442,0.001692697203233791,0.000481898534456705,0.0,0.0,0.0044147871928050635,0.0,0.002150508125342359,0.0,0.0,0.002319547530319641
2018-04-10 07:00:00,0.0,0.0,0.0,0.003057162632149505,0.0,0.0,0.025088455449138757,0.013677260152104553,0.0,0.0,0.0,5.051999767902894e-07,0.04495931291934431,0.0017353843629020823,0.00042720250712382466,0.0,0.0,0.004458971557215993,0.0,0.0036994994277162103,0.0,0.0,0.00245976154187221
2018-04-10 08:00:00,0.0,0.0,0.0,0.0030900119894334646,0.0,0.0,0.025839513713231968,0.013612033876836464,0.0,0.0,0.0,5.106283744695336e-07,0.0,0.001796589656434183,0.000357946675394826,0.0,0.0,0.004506883417796015,0.0,0.004715367197977937,0.0,0.0,0.002722211232309568
2018-04-10 09:00:00,0.0,0.0,0.0,0.0029631238209086885,0.0,0.0,0.02471687927978534,0.013042895200495857,0.0,0.0,0.0,4.896599447499123e-07,0.0,0.001719881202878366,0.0001911841978401608,0.0,0.0,0.004321812879366269,0.0,0.005173695377509249,0.0,0.0,0.0028205428667378947
2018-04-10 10:00:00,0.0,0.0,0.0,0.0028154552284750706,0.0,0.0,0.022824127839843934,0.012383230760567498,0.0,0.0,0.0,4.6525752379736213e-07,0.0,0.001575115953037828,0.00022150406098883104,0.0,0.0,0.004106433413900062,0.0,0.005598909559926205,0.0,0.0,0.0026610526055098524
2018-04-10 11:00:00,0.0,0.0,0.0,0.0028600719820193695,0.0,0.0,0.020856545008638053,0.012589287988617824,0.0,0.0,0.0,4.726304985347871e-07,0.0,0.00156946638220316,0.00020573260814583756,0.0,0.0,0.004171508406292425,0.0,0.005891045171315421,0.0,0.0,0.002759986521614756
2018-04-10 12:00:00,0.0,0.0,0.0,0.0030427444092363492,0.0,0.0,0.021120307824401705,0.01339336418259902,0.0,0.0,0.0,5.028173472878601e-07,0.0,0.0017159808542238906,0.0002165058167533948,0.0,0.0,0.004437942108144728,0.0,0.006065541364418175,0.0,0.0,0.0026067499230436678
2018-04-10 13:00:00,0.0,0.0,0.0,0.002951360194520813,0.0,0.0,0.024226324993933547,0.013011381438298844,0.0,0.0,0.0,4.87715990667906e-07,0.009155208750887808,0.0016806189148983546,0.0003515149230601214,0.0,0.0,0.004304655246036055,0.0,0.005203047316035261,0.0,0.0,0.0026143017389974816
2018-04-10 14:00:00,0.0,0.0,0.0,0.003079165842718869,0.0,0.0,0.026081469639674577,0.013574826063513063,0.0,0.0,0.0,5.088360350595019e-07,0.003305576393270036,0.0017671793492933779,0.0002878938377007449,0.0,0.0,0.004491063958537556,0.0,0.003997012476914926,0.0,0.0,0.0027338995094371736
2018-04-10 15:00:00,0.0,0.0,0.0,0.003193089543359747,0.0,0.0,0.02581916718923426,0.014044181649443321,0.0,0.0,0.0,5.276620701269162e-07,0.0074884328690104284,0.0018865267869662158,0.0003156563839314395,0.0,0.0,0.004657225397091218,0.0,0.002727865628691354,0.0,0.0,0.0026825812332130186
2018-04-10 16:00:00,0.0,0.0,0.0,0.003310625637689022,0.0,0.0,0.028076396972214847,0.01458387491305772,0.0,0.0,0.0,5.470850578027211e-07,0.019668282113173428,0.001994773742262353,0.00038035499615265457,0.0,0.0,0.004828655629833532,0.0,0.0017678102687784833,0.0,0.0,0.002369540095317227
2018-04-10 17:00:00,0.0,0.0,0.0,0.003175705606755122,0.0,0.0,0.026417552851420143,0.013956817365372963,0.0,0.0,0.0,5.247893527003639e-07,0.047502069900662275,0.0018535665847486328,0.0004187896868327365,0.0,0.0,0.0046318703577297796,0.0,0.0008654267614874049,0.0,0.0,0.002596114123195938
2018-04-10 18:00:00,0.0,0.0,0.0,0.003123372193510827,0.0,0.0,0.025982211987811817,0.013769714404562464,0.0,0.0,0.0,5.161411902250213e-07,0.04487789119043244,0.0018275468840586004,0.0004185698005052132,0.0,0.0,0.004555540365110358,0.0,0.000232567908987775,0.0,0.0,0.0030203482460708525
2018-04-10 19:00:00,0.0,0.0,0.0,0.0032313896932352386,0.0,0.0,0.026189281243169448,0.014201541757806404,0.0,0.0,0.0,5.339912181495578e-07,0.028796318850792438,0.001867106412540332,0.00038228375217536656,0.0,0.0,0.004713087416709013,0.0,0.0,0.0,0.0,0.003620409904591656
2018-04-10 20:00:00,0.0,0.0,0.0,0.003383260224097496,0.0,0.0,0.026548542817979533,0.014892225639554061,0.0,0.0,0.0,5.590880147216118e-07,0.018292028043236517,0.0018953003806117385,0.00037334784788378163,0.0,0.0,0.004934595546624223,0.0,0.0,0.0,0.0,0.003662906147098615
2018-04-10 21:00:00,0.0,0.0,0.0,0.003533952495836685,0.0,0.0,0.019456506713311637,0.015567666253686952,0.0,0.0,0.0,5.839901024890485e-07,0.003627358107847794,0.0019723158448477795,0.00037523922918343046,0.0,0.0,0.0051543851471221435,0.0,0.0,0.0,0.0,0.003620932323383267
2018-04-10 22:00:00,0.0,0.0,0.0,0.0034790682433282136,0.0,0.0,0.01652332603358164,0.015302003190521322,0.0,0.0,0.0,5.74920410611408e-07,0.0,0.0019028519614417425,0.00024364324101866597,0.0,0.0,0.005074334672116087,0.0,0.0,0.0,0.0,0.003323318257876379
2018-04-10 23:00:00,0.0,0.0,0.0,0.00357399817447814,0.0,0.0,0.017048433493302942,0.015744076202004537,0.0,0.0,0.0,5.906077013395189e-07,0.0,0.0019463639755798667,0.00024071520663783346,0.0,0.0,0.005212793077460514,0.0,0.0,0.0,0.0,0.003242771879458486
2018-04-11 00:00:00,0.0,0.0,0.0,0.00378779783708481,0.0,0.0,0.018154850102711263,0.01665989010111335,0.0,0.0,0.0,6.25938364959046e-07,0.0,0.002077850205788773,0.00028081473893973254,0.0,0.0,0.0055246268688591855,0.0,0.0,0.0,0.0,0.0028313104669450543
2018-04-11 01:00:00,0.0,0.0,0.0,0.00390163598417474,0.0,0.0,0.018789640563858692,0.017187377063028156,0.0,0.0,0.0,6.447502621943742e-07,0.0,0.002142872548553425,0.00029684187197296833,0.0,0.0,0.005690663524764295,0.0,0.0,0.0,0.0,0.002310408021809671
2018-04-11 02:00:00,0.0,0.0,0.0,0.004081242694979246,0.0,0.0,0.01966307544041444,0.017950550081800343,0.0,0.0,0.0,6.74430497447681e-07,0.0,0.0022534617339691454,0.00035142538403033216,0.0,0.0,0.005952625779091379,0.0,0.0,0.0,0.0,0.0020551133343122705
2018-04-11 03:00:00,0.0,0.0,0.0,0.004113401433343524,0.0,0.0,0.020433321544553854,0.018077869823172756,0.0,0.0,0.0,6.797447694803129e-07,0.0,0.0022789489753226007,0.00043898784659726213,0.0,0.0,0.005999530349418882,0.0,0.0,0.0,0.0,0.0018820900337367067
2018-04-11 04:00:00,0.0,0.0,0.0,0.003513556722371019,0.0,0.0,0.025767955480649026,0.015465756708347529,0.0,0.0,0.0,5.806196752264891e-07,0.08313605035558573,0.0019486331696675634,0.0005970392300103684,0.0,0.0,0.005124637245321158,0.0,5.5991307141136126e-05,0.0,0.0,0.001580301322202659
2018-04-11 05:00:00,0.0,0.0,0.0,0.003125883317300783,0.0,0.0,0.025810088233020917,0.013921885144846179,0.0,0.0,0.0,5.218451274818054e-07,0.11639644303097997,0.0017905224432081615,0.0005722213793491072,0.0,0.0,0.00460588417975923,0.0,0.0007642993383792997,0.0,0.0,0.0013575704036690667
2018-04-11 06:00:00,0.0,0.0,0.0,0.003032961883641484,0.0,0.0,0.02545437422450186,0.013554297235358082,0.0,0.0,0.0,5.080665366162861e-07,0.11377755375171587,0.0017490244639025154,0.0005622280740868614,0.0,0.0,0.0044842722486617545,0.0,0.002068623274608233,0.0,0.0,0.0008372780994649692
2018-04-11 07:00:00,0.0,0.0,0.0,0.0031051856153609917,0.0,0.0,0.026276325400904462,0.013855449830990702,0.0,0.0,0.0,5.201650932892693e-07,0.07529270213576998,0.001818085812494783,0.0004857677286332982,0.0,0.0,0.004591055943370021,0.0,0.003811547652026749,0.0,0.0,0.0006556830051810705
2018-04-11 08:00:00,0.0,0.0,0.0,0.0031136455454179204,0.0,0.0,0.026767593682085145,0.013914872269173506,0.0,0.0,0.0,5.215822582682367e-07,0.02570760609059508,0.0018574540077742018,0.00043348520945330014,0.0,0.0,0.004603564056242959,0.0,0.00540861604520147,0.0,0.0,0.0007214568498514048
2018-04-11 09:00:00,0.0,0.0,0.0,0.0031135646729470567,0.0,0.0,0.02636337756026689,0.013766039500495101,0.0,0.0,0.0,5.180206244494034e-07,0.0021382783092880574,0.0018560137393299275,0.0003951673874321962,0.0,0.0,0.004572128536399322,0.0,0.006540621992356611,0.0,0.0,0.0009469363392198721
2018-04-11 10:00:00,0.0,0.0,0.0,0.002996672656116036,0.0,0.0,0.023407946357548278,0.013371261106364002,0.0,0.0,0.0,5.019875475446535e-07,0.0,0.0017385570626526215,0.0002886793765552254,0.0,0.0,0.004430618169856663,0.0,0.006995792514655684,0.0,0.0,0.0012406499040593906
2018-04-11 11:00:00,0.0,0.0,0.0,0.0028288053764404784,0.0,0.0,0.019290658079999665,0.01260254010205578,0.0,0.0,0.0,4.738672642479975e-07,0.0,0.0016277139229939291,0.0002699677466167992,0.0,0.0,0.0041824242879066375,0.0,0.00684393898189067,0.0,0.0,0.0017283448156286808
2018-04-11 12:00:00,0.0,0.0,0.0,0.00278675849226473,0.0,0.0,0.014502378510191137,0.012434616561938592,0.0,0.0,0.0,4.668237814617813e-07,0.0,0.0016075727334866842,0.0002621704515756195,0.0,0.0,0.0041202574414095005,0.0,0.006539308718683091,0.0,0.0,0.001916674285637164
2018-04-11 13:00:00,0.0,0.0,0.0,0.0028727647156239935,0.0,0.0,0.014357041256265924,0.01282837876845447,0.0,0.0,0.0,4.81231111888606e-07,0.0,0.0016405163781629379,0.00031298755845583114,0.0,0.0,0.004247418723159304,0.0,0.005955626442774747,0.0,0.0,0.002366335381971701
2018-04-11 14:00:00,0.0,0.0,0.0,0.0030743504214865184,0.0,0.0,0.016122035070398794,0.013707162706508035,0.0,0.0,0.0,5.149997365328283e-07,0.0,0.0017576008388629437,0.0003318526552867129,0.0,0.0,0.004545465721837994,0.0,0.004988900395972842,0.0,0.0,0.0027722158427550873
2018-04-11 15:00:00,0.0,0.0,0.0,0.0032141832733731503,0.0,0.0,0.02486329582062455,0.014352987327495367,0.0,0.0,0.0,5.384238333361552e-07,0.00050270796925436,0.0019411298409239615,0.00041777210388134554,0.0,0.0,0.004752210350100054,0.0,0.0035128211667819153,0.0,0.0,0.003125235019860403
2018-04-11 16:00:00,0.0,0.0,0.0,0.003300749722006533,0.0,0.0,0.0269162841420859,0.014762529303909323,0.0,0.0,0.0,5.529250098862307e-07,0.007656761115722185,0.002021971911481909,0.00041413013706656694,0.0,0.0,0.004880199931955862,0.0,0.0018813785973484474,0.0,0.0,0.0033941809669688133
2018-04-11 17:00:00,0.0,0.0,0.0,0.0031355029014845624,0.0,0.0,0.025258397468531195,0.015540401226173957,0.0,0.0,0.0,5.252436927413381e-07,0.058481744782707956,0.0018572688861089065,0.0004391380774552739,0.0,0.0,0.004635880431785759,0.0,0.0004593995868957981,0.0,0.0,0.003247089156687417
2018-04-11 18:00:00,0.0,0.0,0.0,0.003020496211979171,0.0,0.0,0.024261973484464502,0.01528578452772621,0.0,0.0,0.0,5.059783499291316e-07,0.07319444733592942,0.0017935391773792172,0.00041992143393396035,0.0,0.0,0.004465841596500335,0.0,3.367393075495199e-05,0.0,0.0,0.00296124084431408
2018-04-11 19:00:00,0.0,0.0,0.0,0.003306982258928274,0.0,0.0,0.02737105655463346,0.016459360300249855,0.0,0.0,0.0,5.539690531580046e-07,0.04727409112286336,0.002018335183908284,0.00042273516004402966,0.0,0.0,0.004889414816095247,0.0,0.0,0.0,0.0,0.0027971829773513154
2018-04-11 20:00:00,0.0,0.0,0.0,0.0036580426337209293,0.0,0.0,0.021478733020195484,0.016309586967484156,0.0,0.0,0.0,6.127769233545042e-07,0.003854342153809449,0.0021962074091202563,0.00042386316384570606,0.0,0.0,0.0054084619906668565,0.0,0.0,0.0,0.0,0.002745049324412847
2018-04-11 21:00:00,0.0,0.0,0.0,0.003813639953952125,0.0,0.0,0.018673674857324952,0.017016598555027927,0.0,0.0,0.0,6.388418046914643e-07,0.0,0.002269824171142813,0.0003429052157748233,0.0,0.0,0.005638514583428474,0.0,0.0,0.0,0.0,0.002451232024387506
2018-04-11 22:00:00,0.0,0.0,0.0,0.0036597753000824117,0.0,0.0,0.018005053342748337,0.016121937264943632,0.0,0.0,0.0,6.047824794192666e-07,0.0,0.002130170712673688,0.0002574054842792736,0.0,0.0,0.005337901816952162,0.0,0.0,0.0,0.0,0.002199410653781983
2018-04-11 23:00:00,0.0,0.0,0.0,0.003685655473281961,0.0,0.0,0.018346779763119176,0.016223290347822408,0.0,0.0,0.0,6.090592106478399e-07,0.0,0.0021212279897370374,0.00022306952129575448,0.0,0.0,0.005375648894905773,0.0,0.0,0.0,0.0,0.0022048790767752475
2018-04-12 00:00:00,0.0,0.0,0.0,0.003654582802267391,0.0,0.0,0.018138953681423514,0.016073969749677106,0.0,0.0,0.0,6.039244126131224e-07,0.0,0.002088139391420987,0.00022884875290572486,0.0,0.0,0.005330328389282793,0.0,0.0,0.0,0.0,0.0023687536318961716
2018-04-12 01:00:00,0.0,0.0,0.0,0.0037210189444967616,0.0,0.0,0.018445507918453688,0.01637895108860068,0.0,0.0,0.0,6.149030688217767e-07,0.0,0.0021407801754828168,0.00023783316422766793,0.0,0.0,0.005427227672774176,0.0,0.0,0.0,0.0,0.002034719393629034
2018-04-12 02:00:00,0.0,0.0,0.0,0.0037369310529570647,0.0,0.0,0.01867189742099781,0.016436162471019578,0.0,0.0,0.0,6.175325647930713e-07,0.0,0.0021727738020537843,0.00026630425242205714,0.0,0.0,0.005450436002711776,0.0,0.0,0.0,0.0,0.0016057207541962215
2018-04-12 03:00:00,0.0,0.0,0.0,0.003965663458531453,0.0,0.0,0.019394589404594303,0.017455812182090923,0.0,0.0,0.0,6.553308830023058e-07,0.0,0.0023533870245472295,0.0003414731511958169,0.0,0.0,0.005784049687487415,0.0,0.0,0.0,0.0,0.001525920672202617
2018-04-12 04:00:00,0.0,0.0,0.0,0.0036434489875841946,0.0,0.0,0.0244875460247066,0.01605001896986635,0.0,0.0,0.0,6.020845357088363e-07,0.034545337760302816,0.002161492336492541,0.0004297720699328055,0.0,0.0,0.005314089356895831,0.0,0.0002580086807899374,0.0,0.0,0.0014602738681917737
2018-04-12 05:00:00,0.0,0.0,0.0,0.0032132504848279017,0.0,0.0,0.02590875345255486,0.014154918945919602,0.0,0.0,0.0,5.309936911060137e-07,0.06927743186878974,0.0019159561286197396,0.00046713556986239477,0.0,0.0,0.004686630788753352,0.0,0.0010056524068124976,0.0,0.0,0.0011604569308647859
2018-04-12 06:00:00,0.0,0.0,0.0,0.0031397885951468976,0.0,0.0,0.02586436891826231,0.013831306734870829,0.0,0.0,0.0,5.188540212789884e-07,0.04609284066214127,0.0018655764602344374,0.0005367833964804295,0.0,0.0,0.004579484223116893,0.0,0.0023717131915694787,0.0,0.0,0.000985976177237243
2018-04-12 07:00:00,0.0,0.0,0.0,0.003077142662871335,0.0,0.0,0.02539945922360062,0.013534211907238037,0.0,0.0,0.0,5.085017020406207e-07,0.05003583436245915,0.0018448649503150657,0.00025445939407487317,0.0,0.0,0.0044881130846453985,0.0,0.003960335083649634,0.0,0.0,0.001078376484231575
2018-04-12 08:00:00,0.0,0.0,0.0,0.0031447276465286513,0.0,0.0,0.025846254438379387,0.013842267690047752,0.0,0.0,0.0,5.196702057427092e-07,0.002395347705804477,0.0019291028459849113,0.0002191417567225291,0.0,0.0,0.004586687990884847,0.0,0.004958318727346487,0.0,0.0,0.0013886221005360894
2018-04-12 09:00:00,0.0,0.0,0.0,0.0030551117051234446,0.0,0.0,0.017867499568768062,0.013437313035997168,0.0,0.0,0.0,5.048610585151972e-07,0.0,0.0018440608681210959,0.0002995738874240683,0.0,0.0,0.00445598021315763,0.0,0.005294503175522581,0.0,0.0,0.0016546976954096276
2018-04-12 10:00:00,0.0,0.0,0.0,0.002940345256659654,0.0,0.0,0.014202983177632722,0.01294262992497092,0.0,0.0,0.0,4.858957583082387e-07,0.0,0.0017749567079777709,0.00024092343812513777,0.0,0.0,0.0042885895993769905,0.0,0.005606638830694327,0.0,0.0,0.002046896873165923
2018-04-12 11:00:00,0.0,0.0,0.0,0.002911134132439006,0.0,0.0,0.018362097082844718,0.01280405576063163,0.0,0.0,0.0,4.810685832266456e-07,0.0,0.0017214883600051459,0.00021450082969381114,0.0,0.0,0.004245984220557941,0.0,0.00552322826823898,0.0,0.0,0.0022583760893156927
2018-04-12 12:00:00,0.0,0.0,0.0,0.002902778693496919,0.0,0.0,0.02040727959403316,0.012864191966279949,0.0,0.0,0.0,4.829510189747926e-07,0.0,0.0017200484633432247,0.00021578223284770797,0.0,0.0,0.00426259888375053,0.0,0.005182616359440279,0.0,0.0,0.0024761087787613083
2018-04-12 13:00:00,0.0,0.0,0.0,0.00292922804648514,0.0,0.0,0.021807694191707593,0.013100906919953489,0.0,0.0,0.0,4.906895653928088e-07,0.0,0.001757833766168742,0.0002341252642298834,0.0,0.0,0.004330900467197462,0.0,0.004503003618229128,0.0,0.0,0.002691039300875721
2018-04-12 14:00:00,0.0,0.0,0.0,0.0030482955345944476,0.0,0.0,0.02720728189316503,0.013590995541101889,0.0,0.0,0.0,5.106351527849804e-07,0.0,0.0018504773298014788,0.00028083264169629605,0.0,0.0,0.00450694324423539,0.0,0.0033721223096562962,0.0,0.0,0.0030285845761248435
2018-04-12 15:00:00,0.0,0.0,0.0,0.0032543192476914553,0.0,0.0,0.03550919879145134,0.014554870046044095,0.0,0.0,0.0,5.451472101037982e-07,0.017809129421414018,0.0020324809260856614,0.0003440081178773837,0.0,0.0,0.004811551892365823,0.0,0.0022689736876781285,0.0,0.0,0.002445772343205258
2018-04-12 16:00:00,0.0,0.0,0.0,0.0031398095453695827,0.0,0.0,0.04342476495011514,0.015419680944593282,0.0,0.0,0.0,5.259651200876241e-07,0.0701256077871277,0.0019469455433689016,0.000537537891274876,0.0,0.0,0.004642247858874978,0.0,0.0013148716276922276,0.0,0.0,0.0016240075103011958
2018-04-12 17:00:00,0.0,0.0,0.0,0.0029581122240853576,0.0,0.0,0.05012241288794599,0.014600907051399612,0.0,0.0,0.0,4.938368755287654e-07,0.09313788678884119,0.0017757540752232088,0.0007939253167649662,0.0,0.0,0.004358679103426088,0.0,0.0006061140360747633,0.0,0.0,0.0013584087352298362
2018-04-12 18:00:00,0.0,0.0,0.0,0.003035372352964303,0.0,0.0,0.052266088212854334,0.014809563586449498,0.0,0.0,0.0,5.015991057005894e-07,0.0950159473234369,0.0018222171818313081,0.0007961071159393669,0.0,0.0,0.004427189723273354,0.0,0.00016771214737910662,0.0,0.0,0.0011509245972369446
2018-04-12 19:00:00,0.0,0.0,0.0,0.0034796012736134255,0.0,0.0,0.05881643467663414,0.015447711679908738,0.0,0.0,0.0,5.75008494537623e-07,0.07500297785267847,0.0021171553850044657,0.0005528488632921717,0.0,0.0,0.005075112114197806,0.0,0.0,0.0,0.0,0.000855355898138539
2018-04-12 20:00:00,0.0,0.0,0.0,0.003608348953260339,0.0,0.0,0.033959791820837214,0.015907785393500386,0.0,0.0,0.0,5.962842108130415e-07,0.05444821508969495,0.0022622208420141365,0.0005765793572995498,0.0,0.0,0.0052628948103376925,0.0,0.0,0.0,0.0,0.0009178976351785262
2018-04-12 21:00:00,0.0,0.0,0.0,0.003832105146972846,0.0,0.0,0.02193397312932941,0.016854767162973322,0.0,0.0,0.0,6.332602037423942e-07,0.03470346435446611,0.0024498391969835906,0.0005185996284136949,0.0,0.0,0.005589250527571314,0.0,0.0,0.0,0.0,0.0009505356056272802
2018-04-12 22:00:00,0.0,0.0,0.0,0.0039498804341205505,0.0,0.0,0.019547174408967864,0.01737277879529896,0.0,0.0,0.0,6.527227183328122e-07,0.0,0.0025338022647131498,0.0003826177006951542,0.0,0.0,0.005761029630852228,0.0,0.0,0.0,0.0,0.0015182254507733243
2018-04-12 23:00:00,0.0,0.0,0.0,0.003672936478813908,0.0,0.0,0.017756938155502285,0.016205138056486258,0.0,0.0,0.0,6.069573807868819e-07,0.0,0.002313147130996526,0.00024531539988842946,0.0,0.0,0.0053570978260247685,0.0,0.0,0.0,0.0,0.0032032378247767333
2018-04-13 00:00:00,0.0,0.0,0.0,0.0035912349250635193,0.0,0.0,0.016973972879213286,0.01579534646571442,0.0,0.0,0.0,5.934560960909461e-07,0.0,0.002238198599541879,0.00019492871813068578,0.0,0.0,0.0052379334412052435,0.0,0.0,0.0,0.0,0.0031107475795886957
2018-04-13 01:00:00,0.0,0.0,0.0,0.0037794626382263385,0.0,0.0,0.018792873974646684,0.016850944825049348,0.0,0.0,0.0,6.331165924738966e-07,0.0,0.0024484591308917094,0.00025340465710715194,0.0,0.0,0.005587982992751547,0.0,0.0,0.0,0.0,0.0022849483643293754
2018-04-13 02:00:00,0.0,0.0,0.0,0.0038034842511450234,0.0,0.0,0.01865674637345675,0.016728883734238406,0.0,0.0,0.0,6.285305646463652e-07,0.0,0.0024438198091070737,0.0002886346896772075,0.0,0.0,0.005547506016142241,0.0,0.0,0.0,0.0,0.002372277798202884
2018-04-13 03:00:00,0.0,0.0,0.0,0.003576828847814021,0.0,0.0,0.02729463936102469,0.01574426403748528,0.0,0.0,0.0,5.910754736747393e-07,0.0040489609386173365,0.002272171542188325,0.0003995775537082848,0.0,0.0,0.005216921706981147,0.0,0.0,0.0,0.0,0.0027437233453537794
2018-04-13 04:00:00,0.0,0.0,0.0,0.003272380456112326,0.0,0.0,0.026609878510482188,0.014831118724462,0.0,0.0,0.0,5.407649933607119e-07,0.043022269032181655,0.002039428982026765,0.0004000728730803977,0.0,0.0,0.0047728737832749965,0.0,0.0001522720795881736,0.0,0.0,0.0029281250648374264
2018-04-13 05:00:00,0.0,0.0,0.0,0.0030183282947712,0.0,0.0,0.024136451806029326,0.013793627410526844,0.0,0.0,0.0,5.021756322057509e-07,0.06354837999455905,0.0019056653699971464,0.0007032548039410062,0.0,0.0,0.004432278233579369,0.0,0.0007038782329547316,0.0,0.0,0.002731933343843398
2018-04-13 06:00:00,0.0,0.0,0.0,0.0030714358970675526,0.0,0.0,0.025505589517308816,0.01414315690855356,0.0,0.0,0.0,5.145115100452438e-07,0.06201476955956303,0.0019967894270680082,0.0005106950799677135,0.0,0.0,0.004541156560868808,0.0,0.0019488469058580092,0.0,0.0,0.002092674975824799
2018-04-13 07:00:00,0.0,0.0,0.0,0.002898681853954823,0.0,0.0,0.02386956232335764,0.013206423735992154,0.0,0.0,0.0,4.855726206895476e-07,0.056780082299189974,0.0018632744349971967,0.00045289133240585905,0.0,0.0,0.004285737537783552,0.0,0.003465566341407343,0.0,0.0,0.002449573042514841
2018-04-13 08:00:00,0.0,0.0,0.0,0.00274791050649949,0.0,0.0,0.02196248669480677,0.012462123767433865,0.0,0.0,0.0,4.603161620654679e-07,0.06408721218027244,0.0017588454121437534,0.00042746887744605274,0.0,0.0,0.004062820206400693,0.0,0.004357511055727104,0.0,0.0,0.002505188375336668
2018-04-13 09:00:00,0.0,0.0,0.0,0.00264285625305022,0.0,0.0,0.02089464274344639,0.01227084305654192,0.0,0.0,0.0,4.4271800133860225e-07,0.07303254177155212,0.001663199591721846,0.0004224726847808579,0.0,0.0,0.0039074961728586596,0.0,0.0049828461802835546,0.0,0.0,0.002939401284531701
2018-04-13 10:00:00,0.0,0.0,0.0,0.002745121600230003,0.0,0.0,0.021760974567500424,0.01265967378832616,0.0,0.0,0.0,4.598489784991567e-07,0.029199999212720453,0.001746919870986177,0.00046203002360860535,0.0,0.0,0.004058696773443677,0.0,0.00612456875858906,0.0,0.0,0.0035212102468943334
2018-04-13 11:00:00,0.0,0.0,0.0,0.00272950870788055,0.0,0.0,0.02214882164663175,0.012350168590434855,0.0,0.0,0.0,4.572335852146802e-07,0.03869542216059196,0.0017306328727299926,0.00035495457872511285,0.0,0.0,0.004035612915957168,0.0,0.006330375332666764,0.0,0.0,0.003704224001703654
2018-04-13 12:00:00,0.0,0.0,0.0,0.002690340119953895,0.0,0.0,0.020193519710890964,0.01234149177484611,0.0,0.0,0.0,4.5067226015504794e-07,0.035283284367115135,0.001702981018932945,0.00035675565257137904,0.0,0.0,0.0039777016666249195,0.0,0.0059756453686455255,0.0,0.0,0.003925444285564249
2018-04-13 13:00:00,0.0,0.0,0.0,0.0028030197080012313,0.0,0.0,0.014032093634495722,0.012897414160289885,0.0,0.0,0.0,4.6954777862276605e-07,0.021869274832310402,0.0017912653981864111,0.0003642072135714435,0.0,0.0,0.004144299853168776,0.0,0.005552539804743116,0.0,0.0,0.004267380681083266
2018-04-13 14:00:00,0.0,0.0,0.0,0.0030074987111146914,0.0,0.0,0.014073970783052017,0.013587050895672031,0.0,0.0,0.0,5.038010738860331e-07,0.00017824997071613595,0.0019463439029301429,0.00038702102743374715,0.0,0.0,0.004446624628182037,0.0,0.004443347733783715,0.0,0.0,0.004537424205998381
2018-04-13 15:00:00,0.0,0.0,0.0,0.0030577871401466913,0.0,0.0,0.019828235881318275,0.013654597868230693,0.0,0.0,0.0,5.122251388596048e-07,0.013249963531941671,0.001971906806696299,0.00041177724227162713,0.0,0.0,0.004520976702289293,0.0,0.003018358021385373,0.0,0.0,0.004393584536548968
2018-04-13 16:00:00,0.0,0.0,0.0,0.003217590536365762,0.0,0.0,0.022910950187512043,0.012901146090520097,0.0,0.0,0.0,5.38994600913992e-07,0.010922975472328032,0.002070562011171999,0.00045993776426397063,0.0,0.0,0.0047572480312407465,0.0,0.0020271403795827205,0.0,0.0,0.004366100300957138
2018-04-13 17:00:00,0.0,0.0,0.0,0.003124415780841021,0.0,0.0,0.020345832821891282,0.0042410996743034125,0.0,0.0,0.0,5.233864339947666e-07,0.04581648938061073,0.0019475330160460234,0.0004960988013936605,0.0,0.0,0.004619487984624603,0.0,0.0010255659966991073,0.0,0.0,0.0040256231161256
2018-04-13 18:00:00,0.0,0.0,0.0,0.0031576428341950676,0.0,0.0,0.02072845679186678,0.0,0.0,0.0,0.0,5.289524630341049e-07,0.03553227802851108,0.0019897360444289525,0.0004930748769593023,0.0,0.0,0.0046686146004465785,0.0,0.000287227418376455,0.0,0.0,0.003940369488058163
2018-04-13 19:00:00,0.0,0.0,0.0,0.003475943960920671,0.0,0.0,0.020941056616479818,0.0,0.0,0.0,0.0,5.763512516139714e-07,0.017049891720104245,0.0021738383012005315,0.0004328817653186816,0.0,0.0,0.005086963491645856,0.0,0.0,0.0,0.0,0.003931780414111075
2018-04-13 20:00:00,0.0,0.0,0.0,0.0036865264499148917,0.0,0.0,0.022172987350787255,0.0,0.0,0.0,0.0,6.092031406338059e-07,0.0026942788156745535,0.002301607699276055,0.0004158947213293732,0.0,0.0,0.005376919242774217,0.0,0.0,0.0,0.0,0.0034321680426578987
2018-04-13 21:00:00,0.0,0.0,0.0,0.004077406354429565,0.0,0.0,0.021381177674325107,0.0,0.0,0.0,0.0,6.737965373383051e-07,0.0,0.0025808025100664883,0.0004795508897072561,0.0,0.0,0.0059470303510906165,0.0,0.0,0.0,0.0,0.001806537823952473
2018-04-13 22:00:00,0.0,0.0,0.0,0.004422794204856871,0.0,0.0,0.024478749575460704,0.0,0.0,0.0,0.0,7.308723147878148e-07,0.004158990951104123,0.002755951180899288,0.0005731168413601155,0.0,0.0,0.006450789812582036,0.0,0.0,0.0,0.0,0.0006981265434764597
2018-04-13 23:00:00,0.0,0.0,0.0,0.004594208607734003,0.0,0.0,0.02685447664803489,0.0,0.0,0.0,0.0,7.617723159558163e-07,0.0,0.002875245794041979,0.0005832029159629054,0.0,0.0,0.0067235179057253455,0.0,0.0,0.0,0.0,0.0003718595565220061
2018-04-14 00:00:00,0.0,0.0,0.0,0.004492957612866205,0.0,0.0,0.025009016384775196,0.0,0.0,0.0,0.0,7.526376859019377e-07,0.0,0.0028243014447639834,0.0004844884042720985,0.0,0.0,0.006642894276534556,0.0,0.0,0.0,0.0,0.0002395442490727723
2018-04-14 01:00:00,0.0,0.0,0.0,0.004492725858047535,0.0,0.0,0.021819077264526157,0.0,0.0,0.0,0.0,7.525988634990911e-07,0.0,0.002814289799485845,0.0004889901953598115,0.0,0.0,0.006642551624123573,0.0,0.0,0.0,0.0,0.00025095435109078964
2018-04-14 02:00:00,0.0,0.0,0.0,0.004622985729104268,0.0,0.0,0.02168726338563932,0.0,0.0,0.0,0.0,7.639542163980958e-07,0.0,0.0028475992820746884,0.0004980663639162984,0.0,0.0,0.006742775689691633,0.0,0.0,0.0,0.0,0.000247871100489673
2018-04-14 03:00:00,0.0,0.0,0.0,0.004757344835709299,0.0,0.0,0.022485591698506537,0.0,0.0,0.0,0.0,7.861572280483788e-07,0.0,0.0029136379408641598,0.0005039069301442829,0.0,0.0,0.006938742835339867,0.0,0.0,0.0,0.0,0.00017617631104163242
2018-04-14 04:00:00,0.0,0.0,0.0,0.004685334259771458,0.0,0.0,0.02326466308654389,0.0,0.0,0.0,0.0,7.742573896459731e-07,0.005311396091560286,0.002860460393512387,0.0005459883438629178,0.0,0.0,0.006833713058203081,0.0,0.0003905252497521406,0.0,0.0,0.00016348297254475459
2018-04-14 05:00:00,0.0,0.0,0.0,0.004200594815397376,0.0,0.0,0.03390471531450541,0.0,0.0,0.0,0.0,6.941535857227448e-07,0.012518708559607485,0.0026555206371843415,0.0005562140619741512,0.0,0.0,0.006126704745202408,0.0,0.0014448644855338093,0.0,0.0,9.08127224519302e-05
2018-04-14 06:00:00,0.0,0.0,0.0,0.004039482681191746,0.0,0.0,0.03402262162479516,0.0,0.0,0.0,0.0,6.675296025543751e-07,0.012852062869505005,0.00256873715197033,0.0005130594653968191,0.0,0.0,0.005891717434945983,0.0,0.003276363784905592,0.0,0.0,9.465318481858051e-05
2018-04-14 07:00:00,0.0,0.0,0.0,0.00387761037388263,0.0,0.0,0.03273175296988354,0.0,0.0,0.0,0.0,6.407799998228847e-07,0.0072863526131079,0.0024668582851940847,0.000485629329709966,0.0,0.0,0.0056556213873880596,0.0,0.005372973625079515,0.0,0.0,0.000129330991575712
2018-04-14 08:00:00,0.0,0.0,0.0,0.0037725335465540128,0.0,0.0,0.031648832858948206,0.0,0.0,0.0,0.0,6.234159217168109e-07,0.0,0.0023956266915411873,0.0003783180526787413,0.0,0.0,0.0055023634025318955,0.0,0.006669381033794199,0.0,0.0,0.00011421283010751217
2018-04-14 09:00:00,0.0,0.0,0.0,0.0036087953900529727,0.0,0.0,0.02178793973588121,0.0,0.0,0.0,0.0,5.963579850555058e-07,0.0,0.0022307111419329582,0.00030832681639889764,0.0,0.0,0.005263545952982024,0.0,0.007387408327915275,0.0,0.0,9.398569084940977e-05
2018-04-14 10:00:00,0.0,0.0,0.0,0.0034411706521329114,0.0,0.0,0.02284921240293599,0.0,0.0,0.0,0.0,5.686577859178658e-07,0.0,0.002113322842848914,0.00027036002212320906,0.0,0.0,0.005019059797482402,0.0,0.008137750576623214,0.0,0.0,0.00010769281873430627
2018-04-14 11:00:00,0.0,0.0,0.0,0.003336322927365903,0.0,0.0,0.022000536979004136,0.0,0.0,0.0,0.0,5.513315672987519e-07,0.0,0.002038545891883145,0.0002679618925302349,0.0,0.0,0.004866135966195678,0.0,0.008277568799664316,0.0,0.0,0.00015365387864742214
2018-04-14 12:00:00,0.0,0.0,0.0,0.003476005561240296,0.0,0.0,0.022546112270590498,0.0,0.0,0.0,0.0,5.744142985375979e-07,0.0,0.002105691797234049,0.00026483486536886015,0.0,0.0,0.005069867650252347,0.0,0.008420429749956077,0.0,0.0,0.00020019855426060273
2018-04-14 13:00:00,0.0,0.0,0.0,0.0036144610629848966,0.0,0.0,0.021611883052636616,0.0,0.0,0.0,0.0,5.972942446458884e-07,0.0,0.002188528138648206,0.00030834226784394746,0.0,0.0,0.005271809522015043,0.0,0.00789617221879302,0.0,0.0,0.00024533025795251393
2018-04-14 14:00:00,0.0,0.0,0.0,0.0039304973731811065,0.0,0.0,0.022815615517915847,0.0,0.0,0.0,0.0,6.495196430911636e-07,0.0,0.002400749992195885,0.00031296616172412376,0.0,0.0,0.005732758803349672,0.0,0.006319880509892797,0.0,0.0,0.0003599267273300415
2018-04-14 15:00:00,0.0,0.0,0.0,0.0043616014875022735,0.0,0.0,0.02428505342783366,0.0,0.0,0.0,0.0,7.207601411460935e-07,0.0,0.002695105894689325,0.0005354058769527187,0.0,0.0,0.006361538235540136,0.0,0.004541438392868779,0.0,0.0,0.0005296663943047716
2018-04-14 16:00:00,0.0,0.0,0.0,0.004213195540799608,0.0,0.0,0.023416292945186868,0.0,0.0,0.0,0.0,7.057733491629557e-07,0.02294555827560017,0.002736430611219878,0.0006732217722579505,0.0,0.0,0.006229262538278052,0.0,0.0027742482297973513,0.0,0.0,0.0005755572262194665
2018-04-14 17:00:00,0.0,0.0,0.0,0.004002523110900231,0.0,0.0,0.0303714326873502,0.0,0.0,0.0,0.0,6.704825621613722e-07,0.03798213445362952,0.002524044381045505,0.000698824117551062,0.0,0.0,0.005917780703952572,0.0,0.0013647652800680844,0.0,0.0,0.0005279249080300876
2018-04-14 18:00:00,0.0,0.0,0.0,0.003694292839685514,0.0,0.0,0.03129427250408004,0.0,0.0,0.0,0.0,6.167372618199697e-07,0.061874077004507415,0.0022772241008847463,0.0009158648616897395,0.0,0.0,0.005443416538144577,0.0,0.0003429206544638838,0.0,0.0,0.0005558072944591416
2018-04-14 19:00:00,0.0,0.0,0.0,0.0038977564301015608,0.0,0.0,0.03379258039217601,0.0,0.0,0.0,0.0,6.441091609957937e-07,0.058840554827783074,0.0024197283806911456,0.0007601062233656112,0.0,0.0,0.005685005068427994,0.0,0.0,0.0,0.0,0.0007576617264457283
2018-04-14 20:00:00,0.0,0.0,0.0,0.004062082767821066,0.0,0.0,0.029335047276526634,0.0,0.0,0.0,0.0,6.712642953445207e-07,0.050983370497139704,0.00253456335496581,0.0006778711912398859,0.0,0.0,0.00592468039949717,0.0,0.0,0.0,0.0,0.0008852996309113531
2018-04-14 21:00:00,0.0,0.0,0.0,0.004289563063491278,0.0,0.0,0.023358146344505185,0.0,0.0,0.0,0.0,7.088557008145122e-07,0.03865112758559374,0.0025825272050118172,0.0006207343015119282,0.0,0.0,0.006256467841079033,0.0,0.0,0.0,0.0,0.0014219082467497445
2018-04-14 22:00:00,0.0,0.0,0.0,0.004567645655024173,0.0,0.0,0.016730272394587773,0.0,0.0,0.0,0.0,7.548091994314389e-07,0.015155610897404548,0.0027344811535478402,0.0004540070721352437,0.0,0.0,0.006662060384034547,0.0,0.0,0.0,0.0,0.002250466595857034
2018-04-14 23:00:00,0.0,0.0,0.0,0.0047879160931458995,0.0,0.0,0.0010146236509369594,0.0,0.0,0.0,0.0,7.912091668575881e-07,0.0,0.002858037574062739,0.00041662042227597664,0.0,0.0,0.00698333201288136,0.0,0.0,0.0,0.0,0.0026918360398107874
2018-04-15 00:00:00,0.0,0.0,0.0,0.004999489876926188,0.0,0.0,0.0010594589740223008,0.0,0.0,0.0,0.0,8.261720011965918e-07,0.0,0.0029934408074776936,0.00032667797324122415,0.0,0.0,0.007291919287306326,0.0,0.0,0.0,0.0,0.002427617606323945
2018-04-15 01:00:00,0.0,0.0,0.0,0.005187195939662473,0.0,0.0,0.0011100131728823738,0.0,0.0,0.0,0.0,8.571906645612861e-07,0.0,0.0031428163837568177,0.00033658933331679597,0.0,0.0,0.007565694710980668,0.0,0.0,0.0,0.0,0.0017116853135447816
2018-04-15 02:00:00,0.0,0.0,0.0,0.005070673907444308,0.0,0.0,0.0011377523267013922,0.0,0.0,0.0,0.0,8.37935251926995e-07,0.0,0.003098843872142912,0.00032705620924055776,0.0,0.0,0.007395743520950423,0.0,0.0,0.0,0.0,0.0018401066985963826
2018-04-15 03:00:00,0.0,0.0,0.0,0.005122759149723152,0.0,0.0,0.001192010936305473,0.0,0.0,0.0,0.0,8.465424038376171e-07,0.0,0.0031256768680785175,0.0003200106409110058,0.0,0.0,0.007471711548110553,0.0,0.0,0.0,0.0,0.0016749327844314745
2018-04-15 04:00:00,0.0,0.0,0.0,0.005060936629760776,0.0,0.0,0.0011671110476666297,0.0,0.0,0.0,0.0,8.3632615452145e-07,0.0,0.003049763548852465,0.00043512818271237947,0.0,0.0,0.0073815413833935315,0.0,0.0003982606216238824,0.0,0.0,0.0015091823023480242
2018-04-15 05:00:00,0.0,0.0,0.0,0.00483272150355051,0.0,0.0,0.0011245222966732992,0.0,0.0,0.0,0.0,7.986133173788751e-07,0.0,0.0029820587212413658,0.00043534748362749096,0.0,0.0,0.007048682167466718,0.0,0.0016671826370822992,0.0,0.0,0.0015236804254698982
2018-04-15 06:00:00,0.0,0.0,0.0,0.004402188955970836,0.0,0.0,0.011743349057664512,0.0,0.0,0.0,0.0,7.27467271448114e-07,0.0,0.0026644177786390006,0.0004407003036694258,0.0,0.0,0.006420736384038201,0.0,0.003719422219994209,0.0,0.0,0.001781546844927657
2018-04-15 07:00:00,0.0,0.0,0.0,0.004102127250254112,0.0,0.0,0.022098862086630075,0.0,0.0,0.0,0.0,6.778816965200444e-07,0.0,0.0024660329830134124,0.00036288527106171514,0.0,0.0,0.005983086585126504,0.0,0.005992727417890416,0.0,0.0,0.0014851847203651628
2018-04-15 08:00:00,0.0,0.0,0.0,0.0039860992757383305,0.0,0.0,0.020463464099851673,0.0,0.0,0.0,0.0,6.58707927543553e-07,0.0,0.0023540769228594773,0.00044426471289596843,0.0,0.0,0.005813855994392935,0.0,0.007470823052874926,0.0,0.0,0.0012731960425818702
2018-04-15 09:00:00,0.0,0.0,0.0,0.0038880469313679663,0.0,0.0,0.018877674445801594,0.0,0.0,0.0,0.0,6.425046540967254e-07,0.0,0.002248811961073548,0.0003681427608352827,0.0,0.0,0.005670843447376946,0.0,0.008443952216138592,0.0,0.0,0.0016105008300601202
2018-04-15 10:00:00,0.0,0.0,0.0,0.003784181252154827,0.0,0.0,0.01791021724229807,0.0,0.0,0.0,0.0,6.317435257468941e-07,0.0,0.0022027008989786217,0.0002721021593987663,0.0,0.0,0.005575864097733456,0.0,0.009525502722367872,0.0,0.0,0.0015791020781425775
2018-04-15 11:00:00,0.0,0.0,0.0,0.003759991279433145,0.0,0.0,0.017685670744033124,0.0,0.0,0.0,0.0,6.213432962726406e-07,0.0,0.002167571148074466,0.00022886853230010543,0.0,0.0,0.00548407009625933,0.0,0.009548282218729895,0.0,0.0,0.0014809800450427955
2018-04-15 12:00:00,0.0,0.0,0.0,0.003675143146305351,0.0,0.0,0.017164408021003733,0.0,0.0,0.0,0.0,6.073220353701015e-07,0.0,0.0021023124134657723,0.00020551848605550782,0.0,0.0,0.005360316322638951,0.0,0.008863847773536087,0.0,0.0,0.0018057077030607395
2018-04-15 13:00:00,0.0,0.0,0.0,0.003603426180641183,0.0,0.0,0.01681715566553844,0.0,0.0,0.0,0.0,6.036278495372042e-07,0.0,0.0020719686329089613,0.00020971449290811773,0.0,0.0,0.005327710878631188,0.0,0.007766899997547833,0.0,0.0,0.0027317932535129313
2018-04-15 14:00:00,0.0,0.0,0.0,0.0037227752316845767,0.0,0.0,0.017264391308340992,0.0,0.0,0.0,0.0,6.236206029374726e-07,0.0,0.0021657701092315023,0.0002404710612757208,0.0,0.0,0.005504169950004492,0.0,0.005822421529872737,0.0,0.0,0.002983009787080004
2018-04-15 15:00:00,0.0,0.0,0.0,0.003957224887510164,0.0,0.0,0.01859334212227895,0.0,0.0,0.0,0.0,6.628944313652705e-07,0.0,0.0024061014972342545,0.0003874534172087688,0.0,0.0,0.005850806711579851,0.0,0.0038240325052405306,0.0,0.0,0.0031505293598817724
2018-04-15 16:00:00,0.0,0.0,0.0,0.003792654874095436,0.0,0.0,0.017995821159535873,0.0,0.0,0.0,0.0,6.353264895465858e-07,0.030102460095571833,0.002338691948297076,0.0006271248417818982,0.0,0.0,0.005607487879220667,0.0,0.002093236278530989,0.0,0.0,0.0024521287404469594
2018-04-15 17:00:00,0.0,0.0,0.0,0.003961702769058779,0.0,0.0,0.020388474255507983,0.0,0.0,0.0,0.0,6.613795451423653e-07,0.042094511294401414,0.002395665059018107,0.0006525820857110986,0.0,0.0,0.005837436096198457,0.0,0.0010356734759471922,0.0,0.0,0.0015999951649783208
2018-04-15 18:00:00,0.0,0.0,0.0,0.004022543485632498,0.0,0.0,0.022085586959716744,0.0,0.0,0.0,0.0,6.738362747506547e-07,0.04064893309275544,0.0024529542577768834,0.00063033429841567,0.0,0.0,0.005947381079514141,0.0,0.00028362700162864026,0.0,0.0,0.0014214465636073086
2018-04-15 19:00:00,0.0,0.0,0.0,0.0042108470046635345,0.0,0.0,0.020671828519231633,0.0,0.0,0.0,0.0,7.053799341888975e-07,0.0329433251955934,0.0026199584563206322,0.000586607779946409,0.0,0.0,0.006225790198095746,0.0,0.0,0.0,0.0,0.0014085673187993202
2018-04-15 20:00:00,0.0,0.0,0.0,0.00416341046446073,0.0,0.0,0.020079452107195556,0.0,0.0,0.0,0.0,6.974336033036039e-07,0.02931635824505657,0.0025811188717957912,0.000531210193053949,0.0,0.0,0.0061556546774512964,0.0,0.0,0.0,0.0,0.002009695398613086
2018-04-15 21:00:00,0.0,0.0,0.0,0.004403204346790007,0.0,0.0,0.020976285348619148,0.0,0.0,0.0,0.0,7.376026697049708e-07,0.010663580694162046,0.002705509756613185,0.0006000951225704844,0.0,0.0,0.006510192945052931,0.0,0.0,0.0,0.0,0.0019216227563967215
2018-04-15 22:00:00,0.0,0.0,0.0,0.004880569636040664,0.0,0.0,0.02483233749013987,0.0,0.0,0.0,0.0,8.065202815584316e-07,0.007149731043290823,0.00296158908626499,0.0003196456803947465,0.0,0.0,0.007118470231600385,0.0,0.0,0.0,0.0,0.0016247043749679027
2018-04-15 23:00:00,0.0,0.0,0.0,0.004908738777733662,0.0,0.0,0.02563855067101064,0.0006067483454411866,0.0,0.0,0.0,8.111752677144997e-07,0.0,0.003055586355937454,0.0002524406324415307,0.0,0.0,0.007159555844867859,0.0,0.0,0.0,0.0,0.0016656779415546523
2018-04-16 00:00:00,0.0,0.0,0.0,0.0047451758754874975,0.0,0.0,0.024508218056686036,0.012284565903681408,0.0,0.0,0.0,7.841462920396217e-07,0.0028052164956958903,0.0029722889371847096,0.00024413165844493082,0.0,0.0,0.006920994009373172,0.0,0.0,0.0,0.0,0.0018049987636018809
2018-04-16 01:00:00,0.0,0.0,0.0,0.004780381394132426,0.0,0.0,0.024769501878161567,0.013032245369546754,0.0,0.0,0.0,7.899640483523772e-07,0.0,0.0030132013825897854,0.00028240568105791574,0.0,0.0,0.006972342408259101,0.0,0.0,0.0,0.0,0.001559419181433081
2018-04-16 02:00:00,0.0,0.0,0.0,0.004846497281738215,0.0,0.0,0.024820080405493224,0.018886871479786984,0.0,0.0,0.0,8.008897820809847e-07,0.0,0.003018093772554055,0.0003819232808592804,0.0,0.0,0.007068774589921294,0.0,0.0,0.0,0.0,0.001174810354125198
2018-04-16 03:00:00,0.0,0.0,0.0,0.004553832010529495,0.0,0.0,0.023548333537810273,0.0202793094107504,0.0,0.0,0.0,7.525264772743927e-07,0.00045114848387013657,0.0028640638682422615,0.00028899701115057004,0.0,0.0,0.006641912732334395,0.0,0.0,0.0,0.0,0.001174341460149176
2018-04-16 04:00:00,0.0,0.0,0.0,0.003981530135325464,0.0,0.0,0.03174777185387765,0.01911143853835188,0.0,0.0,0.0,6.579528713335046e-07,0.05605723340123855,0.002482416808010937,0.00040667549293874343,0.0,0.0,0.005807191753855761,0.0,6.507312244705733e-05,0.0,0.0,0.0010890944392091555
2018-04-16 05:00:00,0.0,0.0,0.0,0.00342653614216671,0.0,0.0,0.03243937962346162,0.020788014376346423,0.0,0.0,0.0,5.700913835149464e-07,0.08569625580501024,0.0021937827345023574,0.00044957420980985027,0.0,0.0,0.005031712947133138,0.0,0.0007594021580042688,0.0,0.0,0.0008910991608923631
2018-04-16 06:00:00,0.0,0.0,0.0,0.003325967404805159,0.0,0.0,0.03260654780539207,0.022897566677158507,0.0,0.0,0.0,5.571493494106045e-07,0.08292397741944592,0.002150026503314056,0.000500272101644843,0.0,0.0,0.004917484592788349,0.0,0.0017643980698991148,0.0,0.0,0.0007138919452681302
2018-04-16 07:00:00,0.0,0.0,0.0,0.003320156832280371,0.0,0.0,0.03136087653294968,0.022915343371461606,0.0,0.0,0.0,5.561759914945852e-07,0.0827791065514562,0.0021259903968960017,0.0005174337396723079,0.0,0.0,0.004908893588311083,0.0,0.002961975966817634,0.0,0.0,0.00044924541668799555
2018-04-16 08:00:00,0.0,0.0,0.0,0.0033171326551360205,0.0,0.0,0.027937106084254593,0.023033014944559803,0.0,0.0,0.0,5.556693965333589e-07,0.07674558997965208,0.0021046122017893496,0.0005701481766265242,0.0,0.0,0.0049044223044098275,0.0,0.004210629552097027,0.0,0.0,0.00047288906983181036
2018-04-16 09:00:00,0.0,0.0,0.0,0.0033272875541238704,0.0,0.0,0.027090644587963005,0.02104215935231698,0.0,0.0,0.0,5.573704941918137e-07,0.07001815457661567,0.0020996835410297655,0.00048640473545907267,0.0,0.0,0.00491943645014136,0.0,0.005316995775430426,0.0,0.0,0.00035442260481236487
2018-04-16 10:00:00,0.0,0.0,0.0,0.00332710940275213,0.0,0.0,0.02755165876183384,0.015644709379247838,0.0,0.0,0.0,5.573406511690834e-07,0.042993514931931924,0.002150861601394702,0.00043930035802948735,0.0,0.0,0.004919173051100092,0.0,0.00596679928894181,0.0,0.0,0.0002779807396070239
2018-04-16 11:00:00,0.0,0.0,0.0,0.0034278987507751013,0.0,0.0,0.028682280854106196,0.01548630249445042,0.0,0.0,0.0,5.742243763665669e-07,0.017805282858717606,0.0022645752747135887,0.0003977216288721616,0.0,0.0,0.005068191368388495,0.0,0.00637814850117661,0.0,0.0,0.0003273086712592431
2018-04-16 12:00:00,0.0,0.0,0.0,0.003446808772273246,0.0,0.0,0.021116797160865144,0.01564371193835083,0.0,0.0,0.0,5.773920881606786e-07,0.008080694503891176,0.0022860409374082704,0.00048062355108415385,0.0,0.0,0.00509615007274383,0.0,0.0060854592437692,0.0,0.0,0.00038457956363257406
2018-04-16 13:00:00,0.0,0.0,0.0,0.003414038181796429,0.0,0.0,0.01767329002245714,0.015483097527251978,0.0,0.0,0.0,5.719025234891842e-07,0.008779523040911355,0.0022798471828061094,0.00032402485275441625,0.0,0.0,0.0050476983430204694,0.0,0.005216813040543161,0.0,0.0,0.0005384783067844575
2018-04-16 14:00:00,0.0,0.0,0.0,0.003454567702664763,0.0,0.0,0.018057708032516027,0.015666904061016933,0.0,0.0,0.0,5.786918251976413e-07,0.006028664305602882,0.0023316809061749454,0.0003322602536280126,0.0,0.0,0.0051076217488046595,0.0,0.0042576691628399815,0.0,0.0,0.0006765891902347916
2018-04-16 15:00:00,0.0,0.0,0.0,0.0034924880300495295,0.0,0.0,0.0197122803417633,0.015814566541172564,0.0,0.0,0.0,5.850440479227756e-07,0.010016237122604112,0.0023870398536253146,0.00047069878088535147,0.0,0.0,0.005163687429243581,0.0,0.0029927099119132663,0.0,0.0,0.0007684323347206054
2018-04-16 16:00:00,0.0,0.0,0.0,0.0034293220993713894,0.0,0.0,0.030124204639590046,0.016769868305205115,0.0,0.0,0.0,5.744628085722647e-07,0.057994231292414,0.002294442363785435,0.0004237264746586291,0.0,0.0,0.005070295807169917,0.0,0.001579584385119004,0.0,0.0,0.0008600958615978974
2018-04-16 17:00:00,0.0,0.0,0.0,0.003307962448712309,0.0,0.0,0.030207653923614974,0.016141861799617244,0.0,0.0,0.0,5.541332496259809e-07,0.09420587851794762,0.002135885927731977,0.00039126911804619497,0.0,0.0,0.004890864039005261,0.0,0.0004127340652149334,0.0,0.0,0.0007935740209026381
2018-04-16 18:00:00,0.0,0.0,0.0,0.0033264934711746026,0.0,0.0,0.03050998410124899,0.01561865583403559,0.0,0.0,0.0,5.572374734057643e-07,0.09845219655021223,0.002159994040499314,0.0003501802819688088,0.0,0.0,0.004918262388524649,0.0,4.1470226821618075e-05,0.0,0.0,0.0009658901161676312
2018-04-16 19:00:00,0.0,0.0,0.0,0.00358028696968408,0.0,0.0,0.031563431666036576,0.015913062717968593,0.0,0.0,0.0,5.997516851731161e-07,0.07759973343072966,0.002348012629235193,0.00033290228276306924,0.0,0.0,0.005293499264528645,0.0,0.0,0.0,0.0,0.0013266933928725599
2018-04-16 20:00:00,0.0,0.0,0.0,0.003790896211282489,0.0,0.0,0.03365965415362926,0.016928310280943985,0.0,0.0,0.0,6.350318871879907e-07,0.03833303829927349,0.002527593286218682,0.0002684533471312699,0.0,0.0,0.005604887674157297,0.0,0.0,0.0,0.0,0.0017194375956115415
2018-04-16 21:00:00,0.0,0.0,0.0,0.003939048735592269,0.0,0.0,0.0235766744270785,0.017562468334862438,0.0,0.0,0.0,6.598496537161532e-07,0.014578377602399543,0.0026063240900432555,0.0002486603781049379,0.0,0.0,0.0058239330426186646,0.0,0.0,0.0,0.0,0.002353097709852758
2018-04-16 22:00:00,0.0,0.0,0.0,0.0041317317992912205,0.0,0.0,0.02031836051879452,0.018186801535072347,0.0,0.0,0.0,6.827738855482475e-07,0.016675205093253116,0.002600013197657302,0.00040782194106503633,0.0,0.0,0.006026265786891068,0.0,0.0,0.0,0.0,0.0024215003985690424
2018-04-16 23:00:00,0.0,0.0,0.0,0.004068851633580705,0.0,0.0,0.020338821041770178,0.01791001951004697,0.0,0.0,0.0,6.723828589396349e-07,0.018238688435964417,0.002545091218555524,0.0004108468909295034,0.0,0.0,0.0059345530113037665,0.0,0.0,0.0,0.0,0.0027142024272795995
2018-04-17 00:00:00,0.0,0.0,0.0,0.004065796328682585,0.0,0.0,0.02032354860002321,0.01788261225194986,0.0,0.0,0.0,6.718779659557335e-07,0.01725431320564816,0.0025373469911140053,0.0004245070791845877,0.0,0.0,0.005930096749312312,0.0,0.0,0.0,0.0,0.002796426842932471
2018-04-17 01:00:00,0.0,0.0,0.0,0.004012452633365856,0.0,0.0,0.02001522039788441,0.01764799041103135,0.0,0.0,0.0,6.630628530950311e-07,0.01817486272581768,0.002488628903701595,0.00042526663566799707,0.0,0.0,0.005852293227290701,0.0,0.0,0.0,0.0,0.0029931512414136338
2018-04-17 02:00:00,0.0,0.0,0.0,0.003937379422100583,0.0,0.0,0.025031506075044258,0.017344833050119773,0.0,0.0,0.0,6.506569103460445e-07,0.01613381940738418,0.0024383384796505298,0.00047141975662724143,0.0,0.0,0.005742796496491871,0.0,0.0,0.0,0.0,0.0030261820040066167
2018-04-17 03:00:00,0.0,0.0,0.0,0.0037449682830341404,0.0,0.0,0.03502772515263439,0.016471510698091996,0.0,0.0,0.0,6.18860727189699e-07,0.01862978280985799,0.002319773263601854,0.00042451084634733023,0.0,0.0,0.005462158565304818,0.0,0.0,0.0,0.0,0.0033435461386437247
2018-04-17 04:00:00,0.0,0.0,0.0,0.003119517363203469,0.0,0.0,0.046687335883736525,0.013674391494296454,0.0,0.0,0.0,5.13768470368109e-07,0.08393026659860638,0.0018649097368308076,0.00041039795928423013,0.0,0.0,0.004534598380072212,0.0,7.990552656024385e-05,0.0,0.0,0.002719705475871223
2018-04-17 05:00:00,0.0,0.0,0.0,0.002911364445040444,0.0,0.0,0.06680073922112412,0.012805068745694162,0.0,0.0,0.0,4.811066426742122e-07,0.08720961346616585,0.0017529095168418653,0.0004436303282748692,0.0,0.0,0.004246320139009999,0.0,0.0006956513018927601,0.0,0.0,0.002346625046932609
2018-04-17 06:00:00,0.0,0.0,0.0,0.0028885215227146483,0.0,0.0,0.06993508779179362,0.012691473951668872,0.0,0.0,0.0,4.7572464313085175e-07,0.0857758284721493,0.0017310697874112326,0.000376089644988406,0.0,0.0,0.004198817795408833,0.0,0.001677173572425203,0.0,0.0,0.002152228893781989
2018-04-17 07:00:00,0.0,0.0,0.0,0.0027444051963658226,0.0,0.0,0.06640778184860559,0.011949620036422673,0.0,0.0,0.0,4.4896608453499973e-07,0.06207016451842374,0.0016296468651323638,0.0003307485875729565,0.0,0.0,0.003962642702034808,0.0,0.002688659837835965,0.0,0.0,0.002119741269276332
2018-04-17 08:00:00,0.0,0.0,0.0,0.0027163197042463973,0.0,0.0,0.06352171654903027,0.011711779329867509,0.0,0.0,0.0,4.473638890242654e-07,0.02287173825140938,0.001660107098224655,0.0003203258202830265,0.0,0.0,0.003948501481647482,0.0,0.00366125231735725,0.0,0.0,0.0020760412271428152
2018-04-17 09:00:00,0.0,0.0,0.0,0.002671831708054802,0.0,0.0,0.059817045633174575,0.011760703591128976,0.0,0.0,0.0,4.4152355609154757e-07,0.012410457769562932,0.0016641553732641482,0.0002914921559079358,0.0,0.0,0.0038969538180923216,0.0,0.004354398233807514,0.0,0.0,0.0018882126068444749
2018-04-17 10:00:00,0.0,0.0,0.0,0.0027558065764913798,0.0,0.0,0.04860877868912626,0.012139801594778602,0.0,0.0,0.0,4.554005089036059e-07,0.015257676202053694,0.001705586795093443,0.0002838018073469803,0.0,0.0,0.00401943390663651,0.0,0.005079916783456378,0.0,0.0,0.0018582546738840006
2018-04-17 11:00:00,0.0,0.0,0.0,0.0028083979288036367,0.0,0.0,0.03988586083042222,0.012275049388733956,0.0,0.0,0.0,4.6409129613491563e-07,0.013938777031692457,0.0017185943458525466,0.00033843220159013006,0.0,0.0,0.0040961401118117975,0.0,0.005476915951065587,0.0,0.0,0.001904912824447451
2018-04-17 12:00:00,0.0,0.0,0.0,0.002896250312634948,0.0,0.0,0.039888014190483705,0.012748535527116966,0.0,0.0,0.0,4.786090132513727e-07,0.009064220668099306,0.0017803335124083625,0.00035771790312280225,0.0,0.0,0.00422427568321318,0.0,0.0054442567508029525,0.0,0.0,0.0020467983464414934
2018-04-17 13:00:00,0.0,0.0,0.0,0.002962169465579689,0.0,0.0,0.033527816971019274,0.013028524720688873,0.0,0.0,0.0,4.895022363293691e-07,0.010285615286509389,0.0018243388904551976,0.0003616352279522448,0.0,0.0,0.004320420920946154,0.0,0.005115861513427926,0.0,0.0,0.002136220824912163
2018-04-17 14:00:00,0.0,0.0,0.0,0.0030497199273759935,0.0,0.0,0.014674280317568126,0.013434538820920796,0.0,0.0,0.0,5.03970060449139e-07,0.018534310026384743,0.0018953671540150841,0.0003808905317531418,0.0,0.0,0.004448116129197591,0.0,0.00427376687273606,0.0,0.0,0.00220088094847217
2018-04-17 15:00:00,0.0,0.0,0.0,0.0030988761230114296,0.0,0.0,0.02127171635635954,0.01366172090461663,0.0,0.0,0.0,5.120931837115283e-07,0.03423870635566208,0.0019257393927332026,0.000443410263326579,0.0,0.0,0.004519812046154826,0.0,0.0030802904925666653,0.0,0.0,0.0021864794205273415
2018-04-17 16:00:00,0.0,0.0,0.0,0.003180437196490632,0.0,0.0,0.027044991091912465,0.013999451778854461,0.0,0.0,0.0,5.255712538656547e-07,0.08672617421479677,0.00195885681754916,0.00048346307158389897,0.0,0.0,0.004638771535910222,0.0,0.0018018742655144008,0.0,0.0,0.0019315683619327611
2018-04-17 17:00:00,0.0,0.0,0.0,0.003218176342134381,0.0,0.0,0.027559804033170893,0.014154521041499106,0.0,0.0,0.0,5.318076952321716e-07,0.10177311241712265,0.0019505662817547807,0.0005391976978861671,0.0,0.0,0.004693815312531551,0.0,0.0005504776104077287,0.0,0.0,0.001702938072914281
2018-04-17 18:00:00,0.0,0.0,0.0,0.0031219228268396875,0.0,0.0,0.026891173474067127,0.014803078801380303,0.0,0.0,0.0,5.159016805565072e-07,0.10544731195106659,0.0019005568306522701,0.0006255396271966568,0.0,0.0,0.004553426416478832,0.0,6.346813036668297e-05,0.0,0.0,0.0017142170797081805
2018-04-17 19:00:00,0.0,0.0,0.0,0.0031224732979025778,0.0,0.0,0.026837530675057984,0.015191643632015655,0.0,0.0,0.0,5.159926465932079e-07,0.0999535045448611,0.0018985177654812487,0.0005943437994741038,0.0,0.0,0.004554229296504476,0.0,0.0,0.0,0.0,0.0020261982036267777
2018-04-17 20:00:00,0.0,0.0,0.0,0.0034744296157546194,0.0,0.0,0.028346713870996507,0.01676084973529148,0.0,0.0,0.0,5.741538715605002e-07,0.0677759080374353,0.002154883192026733,0.000509534689393068,0.0,0.0,0.005067569082285286,0.0,0.0,0.0,0.0,0.002221700134462411
2018-04-17 21:00:00,0.0,0.0,0.0,0.003830442062938912,0.0,0.0,0.020277135984249618,0.017307765297684186,0.0,0.0,0.0,6.329853770104083e-07,0.030227933620820716,0.0024380598557586968,0.0004596094428452538,0.0,0.0,0.005586824865185354,0.0,0.0,0.0,0.0,0.0020438446079363215
2018-04-17 22:00:00,0.0,0.0,0.0,0.0041279282827025796,0.0,0.0,0.01999949229127602,0.018439351807667374,0.0,0.0,0.0,6.821453496397893e-07,0.006650533272923165,0.002670759576110885,0.00047362982824282604,0.0,0.0,0.006020718233709632,0.0,0.0,0.0,0.0,0.001956318017331519
2018-04-17 23:00:00,0.0,0.0,0.0,0.004243909549266066,0.0,0.0,0.020482059416821786,0.01870972104240403,0.0,0.0,0.0,7.013114000683149e-07,0.0,0.002730395005221436,0.00045713414646204057,0.0,0.0,0.006189880699369125,0.0,0.0,0.0,0.0,0.002218774900484467
2018-04-18 00:00:00,0.0,0.0,0.0,0.004267027004076025,0.0,0.0,0.020629089301240557,0.018782335601075933,0.0,0.0,0.0,7.051315886021614e-07,0.0,0.0027281879229825792,0.0003796855785497719,0.0,0.0,0.006223598262310927,0.0,0.0,0.0,0.0,0.002595099526675433
2018-04-18 01:00:00,0.0,0.0,0.0,0.004195724664546119,0.0,0.0,0.020171054878190986,0.018454076698999903,0.0,0.0,0.0,6.933487871584991e-07,0.0,0.0026862114121078947,0.0003873027835934813,0.0,0.0,0.0061196014711087324,0.0,0.0,0.0,0.0,0.002877545741338193
2018-04-18 02:00:00,0.0,0.0,0.0,0.00421698957907472,0.0,0.0,0.02029957020410152,0.019083329021373573,0.0,0.0,0.0,6.968628410767699e-07,0.0002739524492332804,0.0026990996384701755,0.00044858498610152577,0.0,0.0,0.006150617043539365,0.0,0.0,0.0,0.0,0.0025884636394998906
2018-04-18 03:00:00,0.0,0.0,0.0,0.003991157997419708,0.0,0.0,0.019137844331469964,0.01823951079738398,0.0,0.0,0.0,6.595438876750634e-07,0.004206842423283467,0.0025609685763829946,0.00045353884792941876,0.0,0.0,0.005821234305201763,0.0,0.0,0.0,0.0,0.002556483140258319
2018-04-18 04:00:00,0.0,0.0,0.0,0.0034730900246471496,0.0,0.0,0.02649579863801913,0.016158145923206593,0.0,0.0,0.0,5.739325024421925e-07,0.05880935543735008,0.002156443994718878,0.0004707644948265386,0.0,0.0,0.005065615244899046,0.0,0.00015485195209647448,0.0,0.0,0.0023483619039772036
2018-04-18 05:00:00,0.0,0.0,0.0,0.003201782595830571,0.0,0.0,0.027246459778439636,0.014379235075691742,0.0,0.0,0.0,5.290986080004049e-07,0.07930021260302234,0.0019831658153954606,0.0005538160744033523,0.0,0.0,0.004669904498067123,0.0,0.001146941206481271,0.0,0.0,0.0019250965575883336
2018-04-18 06:00:00,0.0,0.0,0.0,0.003126393257273654,0.0,0.0,0.026676362364613602,0.013664955114814225,0.0,0.0,0.0,5.16640424818174e-07,0.07096925133202037,0.0019415386937025488,0.0005034181157735314,0.0,0.0,0.004559946685287545,0.0,0.002863795941080733,0.0,0.0,0.0012818238240024308
2018-04-18 07:00:00,0.0,0.0,0.0,0.0030233379043863528,0.0,0.0,0.025859841329185455,0.013826972334544543,0.0,0.0,0.0,4.996103979104547e-07,0.04077922747019033,0.001907772121235477,0.0003975206122370931,0.0,0.0,0.004409637086932864,0.0,0.004796164117255654,0.0,0.0,0.0010025328703586638
2018-04-18 08:00:00,0.0,0.0,0.0,0.0029391516281080323,0.0,0.0,0.025151973338177813,0.013855708195982202,0.0,0.0,0.0,4.856985096861882e-07,0.01881703935868967,0.0018619865975094405,0.00037012967560346024,0.0,0.0,0.004286848653146133,0.0,0.006445817483756015,0.0,0.0,0.0008496661480713786
2018-04-18 09:00:00,0.0,0.0,0.0,0.0028609839839947374,0.0,0.0,0.019044352556717454,0.013045168756946817,0.0,0.0,0.0,4.7278120801028014e-07,0.01776365701671473,0.00179231288370045,0.0003359907770038899,0.0,0.0,0.004172838590962852,0.0,0.007561154373562293,0.0,0.0,0.0010411782288947775
2018-04-18 10:00:00,0.0,0.0,0.0,0.002884469244228471,0.0,0.0,0.014196760281469736,0.012815523712485469,0.0,0.0,0.0,4.766621768538167e-07,0.004000704359860828,0.0018044183872735337,0.0002813454153934422,0.0,0.0,0.0042070926101291165,0.0,0.00834853412589098,0.0,0.0,0.0015612790922124357
2018-04-18 11:00:00,0.0,0.0,0.0,0.002995004850109618,0.0,0.0,0.014174558562189726,0.013080393855868013,0.0,0.0,0.0,4.949283249934047e-07,0.001113898639585719,0.0018710733143244725,0.0002235281566452085,0.0,0.0,0.004368312401808019,0.0,0.008773739273060284,0.0,0.0,0.0017092994735320556
2018-04-18 12:00:00,0.0,0.0,0.0,0.003069994133616119,0.0,0.0,0.014548597519002969,0.013418442937964436,0.0,0.0,0.0,5.07320398574511e-07,0.00018946709884532471,0.0019165560427600202,0.00026753347801379145,0.0,0.0,0.0044776867212292905,0.0,0.00850197123820897,0.0,0.0,0.0015753758354732216
2018-04-18 13:00:00,0.0,0.0,0.0,0.0031434897039332543,0.0,0.0,0.014909952040040367,0.013728887086045275,0.0,0.0,0.0,5.194656341690922e-07,7.658010715203168e-05,0.0019641971561145614,0.00030715316376487157,0.0,0.0,0.004584882411173681,0.0,0.007613165543300713,0.0,0.0,0.0016530702520610404
2018-04-18 14:00:00,0.0,0.0,0.0,0.00320259628411068,0.0,0.0,0.015243531169996149,0.013987029355219189,0.0,0.0,0.0,5.292330710138877e-07,0.013877162351059359,0.002000118970433478,0.00034566075090338035,0.0,0.0,0.004671091289001728,0.0,0.0061358224214355895,0.0,0.0,0.0017754603325507736
2018-04-18 15:00:00,0.0,0.0,0.0,0.0034335416985601577,0.0,0.0,0.01715598641711692,0.014995661104211274,0.0,0.0,0.0,5.673970917279791e-07,0.015329561237185619,0.002183513140066453,0.0003735546802327862,0.0,0.0,0.0050079327195067325,0.0,0.004458655715227198,0.0,0.0,0.00175968054179296
2018-04-18 16:00:00,0.0,0.0,0.0,0.0034853974330409203,0.0,0.0,0.026357971109637626,0.015640984098458197,0.0,0.0,0.0,5.759663171858033e-07,0.053079753466538024,0.002193788418163145,0.0005491004148021497,0.0,0.0,0.0050835660020467875,0.0,0.0023827019771740423,0.0,0.0,0.001518976697466457
2018-04-18 17:00:00,0.0,0.0,0.0,0.0033957561550173715,0.0,0.0,0.028106974950788996,0.015565173009494221,0.0,0.0,0.0,5.611529830501877e-07,0.08424784635413882,0.002081291431839323,0.0006638981580075758,0.0,0.0,0.004952821270034131,0.0,0.000667724233966201,0.0,0.0,0.0011218115693373337
2018-04-18 18:00:00,0.0,0.0,0.0,0.0033446122042110156,0.0,0.0,0.02808667826446913,0.015284809684609909,0.0,0.0,0.0,5.527013807413606e-07,0.09428837147878436,0.0020541673552422826,0.0006994292507051251,0.0,0.0,0.004878226147232681,0.0,7.572728332026178e-05,0.0,0.0,0.001000234635819569
2018-04-18 19:00:00,0.0,0.0,0.0,0.003657190772382142,0.0,0.0,0.030445650524263,0.01609799618760876,0.0,0.0,0.0,6.043553829604588e-07,0.07822508769390413,0.0022555362728458256,0.0005940247684463605,0.0,0.0,0.005334132198881096,0.0,0.0,0.0,0.0,0.0008477473458081529
2018-04-18 20:00:00,0.0,0.0,0.0,0.004062965645206196,0.0,0.0,0.03378990836087264,0.017856211026395747,0.0,0.0,0.0,6.714101919447818e-07,0.022310073298691536,0.002556040481550356,0.0005690685256570547,0.0,0.0,0.0059259681050014175,0.0,0.0,0.0,0.0,0.0010203934846381318
2018-04-18 21:00:00,0.0,0.0,0.0,0.004254894701299752,0.0,0.0,0.02392959669235888,0.01871432456649249,0.0,0.0,0.0,7.031267102824639e-07,0.01160942651560322,0.0026831940429347723,0.0004217255852120417,0.0,0.0,0.006205902902425904,0.0,0.0,0.0,0.0,0.0013336638407843964
2018-04-18 22:00:00,0.0,0.0,0.0,0.004099670414006872,0.0,0.0,0.021072056171535635,0.018059752761528013,0.0,0.0,0.0,6.774757012347328e-07,0.0,0.002561721780021707,0.0004415087887889823,0.0,0.0,0.005979503209210553,0.0,0.0,0.0,0.0,0.0016895230103080299
2018-04-18 23:00:00,0.0,0.0,0.0,0.004139350653861047,0.0,0.0,0.02041568014469535,0.018083937837723208,0.0,0.0,0.0,6.794420859600408e-07,0.0,0.002572696492615501,0.0004047657598538864,0.0,0.0,0.005996858818797868,0.0,0.0,0.0,0.0,0.0016638468838779121
2018-04-19 00:00:00,0.0,0.0,0.0,0.004132327966060397,0.0,0.0,0.020355375103810434,0.018035014601785613,0.0,0.0,0.0,6.760208402875042e-07,0.0,0.002567724011908864,0.0004048490870151596,0.0,0.0,0.005966662386008993,0.0,0.0,0.0,0.0,0.0013754508759706873
2018-04-19 01:00:00,0.0,0.0,0.0,0.004213347576274964,0.0,0.0,0.020702560341549842,0.018298772111019917,0.0,0.0,0.0,6.86977515585083e-07,0.0,0.002604092269466948,0.0003903012170747091,0.0,0.0,0.006063367662648061,0.0,0.0,0.0,0.0,0.0014072406639943204
2018-04-19 02:00:00,0.0,0.0,0.0,0.004219124889927588,0.0,0.0,0.020487887894497642,0.018399486762746085,0.0,0.0,0.0,6.902202285957388e-07,0.0,0.0026310655455974515,0.0004228291110900519,0.0,0.0,0.0060919883391069,0.0,0.0,0.0,0.0,0.0013381138173095873
2018-04-19 03:00:00,0.0,0.0,0.0,0.004216952872822831,0.0,0.0,0.0209968910490795,0.018285858869618848,0.0,0.0,0.0,6.875653516514325e-07,0.0,0.0025932475274724094,0.0004780223530725294,0.0,0.0,0.0060685559928550644,0.0,0.0,0.0,0.0,0.001317158725123012
2018-04-19 04:00:00,0.0,0.0,0.0,0.003963822040667062,0.0,0.0,0.02791875543741702,0.01720164154074288,0.0,0.0,0.0,6.462928985617456e-07,0.020287670208193987,0.002397632413220389,0.0005131315961885486,0.0,0.0,0.005704279067126229,0.0,0.00043786642716827837,0.0,0.0,0.0012290995661096375
2018-04-19 05:00:00,0.0,0.0,0.0,0.003364754084696275,0.0,0.0,0.02414768176357888,0.01478392613102673,0.0,0.0,0.0,5.541576974856218e-07,0.09248899986999297,0.0020452910959203167,0.000504324668183384,0.0,0.0,0.0048910798195194735,0.0,0.0014238272902736113,0.0,0.0,0.0009493512122353959
2018-04-19 06:00:00,0.0,0.0,0.0,0.0032468866209792334,0.0,0.0,0.019420797784838306,0.014325389575949834,0.0,0.0,0.0,5.365521049843816e-07,0.09286223841925813,0.0019760731424881277,0.000584770033163115,0.0,0.0,0.004735690192010542,0.0,0.003137644796981142,0.0,0.0,0.0006637463698235701
2018-04-19 07:00:00,0.0,0.0,0.0,0.0033104872627255175,0.0,0.0,0.02016574133774725,0.014992459583638734,0.0,0.0,0.0,5.470621911656585e-07,0.03556057676449757,0.0020592834188840276,0.0006556682344856843,0.0,0.0,0.004828453805429423,0.0,0.00541862374953727,0.0,0.0,0.00045783014776178707
2018-04-19 08:00:00,0.0,0.0,0.0,0.003201519093086451,0.0,0.0,0.02195633839216777,0.014608890949980946,0.0,0.0,0.0,5.290550638399426e-07,0.01874450748123005,0.002017313558871747,0.0005004342165459067,0.0,0.0,0.004669520170707853,0.0,0.006678339853088856,0.0,0.0,0.00043083015041754506
2018-04-19 09:00:00,0.0,0.0,0.0,0.0030887422610026884,0.0,0.0,0.024038520651905364,0.013712492259992479,0.0,0.0,0.0,5.104185502465719e-07,0.015836854889170988,0.001953430478930384,0.00040738833898259114,0.0,0.0,0.004505031477405707,0.0,0.007411846745411367,0.0,0.0,0.00042536420661420184
2018-04-19 10:00:00,0.0,0.0,0.0,0.0031100687794100345,0.0,0.0,0.016696320762948472,0.011564707490303356,0.0,0.0,0.0,5.139427842834225e-07,0.01182958603231321,0.001939566226312821,0.00040341376163656917,0.0,0.0,0.004536136901105701,0.0,0.008498472643923508,0.0,0.0,0.00041501372171760673
2018-04-19 11:00:00,0.0,0.0,0.0,0.0031581460866640463,0.0,0.0,0.011488852758264648,0.013229037150386078,0.0,0.0,0.0,5.218876198814517e-07,0.010981497408582603,0.0019614842395625377,0.00037259518574106205,0.0,0.0,0.004606259224118148,0.0,0.008902984873325241,0.0,0.0,0.0005400116204067159
2018-04-19 12:00:00,0.0,0.0,0.0,0.003164427277793976,0.0,0.0,0.011058071408056645,0.0030530761412395635,0.0,0.0,0.0,5.229255946295679e-07,0.009800731106836602,0.0019525372444340096,0.0003534386610744364,0.0,0.0,0.004615420546548057,0.0,0.008632918740763001,0.0,0.0,0.0007902684226846281
2018-04-19 13:00:00,0.0,0.0,0.0,0.0032719003373579752,0.0,0.0,0.014375052830432925,0.0,0.0,0.0,0.0,5.370568903589411e-07,0.0199305908884896,0.0020196627158937156,0.000304212009431623,0.0,0.0,0.004740145504225637,0.0,0.007931331494748325,0.0,0.0,0.0009598515993311686
2018-04-19 14:00:00,0.0,0.0,0.0,0.003401141326121445,0.0,0.0,0.01620268637928745,0.0,0.0,0.0,0.0,5.620428893601038e-07,0.019371940558065782,0.0021491972320759655,0.00039023981808759123,0.0,0.0,0.004960675717989005,0.0,0.006113313015490993,0.0,0.0,0.0010371700725826812
2018-04-19 15:00:00,0.0,0.0,0.0,0.003543136540493595,0.0,0.0,0.01875623237784452,0.0,0.0,0.0,0.0,5.855077774399062e-07,0.024312368551208125,0.0022478203933649255,0.000471990601575429,0.0,0.0,0.005167780376239075,0.0,0.004099341641827849,0.0,0.0,0.0010801963364431256
2018-04-19 16:00:00,0.0,0.0,0.0,0.0035421614728271497,0.0,0.0,0.029112729933727526,0.0,0.0,0.0,0.0,5.85346646279504e-07,0.06112949739422892,0.002231651231332058,0.0006061860219005239,0.0,0.0,0.005166358208198251,0.0,0.0025325350362513876,0.0,0.0,0.000974373945763496
2018-04-19 17:00:00,0.0,0.0,0.0,0.003393856162982713,0.0,0.0,0.028500208785211735,0.0,0.0,0.0,0.0,5.608390069725932e-07,0.09572621620205746,0.0020937116411792987,0.0006315530555662172,0.0,0.0,0.004950050069590824,0.0,0.0012659644132398996,0.0,0.0,0.0008422687017341945
2018-04-19 18:00:00,0.0,0.0,0.0,0.003267335027926248,0.0,0.0,0.027295184571282487,0.0,0.0,0.0,0.0,5.399312299960487e-07,0.10288199072907872,0.0020159404961905387,0.0007739902381569743,0.0,0.0,0.0047655148614632785,0.0,0.00033567616340834813,0.0,0.0,0.0007579391583031037
2018-04-19 19:00:00,0.0,0.0,0.0,0.0034836789440912726,0.0,0.0,0.028834719676055057,0.0,0.0,0.0,0.0,5.756823347216888e-07,0.08977297144594563,0.0021639184420171845,0.0006327612535250696,0.0,0.0,0.005081059529781529,0.0,0.0,0.0,0.0,0.0012283382795548676
2018-04-19 20:00:00,0.0,0.0,0.0,0.0038144833497748944,0.0,0.0,0.019352616558090775,0.0,0.0,0.0,0.0,6.303481795531059e-07,0.030925943113807267,0.0024422949352484774,0.0005636080575702947,0.0,0.0,0.005563548560765104,0.0,0.0,0.0,0.0,0.0017156267671488419
2018-04-19 21:00:00,0.0,0.0,0.0,0.004097680256242796,0.0,0.0,0.01863906405367544,0.0,0.0,0.0,0.0,6.681182008213258e-07,0.022574963088269884,0.002595132181040155,0.000449737842927512,0.0,0.0,0.005896912492451004,0.0,0.0,0.0,0.0,0.0015726984542366214
2018-04-19 22:00:00,0.0,0.0,0.0,0.003810174138078479,0.0,0.0,0.01940715964879859,0.0,0.0,0.0,0.0,6.752618795642016e-07,0.001413577780923131,0.00262698369769284,0.000441920264441473,0.0,0.0,0.005959963683646116,0.0,0.0,0.0,0.0,0.0018761662362329363
2018-04-19 23:00:00,0.0,0.0,0.0,0.003943603644578262,0.0,0.0,0.020157078042754517,0.0,0.0,0.0,0.0,6.98909055804237e-07,0.0003297082477945685,0.0026919770561374375,0.00046059456164022954,0.0,0.0,0.006168677244823816,0.0,0.0,0.0,0.0,0.00208866956316589
2018-04-20 00:00:00,0.0,0.0,0.0,0.004048343757938912,0.0,0.0,0.020881865496088566,0.0,0.0,0.0,0.0,7.174717259737819e-07,0.0008038546289255191,0.0027652809371752052,0.0004893391409471487,0.0,0.0,0.006332514184876448,0.0,0.0,0.0,0.0,0.0019362825894881266
2018-04-20 01:00:00,0.0,0.0,0.0,0.004057969208216802,0.0,0.0,0.021294379673711894,0.0,0.0,0.0,0.0,7.297537471815461e-07,0.0,0.00284771739132697,0.0004411312427127862,0.0,0.0,0.0064409171653723825,0.0,0.0,0.0,0.0,0.0018219048976882899
2018-04-20 02:00:00,0.0,0.0,0.0,0.0041617764238723026,0.0,0.0,0.02148155703718112,0.0,0.0,0.0,0.0,7.484216326981965e-07,0.0032290796406339267,0.002908804565588456,0.0004876461617792524,0.0,0.0,0.006605682752023748,0.0,0.0,0.0,0.0,0.0016562850450186782
2018-04-20 03:00:00,0.0,0.0,0.0,0.0039265296914297665,0.0,0.0,0.022064540052789197,0.0,0.0,0.0,0.0,6.958831075727846e-07,0.01904712284246268,0.00269850710456661,0.0004909935842113306,0.0,0.0,0.0061419697671565,0.0,0.0,0.0,0.0,0.0014355774440137593
2018-04-20 04:00:00,0.0,0.0,0.0,0.0035968997101708017,0.0,0.0,0.031929239015903776,0.0,0.0,0.0,0.0,6.37464108167709e-07,0.054700034763391824,0.0024287456761580713,0.0005384629881323084,0.0,0.0,0.005626354825122606,0.0,0.0001988447546670324,0.0,0.0,0.0012116638006269558
2018-04-20 05:00:00,0.0,0.0,0.0,0.003169593983355911,0.0,0.0,0.02448490406385189,0.0,0.0,0.0,0.0,5.617344281633494e-07,0.09839652254551585,0.002145920747366113,0.000553968638515211,0.0,0.0,0.004957953192719762,0.0,0.001272983660747003,0.0,0.0,0.0009211196669840496
2018-04-20 06:00:00,0.0,0.0,0.0,0.003098111357211923,0.0,0.0,0.02062616631000621,0.0,0.0,0.0,0.0,5.490658490546482e-07,0.1016168431606011,0.0020970954216305237,0.0005881417155134487,0.0,0.0,0.004846138393608066,0.0,0.003129578398103948,0.0,0.0,0.0005178859660683119
2018-04-20 07:00:00,0.0,0.0,0.0,0.0030438568315984266,0.0,0.0,0.019442788939361633,0.0,0.0,0.0,0.0,5.433881322609236e-07,0.05951934057189792,0.002119708389439832,0.0005655758000390169,0.0,0.0,0.004796026004739818,0.0,0.0053016048808018565,0.0,0.0,0.0003762095564323996
2018-04-20 08:00:00,0.0,0.0,0.0,0.002957804103323835,0.0,0.0,0.01937309528880923,0.0,0.0,0.0,0.0,5.319085771915009e-07,0.04100030531613631,0.002087165184483828,0.00048094651225806935,0.0,0.0,0.004694705711993054,0.0,0.007115218113379885,0.0,0.0,0.0003546224775292709
2018-04-20 09:00:00,0.0,0.0,0.0,0.0028707083649798927,0.0,0.0,0.014421625626205699,0.0,0.0,0.0,0.0,5.162459542984196e-07,0.02781908147535705,0.0020328774676074907,0.00043964823393847016,0.0,0.0,0.004556465028698961,0.0,0.008300092936157456,0.0,0.0,0.0003029704147649673
2018-04-20 10:00:00,0.0,0.0,0.0,0.0029428651471738727,0.0,0.0,0.014537940829077688,0.0,0.0,0.0,0.0,5.292220710427256e-07,0.023197473952547638,0.0021029965428191514,0.0004452322584245318,0.0,0.0,0.004670994201589228,0.0,0.00931098796253772,0.0,0.0,0.00018757014357866398
2018-04-20 11:00:00,0.0,0.0,0.0,0.0029875019396344276,0.0,0.0,0.014785466764359996,0.0,0.0,0.0,0.0,5.372492060180964e-07,0.01361742535140292,0.002148187615467303,0.0004394810031287807,0.0,0.0,0.004741842911378402,0.0,0.009596202179809193,0.0,0.0,0.00016503835896024488
2018-04-20 12:00:00,0.0,0.0,0.0,0.002962806137819417,0.0,0.0,0.014844107734911039,0.0,0.0,0.0,0.0,5.32808104326722e-07,0.013902830773657553,0.0021634113188870774,0.0004296475482079161,0.0,0.0,0.004702645074810087,0.0,0.00903104884712585,0.0,0.0,0.0001427097234168378
2018-04-20 13:00:00,0.0,0.0,0.0,0.0030407725667293945,0.0,0.0,0.015365353632264966,0.0,0.0,0.0,0.0,5.468289829317675e-07,0.01649900633925651,0.0022272254466330545,0.00041228140392740126,0.0,0.0,0.00482639547421485,0.0,0.008134117306700352,0.0,0.0,0.00012884462476775077
2018-04-20 14:00:00,0.0,0.0,0.0,0.0031789911209873373,0.0,0.0,0.01608534932992154,0.0,0.0,0.0,0.0,5.716851370138415e-07,0.01882216591687011,0.0023342215841462015,0.0004783399235344842,0.0,0.0,0.005045779657044601,0.0,0.006724090407218527,0.0,0.0,0.0001371269346951463
2018-04-20 15:00:00,0.0,0.0,0.0,0.0033577723176837788,0.0,0.0,0.017521373543586814,0.0,0.0,0.0,0.0,6.038357624918896e-07,0.028794366153933187,0.0024370807600082164,0.0007072109607653329,0.0,0.0,0.00532954594987804,0.0,0.00481785136599752,0.0,0.0,0.0001660301682758048
2018-04-20 16:00:00,0.0,0.0,0.0,0.0034907554344268,0.0,0.0,0.028341049545838794,0.0,0.0,0.0,0.0,6.277504160478107e-07,0.05247219310832104,0.002533327520255185,0.0007604193660051833,0.0,0.0,0.005540620306381409,0.0,0.0026318276261769963,0.0,0.0,0.00020433735673911944
2018-04-20 17:00:00,0.0,0.0,0.0,0.003190969991105694,0.0,0.0,0.028367256563643705,0.0,0.0,0.0,0.0,5.738393242211204e-07,0.08168582861769513,0.00225289358405995,0.0008900528802002085,0.0,0.0,0.005064792839798887,0.0,0.0006929429870660489,0.0,0.0,0.00020058969662096042
2018-04-20 18:00:00,0.0,0.0,0.0,0.0030635165018001024,0.0,0.0,0.027241138292231497,0.0,0.0,0.0,0.0,5.509190760280618e-07,0.10881995748661127,0.0021774488677360287,0.000745438557451821,0.0,0.0,0.004862495255728325,0.0,7.528473840748276e-05,0.0,0.0,0.0001710884059111588
2018-04-20 19:00:00,0.0,0.0,0.0,0.0032266484819911605,0.0,0.0,0.02894705585561598,0.0,0.0,0.0,0.0,5.802554676370762e-07,0.08354012421648609,0.0023249840949589357,0.0008979561006925768,0.0,0.0,0.005121422693942055,0.0,0.0,0.0,0.0,0.0001375056968535594
2018-04-20 20:00:00,0.0,0.0,0.0,0.0037184720433854224,0.0,0.0,0.024195599425415878,0.0,0.0,0.0,0.0,6.6870120698692e-07,0.04042459763826882,0.0027506628627126067,0.0008519074297829714,0.0,0.0,0.005902058193221978,0.0,0.0,0.0,0.0,8.476253560498345e-05
2018-04-20 21:00:00,0.0,0.0,0.0,0.004018608510666137,0.0,0.0,0.02038823517363228,0.0,0.0,0.0,0.0,7.22675424243285e-07,0.02957480498373799,0.003010578294559645,0.0006115745501946642,0.0,0.0,0.006378442814413341,0.0,0.0,0.0,0.0,0.00010020449861455743
2018-04-20 22:00:00,0.0,0.0,0.0,0.004288575953465973,0.0,0.0,0.02071635316307129,0.0,0.0,0.0,0.0,7.600471143955947e-07,0.016328961808070273,0.0031702233797528965,0.0005174825434455612,0.0,0.0,0.006708291015303919,0.0,0.0,0.0,0.0,0.0001111716062915853
2018-04-20 23:00:00,0.0,0.0,0.0,0.004454544195741242,0.0,0.0,0.021508151816820455,0.0,0.0,0.0,0.0,7.894610002615265e-07,0.0012414194693556614,0.0032936652867490606,0.0005214055576389974,0.0,0.0,0.006967902429573303,0.0,0.0,0.0,0.0,7.55463601010541e-05
2018-04-21 00:00:00,0.0,0.0,0.0,0.0044322266132163805,0.0,0.0,0.02140883388841529,0.0,0.0,0.0,0.0,7.883621291542585e-07,0.0,0.0032902444323842472,0.0005408843674805254,0.0,0.0,0.006958203626648796,0.0,0.0,0.0,0.0,8.913337750054221e-05
2018-04-21 01:00:00,0.0,0.0,0.0,0.004415396637630352,0.0,0.0,0.021220752370352064,0.0,0.0,0.0,0.0,7.825230355616662e-07,0.0,0.003259624512939723,0.0005606167281458345,0.0,0.0,0.006906666901697403,0.0,0.0,0.0,0.0,0.00017458404450768877
2018-04-21 02:00:00,0.0,0.0,0.0,0.004400873560492946,0.0,0.0,0.02112153580937728,0.0,0.0,0.0,0.0,7.799491688538822e-07,0.0,0.0032470068077855912,0.0005426591625886004,0.0,0.0,0.006883949564070053,0.0,0.0,0.0,0.0,0.00021325534318923905
2018-04-21 03:00:00,0.0,0.0,0.0,0.00431908247478043,0.0,0.0,0.020757858735343807,0.0,0.0,0.0,0.0,7.65453662803945e-07,0.0,0.0031846007064311624,0.0005328740531481626,0.0,0.0,0.006756010030907818,0.0,0.0,0.0,0.0,0.0005214861856645737
2018-04-21 04:00:00,0.0,0.0,0.0,0.004165022376337826,0.0,0.0,0.019887510967784534,0.0,0.0,0.0,0.0,7.381502095049149e-07,0.005092719184961503,0.0030538322486057434,0.0006059456219390573,0.0,0.0,0.0065150256143058196,0.0,0.0002557636954201762,0.0,0.0,0.0005901390989033705
2018-04-21 05:00:00,0.0,0.0,0.0,0.003788119618630959,0.0,0.0,0.018357936430499724,0.0,0.0,0.0,0.0,6.713532455450413e-07,0.022836029152572313,0.002826094142733168,0.0005686690993563908,0.0,0.0,0.005925465487447194,0.0,0.0015973610054913177,0.0,0.0,0.0004437712981066347
2018-04-21 06:00:00,0.0,0.0,0.0,0.0037278889435090026,0.0,0.0,0.01809096624910698,0.0,0.0,0.0,0.0,6.606788045834574e-07,0.02439492417190154,0.0027936636855676517,0.0005200612161896599,0.0,0.0,0.005831251253829678,0.0,0.003865448914272598,0.0,0.0,0.00021788947249543996
2018-04-21 07:00:00,0.0,0.0,0.0,0.0037154914971196653,0.0,0.0,0.018974563555893467,0.0,0.0,0.0,0.0,6.584816548870704e-07,0.016722610263493056,0.0027898040644401705,0.0004542720832864124,0.0,0.0,0.005811858877635643,0.0,0.006549761528185273,0.0,0.0,0.00019120108052945664
2018-04-21 08:00:00,0.0,0.0,0.0,0.0036669493226031812,0.0,0.0,0.019658096290357044,0.0,0.0,0.0,0.0,6.498787200042399e-07,0.00681498042051338,0.0027422407247076497,0.00042522348286565313,0.0,0.0,0.005735928070601883,0.0,0.00882734193076097,0.0,0.0,0.00028118240462285003
2018-04-21 09:00:00,0.0,0.0,0.0,0.0033056015830766655,0.0,0.0,0.017647299183864262,0.0,0.0,0.0,0.0,5.858385095239898e-07,0.0,0.002461029564156859,0.00037696311834606067,0.0,0.0,0.005170699467734995,0.0,0.009522033240004215,0.0,0.0,0.00034967888998466753
2018-04-21 10:00:00,0.0,0.0,0.0,0.003132237206362868,0.0,0.0,0.015277113650157216,0.0,0.0,0.0,0.0,5.551138364180323e-07,0.0,0.0023306579739807948,0.0003518217502186822,0.0,0.0,0.004899518846637909,0.0,0.009827189823460042,0.0,0.0,0.00043624792808663593
2018-04-21 11:00:00,0.0,0.0,0.0,0.0030995128429554143,0.0,0.0,0.01488960322724763,0.0,0.0,0.0,0.0,5.493142287514904e-07,0.0,0.0023116496092446554,0.0003346425673780538,0.0,0.0,0.004848330630453852,0.0,0.00984645443830176,0.0,0.0,0.0004863137627587341
2018-04-21 12:00:00,0.0,0.0,0.0,0.003120611137587095,0.0,0.0,0.014956190659799187,0.0,0.0,0.0,0.0,5.530533948820372e-07,0.0,0.002334875099671662,0.00035463787856475446,0.0,0.0,0.004881333077385345,0.0,0.009416244684372204,0.0,0.0,0.0005079898341514258
2018-04-21 13:00:00,0.0,0.0,0.0,0.003193012889354963,0.0,0.0,0.015402793333776608,0.0,0.0,0.0,0.0,5.658848669383686e-07,0.0,0.002394991537476164,0.00035731634396190854,0.0,0.0,0.004994585594338932,0.0,0.008466353509887196,0.0,0.0,0.0004972963820887963
2018-04-21 14:00:00,0.0,0.0,0.0,0.003450496686645978,0.0,0.0,0.016444978697697808,0.0,0.0,0.0,0.0,6.027817205782859e-07,0.0,0.0025534003410762006,0.00037754018902454156,0.0,0.0,0.00532024281621059,0.0,0.007142145096153868,0.0,0.0,0.0005219927937702424
2018-04-21 15:00:00,0.0,0.0,0.0,0.0038090086115222677,0.0,0.0,0.01796122525565126,0.0,0.0,0.0,0.0,6.654116705681306e-07,0.01605498111720754,0.002800505096193271,0.00046088014438446564,0.0,0.0,0.005873024246266955,0.0,0.005351552153330496,0.0,0.0,0.0006992254239884397
2018-04-21 16:00:00,0.0,0.0,0.0,0.003508049735591372,0.0,0.0,0.01641108565075014,0.0,0.0,0.0,0.0,6.128359037925734e-07,0.05509228366778394,0.0025661952102117628,0.000524390855412994,0.0,0.0,0.005408982560951624,0.0,0.0025971933026285366,0.0,0.0,0.0007820917444700736
2018-04-21 17:00:00,0.0,0.0,0.0,0.003325469173379882,0.0,0.0,0.015149288746295798,0.0,0.0,0.0,0.0,5.768199976955659e-07,0.08136748585995619,0.0023784739597187696,0.000533999890355416,0.0,0.0,0.005091100715599558,0.0,0.0007017339729332981,0.0,0.0,0.0009798078661384102
2018-04-21 18:00:00,0.0,0.0,0.0,0.003250323044646002,0.0,0.0,0.014611188609841867,0.0,0.0,0.0,0.0,5.598151886767471e-07,0.07743371944624314,0.002296496808277153,0.0005795260075920221,0.0,0.0,0.004941013694154034,0.0,7.586699614138639e-05,0.0,0.0,0.0014887066487196874
2018-04-21 19:00:00,0.0,0.0,0.0,0.003431583136431978,0.0,0.0,0.015522605142157473,0.0,0.0,0.0,0.0,5.910342863137891e-07,0.06215332143803311,0.0024395486604323973,0.0004931386081227598,0.0,0.0,0.005216558181091536,0.0,0.0,0.0,0.0,0.0016339208396978502
2018-04-21 20:00:00,0.0,0.0,0.0,0.0037741332000035288,0.0,0.0,0.017366320667620422,0.0,0.0,0.0,0.0,6.500329537802176e-07,0.027036404446607116,0.0027310402631445228,0.000507176383335583,0.0,0.0,0.0057372893612824905,0.0,0.0,0.0,0.0,0.001568124452296228
2018-04-21 21:00:00,0.0,0.0,0.0,0.003921362979534415,0.0,0.0,0.01822210028492074,0.0,0.0,0.0,0.0,6.753908845688773e-07,0.013468062337250938,0.0028590983331184565,0.0005370290543579943,0.0,0.0,0.00596110230136784,0.0,0.0,0.0,0.0,0.0014803429549379665
2018-04-21 22:00:00,0.0,0.0,0.0,0.004098120002881069,0.0,0.0,0.020915868674138763,0.0,0.0,0.0,0.0,7.058344020333158e-07,0.0,0.0030296431974134535,0.0005124127064537587,0.0,0.0,0.006229801400164293,0.0,0.0,0.0,0.0,0.000943547751925455
2018-04-21 23:00:00,0.0,0.0,0.0,0.004207713666634786,0.0,0.0,0.002159365515863116,0.0,0.0,0.0,0.0,7.247101250643307e-07,0.0,0.0031613751262503692,0.0005391929399955859,0.0,0.0,0.006396401392214808,0.0,0.0,0.0,0.0,0.0005585896005563248
2018-04-22 00:00:00,0.0,0.0,0.0,0.0042887125181446314,0.0,0.0,0.0,0.0,0.0,0.0,0.0,7.386608575662205e-07,0.0,0.0032126766940984547,0.0005799969360671671,0.0,0.0,0.006519532671482614,0.0,0.0,0.0,0.0,0.0003534935496763505
2018-04-22 01:00:00,0.0,0.0,0.0,0.004272365788968892,0.0,0.0,0.0,0.0,0.0,0.0,0.0,7.358453997941574e-07,0.0,0.003204136538233021,0.000536027807688678,0.0,0.0,0.006494683014509286,0.0,0.0,0.0,0.0,0.00047324870720499677
2018-04-22 02:00:00,0.0,0.0,0.0,0.004161845891308545,0.0,0.0,0.0,0.0,0.0,0.0,0.0,7.168101480633559e-07,0.0,0.003108492602516427,0.0005149444967809934,0.0,0.0,0.006326674997978194,0.0,0.0,0.0,0.0,0.0006932712354758787
2018-04-22 03:00:00,0.0,0.0,0.0,0.004023133605501485,0.0,0.0,0.0,0.0,0.0,0.0,0.0,6.929192167976853e-07,0.0,0.0030002557887975952,0.00048120096431503173,0.0,0.0,0.006115810018003644,0.0,8.196681039662533e-07,0.0,0.0,0.0006021604313075755
2018-04-22 04:00:00,0.0,0.0,0.0,0.003933494269127387,0.0,0.0,0.0,0.0,0.0,0.0,0.0,6.774803015526964e-07,0.0,0.0029212909828101852,0.0004515219751292309,0.0,0.0,0.0059795438123140705,0.0,0.00046725402980624234,0.0,0.0,0.000715118637270853
2018-04-22 05:00:00,0.0,0.0,0.0,0.0037372776879059616,0.0,0.0,0.0,0.0,0.0,0.0,0.0,6.436851922884288e-07,0.0,0.0028226763695077717,0.0004274834717379296,0.0,0.0,0.0056812630563651675,0.0,0.0016230006981841644,0.0,0.0,0.0007852567292919441
2018-04-22 06:00:00,0.0,0.0,0.0,0.0037509013525968745,0.0,0.0,0.0,0.0,0.0,0.0,0.0,6.460316465684043e-07,0.0,0.002836555525266518,0.0004483862629573979,0.0,0.0,0.005701973217440771,0.0,0.0036931313738295243,0.0,0.0,0.000497720118189057
2018-04-22 07:00:00,0.0,0.0,0.0,0.003572847172718448,0.0,0.0,0.0,0.0,0.0,0.0,0.0,6.15364715025241e-07,0.0,0.0027062325317148144,0.00041511243226911366,0.0,0.0,0.005431302232127528,0.0,0.005935835820409152,0.0,0.0,0.00029354877158796515
2018-04-22 08:00:00,0.0,0.0,0.0,0.0034341801414839723,0.0,0.0,0.0,0.0,0.0,0.0,0.0,5.914815781223898e-07,0.0,0.0026106999769202185,0.0003383661282476232,0.0,0.0,0.005220506046380443,0.0,0.007163429627769859,0.0,0.0,0.0002588664102482424
2018-04-22 09:00:00,0.0,0.0,0.0,0.003375141973676887,0.0,0.0,0.0,0.0,0.0,0.0,0.0,5.813132155947038e-07,0.0,0.0025619323657835396,0.00032570814887396276,0.0,0.0,0.005130758537715703,0.0,0.007961219599690806,0.0,0.0,0.0002189163431825124
2018-04-22 10:00:00,0.0,0.0,0.0,0.0032212514190722726,0.0,0.0,0.0,0.0,0.0,0.0,0.0,5.627339044603029e-07,0.0,0.002473992592366023,0.00031360583995366126,0.0,0.0,0.004966774721985345,0.0,0.008569044649848458,0.0,0.0,0.00015491011782077353
2018-04-22 11:00:00,0.0,0.0,0.0,0.0032710062207656344,0.0,0.0,0.0,0.0,0.0,0.0,0.0,5.714257791946931e-07,0.0,0.002514090713306211,0.00023782858546994424,0.0,0.0,0.005043490525627629,0.0,0.008706572914195642,0.0,0.0,0.00012473674134504679
2018-04-22 12:00:00,0.0,0.0,0.0,0.0032854874822194034,0.0,0.0,0.0,0.0,0.0,0.0,0.0,5.739555714211369e-07,0.0,0.0025255197738867762,0.00025884457327133263,0.0,0.0,0.005065818855203268,0.0,0.008243408603758148,0.0,0.0,9.814135424749365e-05
2018-04-22 13:00:00,0.0,0.0,0.0,0.003327668473734199,0.0,0.0,0.0,0.0,0.0,0.0,0.0,5.813243455281777e-07,0.0,0.002562385074185137,0.00032487826389067116,0.0,0.0,0.005130856772195263,0.0,0.007282322109237501,0.0,0.0,8.456979874411737e-05
2018-04-22 14:00:00,0.0,0.0,0.0,0.003428719140159252,0.0,0.0,0.0,0.0,0.0,0.0,0.0,5.989773097547522e-07,0.0,0.0026443048933817103,0.0003529142265864542,0.0,0.0,0.005286664509731091,0.0,0.005561287028496065,0.0,0.0,0.00010714997585327196
2018-04-22 15:00:00,0.0,0.0,0.0,0.00362378429983157,0.0,0.0,0.0,0.0,0.0,0.0,0.0,6.330540596404193e-07,0.0,0.002788972650875469,0.0004430212055227606,0.0,0.0,0.005587431068486549,0.0,0.0037634065384807127,0.0,0.0,0.00011854228672496092
2018-04-22 16:00:00,0.0,0.0,0.0,0.003934105718041327,0.0,0.0,0.0,0.0,0.0,0.0,0.0,6.872654081470592e-07,0.0,0.003025179991944016,0.0005348783486431458,0.0,0.0,0.0060659086460296135,0.0,0.0023777546756118205,0.0,0.0,6.796186835685271e-05
2018-04-22 17:00:00,0.0,0.0,0.0,0.00393349042361606,0.0,0.0,0.0,0.0,0.0,0.0,0.0,6.87157919786395e-07,0.0004727401463653066,0.0029702391672208677,0.0005310209298606474,0.0,0.0,0.0060649599374687415,0.0,0.0011525901375058396,0.0,0.0,4.546737181257548e-05
2018-04-22 18:00:00,0.0,0.0,0.0,0.0038193341613310876,0.0,0.0,0.0,0.0,0.0,0.0,0.0,6.67215484118732e-07,0.0,0.002888440477077511,0.0005777273164094908,0.0,0.0,0.005888944978028966,0.0,0.0003037631523179898,0.0,0.0,3.0428783023811315e-05
2018-04-22 19:00:00,0.0,0.0,0.0,0.003860943162921528,0.0,0.0,0.0,0.0,0.0,0.0,0.0,6.744843349097786e-07,0.0,0.0029340790508200817,0.0005743199059839665,0.0,0.0,0.005953100956690814,0.0,0.0,0.0,0.0,4.376589351385432e-05
2018-04-22 20:00:00,0.0,0.0,0.0,0.003972315188821116,0.0,0.0,0.0,0.0,0.0,0.0,0.0,6.939403806599049e-07,0.0,0.003017510000831699,0.0006021381210869162,0.0,0.0,0.006124822965006973,0.0,0.0,0.0,0.0,7.050610213549363e-05
2018-04-22 21:00:00,0.0,0.0,0.0,0.004141881093260628,0.0,0.0,0.0,0.0,0.0,0.0,0.0,7.235625588306702e-07,0.0,0.0031490192765669255,0.0005266072944825537,0.0,0.0,0.006386272798725109,0.0,0.0,0.0,0.0,0.0001693413826709077
2018-04-22 22:00:00,0.0,0.0,0.0,0.00418054285806198,0.0,0.0,0.0,0.0,0.0,0.0,0.0,7.30316544480836e-07,0.0,0.0031870364212728897,0.0005439371268150882,0.0,0.0,0.006445884499626741,0.0,0.0,0.0,0.0,0.0002020776477637208
2018-04-22 23:00:00,0.0,0.0,0.0,0.004174323806793033,0.0,0.0,0.0,0.0,0.0,0.0,0.0,7.292301123625937e-07,0.0,0.0031724191590617934,0.0006298987533605406,0.0,0.0,0.006436295485104481,0.0,0.0,0.0,0.0,0.0001789837247553155
2018-04-23 00:00:00,0.0,0.0,0.0,0.00422198297131082,0.0,0.0,0.0,0.0,0.0,0.0,0.0,7.375558914600025e-07,0.0,0.003211584636497154,0.0005904129464560431,0.0,0.0,0.006509780073173691,0.0,0.0,0.0,0.0,0.00019263547198676285
2018-04-23 01:00:00,0.0,0.0,0.0,0.004236578416585706,0.0,0.0,0.0,0.0,0.0,0.0,0.0,7.40105630936482e-07,0.0,0.0032356023506982003,0.0005492925114142859,0.0,0.0,0.00653228446020111,0.0,0.0,0.0,0.0,0.00019410521479236992
2018-04-23 02:00:00,0.0,0.0,0.0,0.00426676795973726,0.0,0.0,0.0,0.0,0.0,0.0,0.0,7.453795686958757e-07,0.0,0.00322254928916328,0.0005017456476644786,0.0,0.0,0.006578833034120436,0.0,0.0,0.0,0.0,0.00020197150228217932
2018-04-23 03:00:00,0.0,0.0,0.0,0.00398704189860547,0.0,0.0,0.0,0.0,0.0,0.0,0.0,6.965130512834198e-07,0.0,0.003011886108886349,0.0005376128424961187,0.0,0.0,0.006147529745813299,0.0,3.940483733556685e-06,0.0,0.0,0.00021654635254500038
2018-04-23 04:00:00,0.0,0.0,0.0,0.0037135772636808398,0.0,0.0,0.0002773086139071589,0.0,0.0,0.0,0.0,6.487403686446743e-07,0.05415018318345001,0.0027498282426316493,0.0007252782263992087,0.0,0.0,0.005725880808987445,0.0,0.00041236502998761297,0.0,0.0,0.00026415026693016037
2018-04-23 05:00:00,0.0,0.0,0.0,0.003171092898768199,0.0,0.0,0.0011700655529412315,0.0,0.0,0.0,0.0,5.539715024305997e-07,0.0919679219222233,0.002385980289957004,0.0007774566362999648,0.0,0.0,0.004889436433746355,0.0,0.0012525994702495874,0.0,0.0,0.00032523285595388064
2018-04-23 06:00:00,0.0,0.0,0.0,0.003030463468662947,0.0,0.0,0.0016173621661530599,0.0,0.0,0.0,0.0,5.294043581783365e-07,0.06546958901820217,0.0022702406803715384,0.001017450691676349,0.0,0.0,0.00467260309547339,0.0,0.002562641084548524,0.0,0.0,0.00031557996630144914
2018-04-23 07:00:00,0.0,0.0,0.0,0.0030628283608521213,0.0,0.0,0.0015808202439182761,0.0,0.0,0.0,0.0,5.350583167738119e-07,0.057392212475347974,0.0023068894798315043,0.0008195471595547555,0.0,0.0,0.004722505790883382,0.0,0.00427655149790083,0.0,0.0,0.0003615978250102832
2018-04-23 08:00:00,0.0,0.0,0.0,0.003005946985084168,0.0,0.0,0.005598467370835051,0.0,0.0,0.0,0.0,5.251214709605806e-07,0.03638453106105711,0.0023082237420823724,0.00059771775014039,0.0,0.0,0.004634801683826323,0.0,0.00513769910829344,0.0,0.0,0.00027241838144375383
2018-04-23 09:00:00,0.0,0.0,0.0,0.00290886235558519,0.0,0.0,0.010688360341258479,0.0,0.0,0.0,0.0,5.081613503386467e-07,0.02774800329945802,0.0022406884967407998,0.000527249483840395,0.0,0.0,0.004485109088944142,0.0,0.005458091974491625,0.0,0.0,0.00047801811524934254
2018-04-23 10:00:00,0.0,0.0,0.0,0.002791278843329795,0.0,0.0,0.010611878617193211,0.0,0.0,0.0,0.0,4.876201940166446e-07,0.014679002736986264,0.002125052494994293,0.00039690689220017223,0.0,0.0,0.004303809730274228,0.0,0.005684694622975706,0.0,0.0,0.0007564273646025673
2018-04-23 11:00:00,0.0,0.0,0.0,0.0028291238591455167,0.0,0.0,0.010699834675858165,0.0,0.0,0.0,0.0,4.942314983650883e-07,0.010671571052769328,0.0021298359994047274,0.000394145591030955,0.0,0.0,0.004362162104383791,0.0,0.005550766535742726,0.0,0.0,0.0008882568217998178
2018-04-23 12:00:00,0.0,0.0,0.0,0.002859426028350684,0.0,0.0,0.0136342316472959,0.0,0.0,0.0,0.0,4.99525111241587e-07,0.012793802311609466,0.0021214666115823423,0.00042194655448037316,0.0,0.0,0.0044088843338684095,0.0,0.0049689408902344415,0.0,0.0,0.0008245583644526859
2018-04-23 13:00:00,0.0,0.0,0.0,0.0029223057141864687,0.0,0.0,0.01385703277013231,0.0,0.0,0.0,0.0,5.105098269679364e-07,0.018980529451984682,0.002175520110268516,0.00046520265836754685,0.0,0.0,0.004505837099581276,0.0,0.004257966064543332,0.0,0.0,0.0006022528387096151
2018-04-23 14:00:00,0.0,0.0,0.0,0.0029794906923166446,0.0,0.0,0.014566632770478777,0.0,0.0,0.0,0.0,5.204997103496372e-07,0.014026711061460088,0.0022671667233331847,0.0004548409385932843,0.0,0.0,0.004594009324255388,0.0,0.003183620100782707,0.0,0.0,0.0004302683022095385
2018-04-23 15:00:00,0.0,0.0,0.0,0.003114759996402426,0.0,0.0,0.015419505810297144,0.0,0.0,0.0,0.0,5.441304717335914e-07,0.011652742631902547,0.0023868194604329553,0.00048787073497957644,0.0,0.0,0.004802578005425673,0.0,0.0021008597287333077,0.0,0.0,0.0004619623320059269
2018-04-23 16:00:00,0.0,0.0,0.0,0.0031874695877999043,0.0,0.0,0.0159194648792856,0.0,0.0,0.0,0.0,5.568324148407207e-07,0.030088263498689535,0.002465305985686294,0.0005813165027624657,0.0,0.0,0.004914687280243745,0.0,0.0012688054677099905,0.0,0.0,0.0007368304782573509
2018-04-23 17:00:00,0.0,0.0,0.0,0.003068183642968897,0.0,0.0,0.015114806666394627,0.0,0.0,0.0,0.0,5.359938534404679e-07,0.05484286505063192,0.0022910063497935318,0.0005541650810305511,0.0,0.0,0.004730762979282033,0.0,0.000586760759711214,0.0,0.0,0.0021264305571062833
2018-04-23 18:00:00,0.0,0.0,0.0,0.003177880091099714,0.0,0.0,0.01578083747061915,0.0,0.0,0.0,0.0,5.55157185491047e-07,0.05069826080449402,0.0023640481329341542,0.0006740812310829056,0.0,0.0,0.0048999014521258055,0.0,0.00017211423307295006,0.0,0.0,0.0015006926877083428
2018-04-23 19:00:00,0.0,0.0,0.0,0.0032867348484409056,0.0,0.0,0.016126487829404106,0.0,0.0,0.0,0.0,5.741734790516815e-07,0.06123232801958254,0.002440489704243827,0.000763915194306541,0.0,0.0,0.005067742140973928,0.0,0.0,0.0,0.0,0.0008226488815150314
2018-04-23 20:00:00,0.0,0.0,0.0,0.0034933635084349194,0.0,0.0,0.019219561558158547,0.0,0.0,0.0,0.0,6.102703052489112e-07,0.0539919660348088,0.00262613059911488,0.000696313854864378,0.0,0.0,0.0053863381993938374,0.0,0.0,0.0,0.0,0.0005962006965926612
2018-04-23 21:00:00,0.0,0.0,0.0,0.0037899739539128015,0.0,0.0,0.01981926746407566,0.0,0.0,0.0,0.0,6.62086426492732e-07,0.02930764682823985,0.002873019224965192,0.0005972668989889454,0.0,0.0,0.005843675138123273,0.0,0.0,0.0,0.0,0.0008085643634528056
2018-04-23 22:00:00,0.0,0.0,0.0,0.003722190979219293,0.0,0.0,0.019734579352765673,0.0,0.0,0.0,0.0,6.50245134695584e-07,0.0,0.0028184178805692583,0.0004668701821231351,0.0,0.0,0.0057391621021971135,0.0,0.0,0.0,0.0,0.0023369330633732886
2018-04-23 23:00:00,0.0,0.0,0.0,0.003660260378745209,0.0,0.0,0.01908466982841462,0.0,0.0,0.0,0.0,6.394262186668593e-07,0.0,0.0027413805849531045,0.00041813343999786513,0.0,0.0,0.005643672709742102,0.0,0.0,0.0,0.0,0.002881591342571376
2018-04-24 00:00:00,0.0,0.0,0.0,0.0037537613070716866,0.0,0.0,0.019695851389661134,0.0,0.0,0.0,0.0,6.557602875185777e-07,0.0,0.002832985951525861,0.0004362744768481055,0.0,0.0,0.005787839676823443,0.0,0.0,0.0,0.0,0.0024375525192797346
2018-04-24 01:00:00,0.0,0.0,0.0,0.003859393322105106,0.0,0.0,0.02021619374775787,0.0,0.0,0.0,0.0,6.742135867251591e-07,0.0,0.002938344808613809,0.0004740292582149746,0.0,0.0,0.005950711292182005,0.0,0.0,0.0,0.0,0.0017457878200018257
2018-04-24 02:00:00,0.0,0.0,0.0,0.0037482478175603117,0.0,0.0,0.01958459948263621,0.0,0.0,0.0,0.0,6.547971129394166e-07,0.0,0.0028631042606295214,0.0004540419442728714,0.0,0.0,0.005779338552020549,0.0,0.0,0.0,0.0,0.0019985232367481214
2018-04-24 03:00:00,0.0,0.0,0.0,0.0036376986759852287,0.0,0.0,0.021291972768347007,0.0,0.0,0.0,0.0,6.35484820299062e-07,0.0,0.0027544961044301207,0.0004782094023414393,0.0,0.0,0.005608885330436736,0.0,5.556248907054839e-07,0.0,0.0,0.0023426912306530063
2018-04-24 04:00:00,0.0,0.0,0.0,0.003480870776574818,0.0,0.0,0.025756145551889292,0.0,0.0,0.0,0.0,6.080878975872841e-07,0.00043029543030426246,0.0026497876935142987,0.0005316983257978977,0.0,0.0,0.005367075938632721,0.0,0.0003533734980264021,0.0,0.0,0.0023278676791873417
2018-04-24 05:00:00,0.0,0.0,0.0,0.003201793929667007,0.0,0.0,0.02045639286507145,0.0,0.0,0.0,0.0,5.59334794127222e-07,0.02596316655541439,0.002468955077786575,0.0006059432479237864,0.0,0.0,0.004936773659057073,0.0,0.001160042225711168,0.0,0.0,0.0018963990062075351
2018-04-24 06:00:00,0.0,0.0,0.0,0.003099275892042354,0.0,0.0,0.019726524109722074,0.0,0.0,0.0,0.0,5.414254886788617e-07,0.02660581644583623,0.0023744369896105534,0.000613231541150911,0.0,0.0,0.004778703415049756,0.0,0.0025445042929548695,0.0,0.0,0.0016689783163408077
2018-04-24 07:00:00,0.0,0.0,0.0,0.0029665277376884273,0.0,0.0,0.01847112908429285,0.0,0.0,0.0,0.0,5.182351575028498e-07,0.020704050176109535,0.0022634218777252265,0.0004845075132593238,0.0,0.0,0.004574022037641102,0.0,0.004151950988917204,0.0,0.0,0.0016430301958619148
2018-04-24 08:00:00,0.0,0.0,0.0,0.0029642924319686318,0.0,0.0,0.014485818094163824,0.0,0.0,0.0,0.0,5.178446625827962e-07,0.0019746908345600004,0.0022816778018869242,0.0004205606748394647,0.0,0.0,0.004570575470297971,0.0,0.0051855820120277505,0.0,0.0,0.0014975423616212433
2018-04-24 09:00:00,0.0,0.0,0.0,0.002854466468736405,0.0,0.0,0.010475542373193432,0.0,0.0,0.0,0.0,5.022461776944206e-07,0.009521749311583656,0.0022132543449130742,0.0004403348149122968,0.0,0.0,0.004432900878753399,0.0,0.0056922357583405435,0.0,0.0,0.0011683944870639934
2018-04-24 10:00:00,0.0,0.0,0.0,0.0028230079765541954,0.0,0.0,0.01043516670112675,0.0,0.0,0.0,0.0,5.0031038036337e-07,0.006751152986584914,0.0022075471825335324,0.00043373117998828174,0.0,0.0,0.004415815238143261,0.0,0.006451353929226226,0.0,0.0,0.0009452672789191383
2018-04-24 11:00:00,0.0,0.0,0.0,0.002871801223187379,0.0,0.0,0.014038861943979696,0.0,0.0,0.0,0.0,5.089578117503721e-07,0.00041016964405063064,0.0022563517707311375,0.00042785127298322216,0.0,0.0,0.0044921387780661945,0.0,0.006876400591735137,0.0,0.0,0.0009231368815161337
2018-04-24 12:00:00,0.0,0.0,0.0,0.0028805209475997865,0.0,0.0,0.01417134362421232,0.0,0.0,0.0,0.0,5.105031735324383e-07,0.0005769845386347768,0.0022529204692839947,0.0004279487954031757,0.0,0.0,0.004505778375351256,0.0,0.006724463420827368,0.0,0.0,0.0011462784326701052
2018-04-24 13:00:00,0.0,0.0,0.0,0.0029028647038911986,0.0,0.0,0.014087229576744707,0.0,0.0,0.0,0.0,5.144630678372883e-07,0.0,0.0022432397582027763,0.0004035530969171973,0.0,0.0,0.0045407290026000715,0.0,0.0060867982767399895,0.0,0.0,0.0018708279394102348
2018-04-24 14:00:00,0.0,0.0,0.0,0.0030027913758625146,0.0,0.0,0.014083745742024046,0.0,0.0,0.0,0.0,5.321726710965177e-07,0.0,0.002315377608248759,0.00039114135542824593,0.0,0.0,0.004697036644821645,0.0,0.004765887429939061,0.0,0.0,0.0021024689221283274
2018-04-24 15:00:00,0.0,0.0,0.0,0.0031420457329925534,0.0,0.0,0.014834891084680267,0.0,0.0,0.0,0.0,5.568521622497898e-07,0.010327131152843994,0.0024736120373641617,0.0005027721292955035,0.0,0.0,0.00491486157386887,0.0,0.003359486655464054,0.0,0.0,0.001808453352570149
2018-04-24 16:00:00,0.0,0.0,0.0,0.003072658031447067,0.0,0.0,0.01523983680569552,0.0,0.0,0.0,0.0,5.445548582247632e-07,0.04999762727111576,0.0024161491299308706,0.0006780120638719782,0.0,0.0,0.004806323704911695,0.0,0.0020875703938091493,0.0,0.0,0.0012147033753546084
2018-04-24 17:00:00,0.0,0.0,0.0,0.002954090277084674,0.0,0.0,0.024064169254085756,0.0,0.0,0.0,0.0,5.235415707043054e-07,0.07202529818913207,0.002268871320992848,0.0006614329286470975,0.0,0.0,0.004620857244733656,0.0,0.0010443953803557832,0.0,0.0,0.0009673790958230354
2018-04-24 18:00:00,0.0,0.0,0.0,0.0028523443136040244,0.0,0.0,0.026679966915665806,0.0,0.0,0.0,0.0,5.055095417082073e-07,0.08874161327195364,0.0021879169808064454,0.0007572998203136076,0.0,0.0,0.0044617038240954915,0.0,0.00027764351473165633,0.0,0.0,0.0007197572625628797
2018-04-24 19:00:00,0.0,0.0,0.0,0.0029540362621858648,0.0,0.0,0.028012918881250348,0.0,0.0,0.0,0.0,5.235319978604476e-07,0.09150410451206897,0.0022777382585100602,0.0006299995634614808,0.0,0.0,0.004620772753363021,0.0,0.0,0.0,0.0,0.0008165064476973905
2018-04-24 20:00:00,0.0,0.0,0.0,0.0032022214850967686,0.0,0.0,0.0302451465617296,0.0,0.0,0.0,0.0,5.675168694252406e-07,0.06955813597032766,0.0024843778029253975,0.0005949195864268261,0.0,0.0,0.005008989895614838,0.0,0.0,0.0,0.0,0.0007517626884410542
2018-04-24 21:00:00,0.0,0.0,0.0,0.003635307767449403,0.0,0.0,0.02303624469855062,0.0,0.0,0.0,0.0,6.442710141012623e-07,0.020224201577756236,0.002859756923363972,0.0006666184869051186,0.0,0.0,0.005686433608465381,0.0,0.0,0.0,0.0,0.0008388834720167352
2018-04-24 22:00:00,0.0,0.0,0.0,0.003894656816168719,0.0,0.0,0.02041888597550403,0.0,0.0,0.0,0.0,6.902344057350401e-07,0.0,0.003086128697957532,0.0005337594085022649,0.0,0.0,0.006092113468686891,0.0,0.0,0.0,0.0,0.0006831835772095241
2018-04-24 23:00:00,0.0,0.0,0.0,0.003957332948206438,0.0,0.0,0.020897380620062602,0.0,0.0,0.0,0.0,7.013422452168725e-07,0.0,0.0031147255880655442,0.00047265258322091823,0.0,0.0,0.006190152943324815,0.0,0.0,0.0,0.0,0.0005038872246084817
2018-04-25 00:00:00,0.0,0.0,0.0,0.003910806135776337,0.0,0.0,0.020710740399623954,0.0,0.0,0.0,0.0,6.881101792262584e-07,0.0,0.003080991935285764,0.0004675140920267631,0.0,0.0,0.006073364723598026,0.0,0.0,0.0,0.0,0.00035724470898108087
2018-04-25 01:00:00,0.0,0.0,0.0,0.0039062125680432345,0.0,0.0,0.020487179270948855,0.0,0.0,0.0,0.0,6.823926369274057e-07,0.0,0.003051363339624306,0.0004825459288967711,0.0,0.0,0.006022900828786038,0.0,0.0,0.0,0.0,0.0002381144969548001
2018-04-25 02:00:00,0.0,0.0,0.0,0.0037482658988771626,0.0,0.0,0.019518836385042173,0.0,0.0,0.0,0.0,6.548002716404013e-07,0.0,0.0029033669804626274,0.00043460835521536744,0.0,0.0,0.005779366431194135,0.0,0.0,0.0,0.0,0.0002502068370398975
2018-04-25 03:00:00,0.0,0.0,0.0,0.0036295443587431586,0.0,0.0,0.018581739190566333,0.0,0.0,0.0,0.0,6.340603084610015e-07,0.0,0.002829517241460927,0.0004490314970843932,0.0,0.0,0.005596312373072041,0.0,1.9566330910665768e-07,0.0,0.0,0.00030698412660880775
2018-04-25 04:00:00,0.0,0.0,0.0,0.0034711570986841202,0.0,0.0,0.017404924893344113,0.0,0.0,0.0,0.0,6.063909745052365e-07,0.0,0.00269709206047971,0.0005149908178553783,0.0,0.0,0.005352098638345206,0.0,0.00027784926710748125,0.0,0.0,0.00026002250979039815
2018-04-25 05:00:00,0.0,0.0,0.0,0.003273672807473517,0.0,0.0,0.015902771578382227,0.0,0.0,0.0,0.0,5.760059445727436e-07,0.02914294136204008,0.002562646271047855,0.0007150621753287426,0.0,0.0,0.005083915759369375,0.0,0.001499545080986798,0.0,0.0,0.00019047361349988783
2018-04-25 06:00:00,0.0,0.0,0.0,0.0031686223688842576,0.0,0.0,0.011824240227069903,0.0,0.0,0.0,0.0,5.55523929248972e-07,0.022521360005362544,0.002475235700888366,0.0006438002129147001,0.0,0.0,0.004903138388112546,0.0,0.0033440735564876805,0.0,0.0,0.0001515601630074423
2018-04-25 07:00:00,0.0,0.0,0.0,0.0031476108707114117,0.0,0.0,0.015236477735340303,0.0,0.0,0.0,0.0,5.498693285813917e-07,0.005604103251853906,0.0024556736833837535,0.0005433460654939183,0.0,0.0,0.0048532300256768504,0.0,0.005444816469196857,0.0,0.0,0.00011963642035400981
2018-04-25 08:00:00,0.0,0.0,0.0,0.0029525680291323133,0.0,0.0,0.01616643138557109,0.0,0.0,0.0,0.0,5.157964775369214e-07,0.0,0.0023083431813612325,0.0004288115641715253,0.0,0.0,0.004552497878684657,0.0,0.006969565498070943,0.0,0.0,0.0001797686954494295
2018-04-25 09:00:00,0.0,0.0,0.0,0.002895247413208789,0.0,0.0,0.02027196954289833,0.0,0.0,0.0,0.0,5.057828990209035e-07,0.0,0.002250180710968167,0.0004205528541388751,0.0,0.0,0.0044641165171641125,0.0,0.008221979172491095,0.0,0.0,0.0003670630372763672
2018-04-25 10:00:00,0.0,0.0,0.0,0.0027043939697084314,0.0,0.0,0.023361820865871238,0.0,0.0,0.0,0.0,4.792888957008069e-07,0.0,0.002119578180808866,0.0003460679504146479,0.0,0.0,0.004230276428746738,0.0,0.008520159210877395,0.0,0.0,0.0009238748837979714
2018-04-25 11:00:00,0.0,0.0,0.0,0.0026471270294684255,0.0,0.0,0.02079687176960372,0.0,0.0,0.0,0.0,4.6913970558456223e-07,0.0,0.0020598694058819515,0.0003323600254670941,0.0,0.0,0.004140698138690921,0.0,0.008392846631509597,0.0,0.0,0.0014303016620021162
2018-04-25 12:00:00,0.0,0.0,0.0,0.0026765908632272145,0.0,0.0,0.018279040115182003,0.0,0.0,0.0,0.0,4.743614626597285e-07,0.0,0.0020965108825020313,0.00030231696613076676,0.0,0.0,0.004186786157983373,0.0,0.008024622610806907,0.0,0.0,0.0014777703826284216
2018-04-25 13:00:00,0.0,0.0,0.0,0.002681303501111707,0.0,0.0,0.017928869061791797,0.0,0.0,0.0,0.0,4.7519666456921195e-07,0.0,0.0020957877446365326,0.0003193152230879768,0.0,0.0,0.004194157776609686,0.0,0.007052329478253031,0.0,0.0,0.0014120508472682694
2018-04-25 14:00:00,0.0,0.0,0.0,0.0028430601582784413,0.0,0.0,0.01733811112212811,0.0,0.0,0.0,0.0,5.038641480993784e-07,0.0,0.002231582914701811,0.00034773662542837637,0.0,0.0,0.004447181330747797,0.0,0.005893373349040242,0.0,0.0,0.0012098987321438107
2018-04-25 15:00:00,0.0,0.0,0.0,0.003117899661869969,0.0,0.0,0.021897234863377534,0.0,0.0,0.0,0.0,5.525728509166471e-07,0.0,0.0024802684864762533,0.00041321612438210915,0.0,0.0,0.004877091723521318,0.0,0.004373739614583658,0.0,0.0,0.0007853685804074755
2018-04-25 16:00:00,0.0,0.0,0.0,0.0031636384986019907,0.0,0.0,0.023649409009532083,0.0,0.0,0.0,0.0,5.606789614883599e-07,0.027419689105065356,0.0025123212155022637,0.0005233825740372033,0.0,0.0,0.004948637483892403,0.0,0.002383823047783472,0.0,0.0,0.0004383817422186145
2018-04-25 17:00:00,0.0,0.0,0.0,0.0029253941593738023,0.0,0.0,0.02034970986397683,0.0,0.0,0.0,0.0,5.184558728649381e-07,0.054128611755737646,0.002282840516580699,0.0006573126584340163,0.0,0.0,0.004575970104875874,0.0,0.0006851003489197402,0.0,0.0,0.00036284179039180233
2018-04-25 18:00:00,0.0,0.0,0.0,0.002722524706077918,0.0,0.0,0.01576590897441187,0.0,0.0,0.0,0.0,4.825021333836694e-07,0.06719974382943765,0.002112466284676093,0.0007442204413134436,0.0,0.0,0.004258636951495547,0.0,8.59368298249788e-05,0.0,0.0,0.0004857668118477255
2018-04-25 19:00:00,0.0,0.0,0.0,0.002880126264669834,0.0,0.0,0.0026054243089898292,0.0,0.0,0.0,0.0,5.104332254598692e-07,0.06224559561057397,0.0022597462941822085,0.0006691665560152979,0.0,0.0,0.004505161003062268,0.0,0.0,0.0,0.0,0.0007780746548218403
2018-04-25 20:00:00,0.0,0.0,0.0,0.0030597918364158186,0.0,0.0,0.0006544915560477194,0.0,0.0,0.0,0.0,5.422746340867605e-07,0.049271308328215906,0.002413941167398198,0.0005778181639606547,0.0,0.0,0.0047861981011061904,0.0,0.0,0.0,0.0,0.001221036547884192
2018-04-25 21:00:00,0.0,0.0,0.0,0.003472396464822655,0.0,0.0,0.000773695768056236,0.0,0.0,0.0,0.0,6.153988973875973e-07,0.011576213354062507,0.00275970365161271,0.0005230433347049421,0.0,0.0,0.0054316039308379555,0.0,0.0,0.0,0.0,0.0011960953365621498
2018-04-25 22:00:00,0.0,0.0,0.0,0.004051840272803592,0.0,0.0,0.0008899063043264105,0.0,0.0,0.0,0.0,7.078329507173146e-07,0.0,0.003161495718492055,0.0005541248727154022,0.0,0.0,0.0062474408937253974,0.0,0.0,0.0,0.0,0.0011389421555909546
2018-04-25 23:00:00,0.0,0.0,0.0,0.004016368577183673,0.0,0.0,0.0008556522481337859,0.0,0.0,0.0,0.0,7.016362516158909e-07,0.0,0.003114995925894001,0.0005842284602288445,0.0,0.0,0.006192747888358645,0.0,0.0,0.0,0.0,0.0013022479548882074
2018-04-26 00:00:00,0.0,0.0,0.0,0.004018803162847123,0.0,0.0,0.0008208648504903438,0.0,0.0,0.0,0.0,7.020615595841003e-07,0.0,0.003110788966202167,0.0005621833712552992,0.0,0.0,0.006196501720940649,0.0,0.0,0.0,0.0,0.0013137186213729667
2018-04-26 01:00:00,0.0,0.0,0.0,0.003883466856085058,0.0,0.0,0.0007932215913620577,0.0,0.0,0.0,0.0,6.784190932219471e-07,0.0,0.0030007298260816386,0.0005274612392613055,0.0,0.0,0.005987829729858911,0.0,0.0,0.0,0.0,0.0015997870722460556
2018-04-26 02:00:00,0.0,0.0,0.0,0.0039157600401055976,0.0,0.0,0.0008170180327303113,0.0,0.0,0.0,0.0,6.840605248170527e-07,0.0,0.0030350658796604994,0.000535425222394363,0.0,0.0,0.0060376218600652,0.0,0.0,0.0,0.0,0.0011528035738296624
2018-04-26 03:00:00,0.0,0.0,0.0,0.0038930790463082344,0.0,0.0,0.0012398044498981887,0.0,0.0,0.0,0.0,6.80098286998216e-07,0.0,0.003012112934226566,0.0005837244319342736,0.0,0.0,0.0060026505486067815,0.0,1.119306998562545e-05,0.0,0.0,0.0010249967654341332
2018-04-26 04:00:00,0.0,0.0,0.0,0.0034208185391237157,0.0,0.0,0.0025920364173849437,0.0,0.0,0.0,0.0,5.975971206636471e-07,0.05929604356537606,0.00259172523774447,0.0007703870527678531,0.0,0.0,0.005274482751648049,0.0,0.00015379895729273883,0.0,0.0,0.0008251656697468739
2018-04-26 05:00:00,0.0,0.0,0.0,0.002973249908675697,0.0,0.0,0.0056289919989614065,0.0,0.0,0.0,0.0,5.194094817122919e-07,0.08899688582025973,0.002252767858570373,0.0008065124823232572,0.0,0.0,0.004584386801080167,0.0,0.0005506004014856431,0.0,0.0,0.0006406372616526193
2018-04-26 06:00:00,0.0,0.0,0.0,0.002729709152614243,0.0,0.0,0.012979747477756615,0.0,0.0,0.0,0.0,4.768643268255161e-07,0.09319407870922558,0.002017278245679843,0.0007908947240685499,0.0,0.0,0.004208876816414767,0.0,0.0010639764078540339,0.0,0.0,0.0007101380668799504
2018-04-26 07:00:00,0.0,0.0,0.0,0.002699124852152236,0.0,0.0,0.015424896309582409,0.0,0.0,0.0,0.0,4.715214272578912e-07,0.080101141654957,0.0020144075030021844,0.0006738902869067252,0.0,0.0,0.004161719575124966,0.0,0.0016666960962277932,0.0,0.0,0.0006056281994914549
2018-04-26 08:00:00,0.0,0.0,0.0,0.0026373425027863577,0.0,0.0,0.01795064541298216,0.0,0.0,0.0,0.0,4.6072840983629413e-07,0.07976190711700565,0.0019681384129965414,0.0006665980100901773,0.0,0.0,0.004066458767701345,0.0,0.001955809370226283,0.0,0.0,0.000585697290149263
2018-04-26 09:00:00,0.0,0.0,0.0,0.0026351545961312145,0.0,0.0,0.021095780514919265,0.0,0.0,0.0,0.0,4.603461952574029e-07,0.06982821651988476,0.0019824920245972745,0.0006577984798608565,0.0,0.0,0.0040630852839041815,0.0,0.0020945867386551967,0.0,0.0,0.000671926040899068
2018-04-26 10:00:00,0.0,0.0,0.0,0.002747943079744583,0.0,0.0,0.021980605679345108,0.0,0.0,0.0,0.0,4.800496879391966e-07,0.043306138663287586,0.0021114814888450744,0.0005215579445798875,0.0,0.0,0.004236991296339336,0.0,0.0023363260543555254,0.0,0.0,0.0006935542234501942
2018-04-26 11:00:00,0.0,0.0,0.0,0.0027879055441451003,0.0,0.0,0.019459151460044958,0.0,0.0,0.0,0.0,4.870308982510683e-07,0.019203718943519153,0.0021752535530334687,0.0005570996487450307,0.0,0.0,0.0042986085165406356,0.0,0.002611771119775701,0.0,0.0,0.0009740854524449551
2018-04-26 12:00:00,0.0,0.0,0.0,0.0027318011573610793,0.0,0.0,0.019619539247711752,0.0,0.0,0.0,0.0,4.772297878983048e-07,0.009455531393193703,0.002170963084348841,0.00045559345812196215,0.0,0.0,0.0042121024312281085,0.0,0.0027261633968779044,0.0,0.0,0.0012811942437240195
2018-04-26 13:00:00,0.0,0.0,0.0,0.0027016591703749697,0.0,0.0,0.02225121826737006,0.0,0.0,0.0,0.0,4.7196415792466864e-07,0.0,0.0021385275295453055,0.0004639582851524717,0.0,0.0,0.004165627183084908,0.0,0.0026764462469244313,0.0,0.0,0.0016737505785468748
2018-04-26 14:00:00,0.0,0.0,0.0,0.002777803478055078,0.0,0.0,0.015484069323364363,0.0,0.0,0.0,0.0,4.852661260074935e-07,0.0,0.0021983790808871692,0.00042297322011311593,0.0,0.0,0.0042830323692710755,0.0,0.002314068989320556,0.0,0.0,0.001577356915711177
2018-04-26 15:00:00,0.0,0.0,0.0,0.0029056035145774953,0.0,0.0,0.01462020356589913,0.0,0.0,0.0,0.0,5.075920497514842e-07,0.00258411885928186,0.0023116399453966888,0.0004899553012097324,0.0,0.0,0.004480084355685461,0.0,0.0017149113516016796,0.0,0.0,0.0015850305647673608
2018-04-26 16:00:00,0.0,0.0,0.0,0.002927079510378941,0.0,0.0,0.014914698248893642,0.0,0.0,0.0,0.0,5.113437814225877e-07,0.056853692160397894,0.002305285714632165,0.0005185831091451297,0.0,0.0,0.00451319770798219,0.0,0.0011024311622984961,0.0,0.0,0.0020258415803360427
2018-04-26 17:00:00,0.0,0.0,0.0,0.0028260864902313605,0.0,0.0,0.022227045783795207,0.0,0.0,0.0,0.0,4.937008876657093e-07,0.06588212778285579,0.0021923139558588985,0.0005733796623802963,0.0,0.0,0.0043574788539380615,0.0,0.0005120740739220367,0.0,0.0,0.0022805948766188963
2018-04-26 18:00:00,0.0,0.0,0.0,0.0027429140655149237,0.0,0.0,0.023868144190335165,0.0,0.0,0.0,0.0,4.791711483765014e-07,0.06501692283035547,0.002097591652467379,0.0006727306203368995,0.0,0.0,0.004229237173018043,0.0,0.0001327840290114086,0.0,0.0,0.002381582747310785
2018-04-26 19:00:00,0.0,0.0,0.0,0.00281611728093266,0.0,0.0,0.022569220542301833,0.0,0.0,0.0,0.0,4.919593247315576e-07,0.05884686611186921,0.002168649314590556,0.0007086962399844878,0.0,0.0,0.004342107555550795,0.0,0.0,0.0,0.0,0.0025516496117004724
2018-04-26 20:00:00,0.0,0.0,0.0,0.0029193556147610908,0.0,0.0,0.016818111905370064,0.0,0.0,0.0,0.0,5.099944617411304e-07,0.055139840306679136,0.0022469119313288603,0.0006773272046885342,0.0,0.0,0.004501288407986899,0.0,0.0,0.0,0.0,0.0025957370103677838
2018-04-26 21:00:00,0.0,0.0,0.0,0.003415360887997524,0.0,0.0,0.017012636525601265,0.0,0.0,0.0,0.0,5.96643700725905e-07,0.010701528627127666,0.002649076152009953,0.0004572507326146114,0.0,0.0,0.005266067722788616,0.0,0.0,0.0,0.0,0.003003985449471507
2018-04-26 22:00:00,0.0,0.0,0.0,0.003481899700587972,0.0,0.0,0.01690658854548721,0.0,0.0,0.0,0.0,6.126436708537655e-07,0.018834000069644096,0.002675543531555117,0.000421608067819769,0.0,0.0,0.005407285883901182,0.0,0.0,0.0,0.0,0.002701310458070201
2018-04-26 23:00:00,0.0,0.0,0.0,0.0037778752615474703,0.0,0.0,0.018220988279239167,0.0,0.0,0.0,0.0,6.59972855241107e-07,0.0,0.0029054455358480816,0.00045098605254994823,0.0,0.0,0.005825020437948856,0.0,0.0,0.0,0.0,0.0022416896994745593
2018-04-27 00:00:00,0.0,0.0,0.0,0.003977931748626532,0.0,0.0,0.019299452908146327,0.0,0.0,0.0,0.0,6.94921561020501e-07,0.0,0.0030680508190846193,0.0004901334582631496,0.0,0.0,0.0061334830115655535,0.0,0.0,0.0,0.0,0.001359828331587426
2018-04-27 01:00:00,0.0,0.0,0.0,0.00411062114929006,0.0,0.0,0.023121127461467657,0.0,0.0,0.0,0.0,7.181016282682137e-07,0.0,0.0031703277855709712,0.0005200976571725906,0.0,0.0,0.006338073797987559,0.0,0.0,0.0,0.0,0.0006891798747819113
2018-04-27 02:00:00,0.0,0.0,0.0,0.0041278554285269385,0.0,0.0,0.02339938590604069,0.0,0.0,0.0,0.0,7.211123567037854e-07,0.001573344462452358,0.0032016500591853813,0.0005474538980807913,0.0,0.0,0.006364646943429902,0.0,0.0,0.0,0.0,0.00034537428534024147
2018-04-27 03:00:00,0.0,0.0,0.0,0.0036693323161218114,0.0,0.0,0.023105039956814167,0.0,0.0,0.0,0.0,6.410110334102007e-07,0.0483769044610151,0.002804494086613438,0.0006284612944369143,0.0,0.0,0.005657660524842395,0.0,0.00015307059742793088,0.0,0.0,0.00020543247654884267
2018-04-27 04:00:00,0.0,0.0,0.0,0.0032659643157323024,0.0,0.0,0.02629637411860121,0.0,0.0,0.0,0.0,5.70544987683504e-07,0.07770106743769817,0.0024799504202336203,0.0006287558180484481,0.0,0.0,0.005035716526267648,0.0,0.0005671584336338607,0.0,0.0,0.00018868353776357782
2018-04-27 05:00:00,0.0,0.0,0.0,0.003074087357132498,0.0,0.0,0.020389900873742293,0.0,0.0,0.0,0.0,5.370251979988066e-07,0.09507639739516639,0.002370432033090005,0.0006879476303558925,0.0,0.0,0.004739865782652173,0.0,0.00140809059464313,0.0,0.0,0.0001027649143968045
2018-04-27 06:00:00,0.0,0.0,0.0,0.003021612049416484,0.0,0.0,0.020048477820091913,0.0,0.0,0.0,0.0,5.278580666709163e-07,0.09946091747739134,0.0023333594670513764,0.000609529370595764,0.0,0.0,0.004658955292291453,0.0,0.00286605981600555,0.0,0.0,0.00010562616231453297
2018-04-27 07:00:00,0.0,0.0,0.0,0.00291880505839639,0.0,0.0,0.01938558159468218,0.0,0.0,0.0,0.0,5.098982827434591e-07,0.08001060542605593,0.00224046764540504,0.000567522092239889,0.0,0.0,0.004500439517577714,0.0,0.00470314400913518,0.0,0.0,0.00014187663321375355
2018-04-27 08:00:00,0.0,0.0,0.0,0.0028846348994590798,0.0,0.0,0.018740491289497056,0.0,0.0,0.0,0.0,5.039289545373549e-07,0.06509261598960346,0.002217476182854886,0.00045801973119596233,0.0,0.0,0.004447753322190664,0.0,0.006027944264972422,0.0,0.0,0.00029966111776532094
2018-04-27 09:00:00,0.0,0.0,0.0,0.0027752727991951693,0.0,0.0,0.005632090493434172,0.0,0.0,0.0,0.0,4.848240311162536e-07,0.059017810605555665,0.00214944426291519,0.0004878208561685412,0.0,0.0,0.004279130372762377,0.0,0.006790385763658497,0.0,0.0,0.0005519912163205571
2018-04-27 10:00:00,0.0,0.0,0.0,0.0027606498858164883,0.0,0.0,0.0006063219603980587,0.0,0.0,0.0,0.0,4.822694931216565e-07,0.05279634925906008,0.0021128293696956496,0.00042313593791035305,0.0,0.0,0.004256583633286845,0.0,0.007824144874116057,0.0,0.0,0.0010399596383064873
2018-04-27 11:00:00,0.0,0.0,0.0,0.0027740687549746095,0.0,0.0,0.0006092691487018266,0.0,0.0,0.0,0.0,4.846136915875329e-07,0.03564489682148728,0.0021171250600850846,0.000414420308739653,0.0,0.0,0.004277273884205347,0.0,0.008232377153360426,0.0,0.0,0.0014602123128388553
2018-04-27 12:00:00,0.0,0.0,0.0,0.002785252829924917,0.0,0.0,0.0006117255088088976,0.0,0.0,0.0,0.0,4.865674844915267e-07,0.0184059770635152,0.002109059207509458,0.00035794013202512966,0.0,0.0,0.004294518356469475,0.0,0.008115318814027201,0.0,0.0,0.0020322969062041146
2018-04-27 13:00:00,0.0,0.0,0.0,0.002869992539954698,0.0,0.0,0.0006303369043983183,0.0,0.0,0.0,0.0,5.013710194175978e-07,0.019103939349614015,0.0021632146603241167,0.00037990960088362877,0.0,0.0,0.004425176599173642,0.0,0.007560684594246166,0.0,0.0,0.0025438395925610957
2018-04-27 14:00:00,0.0,0.0,0.0,0.002966328049885087,0.0,0.0,0.0006514950873091746,0.0,0.0,0.0,0.0,5.182002732039771e-07,0.02569879606837234,0.002231147085990054,0.0004848814351116007,0.0,0.0,0.004573714143532606,0.0,0.006064918109647697,0.0,0.0,0.0030492433354552565
2018-04-27 15:00:00,0.0,0.0,0.0,0.002832846404272273,0.0,0.0,0.0006199643345489573,0.0,0.0,0.0,0.0,4.931206601524705e-07,0.06314885830583732,0.002129544203022235,0.0004791461988592625,0.0,0.0,0.004352357677973875,0.0,0.004095607687757966,0.0,0.0,0.003082941900208084
2018-04-27 16:00:00,0.0,0.0,0.0,0.002785180863799852,0.0,0.0,0.0008563935840288428,0.0,0.0,0.0,0.0,4.865549124276675e-07,0.06794112190971255,0.0020845044890187526,0.0006274288250364173,0.0,0.0,0.004294407393528584,0.0,0.002429770450862837,0.0,0.0,0.002941746820822031
2018-04-27 17:00:00,0.0,0.0,0.0,0.00268288416594995,0.0,0.0,0.00121973141768927,0.0,0.0,0.0,0.0,4.686842737517674e-07,0.08554281835663571,0.0019523599310059825,0.0007485243063425754,0.0,0.0,0.004136678428314873,0.0,0.0010086756855087046,0.0,0.0,0.002666002506012382
2018-04-27 18:00:00,0.0,0.0,0.0,0.002636728183788611,0.0,0.0,0.0012219116097761304,0.0,0.0,0.0,0.0,4.6062109187714967e-07,0.0826270329480839,0.0019317686188788676,0.0007879865048259926,0.0,0.0,0.00406551156313011,0.0,0.0002370219203841801,0.0,0.0,0.0027467337699620055
2018-04-27 19:00:00,0.0,0.0,0.0,0.0027905759608214103,0.0,0.0,0.0012976907696255462,0.0,0.0,0.0,0.0,4.823295875177093e-07,0.06997726738957817,0.0020222242483380537,0.0007831828664643018,0.0,0.0,0.004257114035533595,0.0,0.0,0.0,0.0,0.0029569753889833825
2018-04-27 20:00:00,0.0,0.0,0.0,0.0030516180827956994,0.0,0.0,0.0005154142848812888,0.0,0.0,0.0,0.0,5.255914963910014e-07,0.053943797632518414,0.002219164895025431,0.000617908141782251,0.0,0.0,0.004638950199506649,0.0,0.0,0.0,0.0,0.0031774115153256877
2018-04-27 21:00:00,0.0,0.0,0.0,0.0033733302729619125,0.0,0.0,0.0,0.0,0.0,0.0,0.0,5.810011796636137e-07,0.020562126750792636,0.002481364164699475,0.0005082422133509182,0.0,0.0,0.00512800446129947,0.0,0.0,0.0,0.0,0.0036809013933300906
2018-04-27 22:00:00,0.0,0.0,0.0,0.0035517299241595917,0.0,0.0,0.0,0.0,0.0,0.0,0.0,6.117276130129401e-07,0.005567201663774166,0.002593313432341936,0.00043793515560469517,0.0,0.0,0.0053992006185712895,0.0,0.0,0.0,0.0,0.003988449412744663
2018-04-27 23:00:00,0.0,0.0,0.0,0.003725354011860458,0.0,0.0,0.0,0.0,0.0,0.0,0.0,6.416315333556256e-07,0.0,0.002701480442151477,0.0004781365865163945,0.0,0.0,0.005663137151396265,0.0,0.0,0.0,0.0,0.003582662368889672
2018-04-28 00:00:00,0.0,0.0,0.0,0.0037513655100897244,0.0,0.0,0.0,0.0,0.0,0.0,0.0,6.461115901342796e-07,0.0,0.0027136116587580445,0.0005085944592566726,0.0,0.0,0.005702678811468476,0.0,0.0,0.0,0.0,0.003438765006014282
2018-04-28 01:00:00,0.0,0.0,0.0,0.0038696214055922835,0.0,0.0,0.0,0.0,0.0,0.0,0.0,6.66479241454954e-07,0.0,0.0027916895146123063,0.0005048446383251583,0.0,0.0,0.005882446788702329,0.0,0.0,0.0,0.0,0.0030877787616131903
2018-04-28 02:00:00,0.0,0.0,0.0,0.004019367558297832,0.0,0.0,0.0,0.0,0.0,0.0,0.0,6.922705765250358e-07,0.0,0.0029209981892812345,0.0005343382320493078,0.0,0.0,0.006110085020657079,0.0,0.0,0.0,0.0,0.0024178368047247877
2018-04-28 03:00:00,0.0,0.0,0.0,0.004173646802923224,0.0,0.0,0.0,0.0,0.0,0.0,0.0,7.188426628230844e-07,0.0,0.0030666308725425815,0.0005375533356000453,0.0,0.0,0.006344614281271182,0.0,1.2902885942501565e-05,0.0,0.0,0.0017491845032566622
2018-04-28 04:00:00,0.0,0.0,0.0,0.004272369095795868,0.0,0.0,0.0,0.0,0.0,0.0,0.0,7.358459693412274e-07,0.0035581141774637345,0.003126519061967664,0.0005430521543111426,0.0,0.0,0.006494688041418041,0.0,0.00045251890682323814,0.0,0.0,0.0012087708889340731
2018-04-28 05:00:00,0.0,0.0,0.0,0.003988116752056464,0.0,0.0,0.0,0.0,0.0,0.0,0.0,6.86888134302522e-07,0.0279144719667365,0.002948618567221545,0.0005527275666111748,0.0,0.0,0.00606257876990262,0.0,0.0020177688395800054,0.0,0.0,0.0006752184377079444
2018-04-28 06:00:00,0.0,0.0,0.0,0.003873817845156362,0.0,0.0,0.0,0.0,0.0,0.0,0.0,6.672020097995358e-07,0.026504618479893004,0.002853974632863784,0.0005559924032826853,0.0,0.0,0.0058888260516457335,0.0,0.004308703573087475,0.0,0.0,0.0004943487510348401
2018-04-28 07:00:00,0.0,0.0,0.0,0.0037558210956261727,0.0,0.0,0.0,0.0,0.0,0.0,0.0,6.468789921504763e-07,0.011291039136579771,0.002765807002534778,0.0006001268376607046,0.0,0.0,0.005709452017961699,0.0,0.0067375410008529415,0.0,0.0,0.0005082444288331911
2018-04-28 08:00:00,0.0,0.0,0.0,0.003574407696161476,0.0,0.0,0.0,0.0,0.0,0.0,0.0,6.156334897635343e-07,0.0,0.002639375188279481,0.0004451588070744681,0.0,0.0,0.005433674478699989,0.0,0.00862986464489529,0.0,0.0,0.0006040750625008287
2018-04-28 09:00:00,0.0,0.0,0.0,0.003462567384644912,0.0,0.0,0.0,0.0,0.0,0.0,0.0,5.963708182587915e-07,0.0,0.0025251044102241457,0.0003794513445542823,0.0,0.0,0.005263659220779071,0.0,0.009877500455200245,0.0,0.0,0.0006457009753656763
2018-04-28 10:00:00,0.0,0.0,0.0,0.0033515594733274905,0.0,0.0,0.0,0.0,0.0,0.0,0.0,5.854979643283097e-07,0.0,0.002440638564398797,0.0003618916850005715,0.0,0.0,0.005167693764228967,0.0,0.010621160280059862,0.0,0.0,0.0009163179489336597
2018-04-28 11:00:00,0.0,0.0,0.0,0.0032293130336476478,0.0,0.0,0.0,0.0,0.0,0.0,0.0,5.56196556587079e-07,0.0,0.002300339826682117,0.0003278534764406667,0.0,0.0,0.004909075098934032,0.0,0.010134075080512004,0.0,0.0,0.0011968615046758346
2018-04-28 12:00:00,0.0,0.0,0.0,0.0032247812971215144,0.0,0.0,0.0,0.0,0.0,0.0,0.0,5.554160388035961e-07,0.0,0.0022991370709697836,0.00031272316302531834,0.0,0.0,0.004902186130691072,0.0,0.009507689814277121,0.0,0.0,0.0017474394701311156
2018-04-28 13:00:00,0.0,0.0,0.0,0.0033528155171419372,0.0,0.0,0.0,0.0,0.0,0.0,0.0,5.774678472094954e-07,0.0,0.0023723215707641618,0.00035926907552225425,0.0,0.0,0.005096818733589823,0.0,0.008600089041463657,0.0,0.0,0.0020774072222434223
2018-04-28 14:00:00,0.0,0.0,0.0,0.003521703857390137,0.0,0.0,0.0,0.0,0.0,0.0,0.0,6.065561122104425e-07,0.0,0.0025334218087683805,0.00041083586065964443,0.0,0.0,0.005353556168757649,0.0,0.007114054832377177,0.0,0.0,0.0023244658011845115
2018-04-28 15:00:00,0.0,0.0,0.0,0.0036425446308249016,0.0,0.0,0.0,0.0,0.0,0.0,0.0,6.27368966640915e-07,0.010734694949628162,0.0026477485527350722,0.000489575233151318,0.0,0.0,0.005537253576108238,0.0,0.005171240122249549,0.0,0.0,0.0024720849095908964
2018-04-28 16:00:00,0.0,0.0,0.0,0.003129149037391818,0.0,0.0,0.0,0.0,0.0,0.0,0.0,5.389449401500791e-07,0.06990165987818203,0.0022754995149185117,0.0006444596193369794,0.0,0.0,0.00475680971781246,0.0,0.0025338166954497645,0.0,0.0,0.0019963790373435713
2018-04-28 17:00:00,0.0,0.0,0.0,0.0030990647563062567,0.0,0.0,0.0,0.0,0.0,0.0,0.0,5.337634128800867e-07,0.06523751284497523,0.002265902579601114,0.0007966954172589634,0.0,0.0,0.00471107677287722,0.0,0.0008455262669326972,0.0,0.0,0.002007811492309308
2018-04-28 18:00:00,0.0,0.0,0.0,0.0028778525386612933,0.0,0.0,0.0,0.0,0.0,0.0,0.0,4.956632124823124e-07,0.09507528316943518,0.002076922022303382,0.0007253091817345951,0.0,0.0,0.0043747986301558755,0.0,0.00012468434684671597,0.0,0.0,0.0021030027527798485
2018-04-28 19:00:00,0.0,0.0,0.0,0.002839300139460241,0.0,0.0,0.0,0.0,0.0,0.0,0.0,4.890231898334162e-07,0.09334024274301446,0.0020310552552841627,0.0007343282717348261,0.0,0.0,0.004316192783974318,0.0,0.0,0.0,0.0,0.0024359506344092405
2018-04-28 20:00:00,0.0,0.0,0.0,0.0031208845632496028,0.0,0.0,0.0,0.0,0.0,0.0,0.0,5.375215191277105e-07,0.05493050326594072,0.0022249230437071344,0.0007128317618979878,0.0,0.0,0.004744246388152374,0.0,0.0,0.0,0.0,0.003040686976388621
2018-04-28 21:00:00,0.0,0.0,0.0,0.003322335016314884,0.0,0.0,0.0,0.0,0.0,0.0,0.0,5.722180775444261e-07,0.036824607419694906,0.0023946213508629762,0.0005910936133769263,0.0,0.0,0.005050483470933631,0.0,0.0,0.0,0.0,0.003290206605708608
2018-04-28 22:00:00,0.0,0.0,0.0,0.0037499987258635993,0.0,0.0,0.0,0.0,0.0,0.0,0.0,6.458761838196091e-07,0.0,0.002752715692263517,0.0005905822538844668,0.0,0.0,0.005700601079659831,0.0,0.0,0.0,0.0,0.0029749196812499795
2018-04-28 23:00:00,0.0,0.0,0.0,0.0038454189399811777,0.0,0.0,0.0,0.0,0.0,0.0,0.0,6.623107610711836e-07,0.0,0.002855247453331328,0.0005668120363666438,0.0,0.0,0.005845655149110152,0.0,0.0,0.0,0.0,0.002549066718354178
2018-04-29 00:00:00,0.0,0.0,0.0,0.003961476263569572,0.0,0.0,0.0,0.0,0.0,0.0,0.0,6.822997441997917e-07,0.0,0.002953504814498028,0.000546537272758264,0.0,0.0,0.006022080943494407,0.0,0.0,0.0,0.0,0.0022597953684748693
2018-04-29 01:00:00,0.0,0.0,0.0,0.00400704935063467,0.0,0.0,0.0,0.0,0.0,0.0,0.0,6.90148965948982e-07,0.0,0.002993773459000768,0.0005462369927360411,0.0,0.0,0.00609135936418691,0.0,0.0,0.0,0.0,0.0020649231929680554
2018-04-29 02:00:00,0.0,0.0,0.0,0.003991132664536748,0.0,0.0,0.0,0.0,0.0,0.0,0.0,6.922828071267166e-07,0.0,0.0030041716672298564,0.0005418609355725475,0.0,0.0,0.006110192969801038,0.0,0.0,0.0,0.0,0.0020329751228142694
2018-04-29 03:00:00,0.0,0.0,0.0,0.003897967973252745,0.0,0.0,0.0,0.0,0.0,0.0,0.0,6.785290361400177e-07,0.0,0.0029274624455398555,0.000535176925661475,0.0,0.0,0.0059888001027154384,0.0,1.0818267187622835e-05,0.0,0.0,0.0018461054538858963
2018-04-29 04:00:00,0.0,0.0,0.0,0.003821517938761783,0.0,0.0,0.0,0.0,0.0,0.0,0.0,6.628622470103189e-07,0.0,0.0028390366189538696,0.0005053118013790022,0.0,0.0,0.005850522647585572,0.0,0.0004193982185073164,0.0,0.0,0.001996069015296208
2018-04-29 05:00:00,0.0,0.0,0.0,0.0036507477712657086,0.0,0.0,0.0,0.0,0.0,0.0,0.0,6.377644214172429e-07,0.0,0.0027925600034551575,0.0004850117601970436,0.0,0.0,0.005629005435374876,0.0,0.0018692996351995362,0.0,0.0,0.0017215358666848378
2018-04-29 06:00:00,0.0,0.0,0.0,0.0036401637152785418,0.0,0.0,0.0,0.0,0.0,0.0,0.0,6.359154483394445e-07,0.0,0.0027734221680733727,0.00047262976082532686,0.0,0.0,0.005612686118781986,0.0,0.0039448950670844096,0.0,0.0,0.0013705365779687713
2018-04-29 07:00:00,0.0,0.0,0.0,0.003660464276856522,0.0,0.0,0.0,0.0,0.0,0.0,0.0,6.39461838482069e-07,0.0,0.002780727976715221,0.00044516427089433426,0.0,0.0,0.005643987095629256,0.0,0.006276184261518181,0.0,0.0,0.0013870669659757039
2018-04-29 08:00:00,0.0,0.0,0.0,0.0035573114903997122,0.0,0.0,0.0,0.0,0.0,0.0,0.0,6.214416461012091e-07,0.0,0.002688177007407998,0.00042904404502618537,0.0,0.0,0.005484938146750999,0.0,0.008109702223332646,0.0,0.0,0.0016579366583852212
2018-04-29 09:00:00,0.0,0.0,0.0,0.0034156326280988655,0.0,0.0,0.0,0.0,0.0,0.0,0.0,5.882870711264556e-07,0.0,0.0025034411143048142,0.0004443848887080755,0.0,0.0,0.005192310843513062,0.0,0.009274909945766218,0.0,0.0,0.0019467876189737344
2018-04-29 10:00:00,0.0,0.0,0.0,0.0033035092967910276,0.0,0.0,0.0,0.0,0.0,0.0,0.0,5.771038777033801e-07,0.0,0.002427793600793731,0.00040801673244252143,0.0,0.0,0.005093606283569983,0.0,0.010211730620527592,0.0,0.0,0.0023708779212778886
2018-04-29 11:00:00,0.0,0.0,0.0,0.0031907545683844186,0.0,0.0,0.0,0.0,0.0,0.0,0.0,5.574062818600584e-07,0.0,0.002315312050640224,0.0003836678083660143,0.0,0.0,0.0049197523175248375,0.0,0.009907306495161125,0.0,0.0,0.002737983607598886
2018-04-29 12:00:00,0.0,0.0,0.0,0.003184372889733114,0.0,0.0,0.0,0.0,0.0,0.0,0.0,5.523461103236791e-07,0.0,0.002276790417417134,0.0003442897273493216,0.0,0.0,0.0048750904766856895,0.0,0.009286083001689024,0.0,0.0,0.0032836950974613668
2018-04-29 13:00:00,0.0,0.0,0.0,0.0031701699760428087,0.0,0.0,0.0,0.0,0.0,0.0,0.0,5.460101285006428e-07,0.0,0.002237684746395658,0.0002917203120374794,0.0,0.0,0.004819168140909963,0.0,0.008185008891429884,0.0,0.0,0.0035407457061882347
2018-04-29 14:00:00,0.0,0.0,0.0,0.00318556719417752,0.0,0.0,0.0,0.0,0.0,0.0,0.0,5.565000777295576e-07,0.0,0.0022742010914483563,0.0003601225191480573,0.0,0.0,0.004911754022535581,0.0,0.006746809683255264,0.0,0.0,0.003618645646461261
2018-04-29 15:00:00,0.0,0.0,0.0,0.003265896128855203,0.0,0.0,0.0,0.0,0.0,0.0,0.0,5.705330758323035e-07,0.0,0.002363893223847157,0.00042970549974687903,0.0,0.0,0.005035611390463737,0.0,0.004936945332560782,0.0,0.0,0.0036617422880639906
2018-04-29 16:00:00,0.0,0.0,0.0,0.00335219266289073,0.0,0.0,0.0,0.0,0.0,0.0,0.0,5.856085788655904e-07,0.0,0.002443692621089398,0.0005290421078096472,0.0,0.0,0.005168670064898421,0.0,0.0028525644104303604,0.0,0.0,0.0035818707250188887
2018-04-29 17:00:00,0.0,0.0,0.0,0.0033637248032066486,0.0,0.0,0.0,0.0,0.0,0.0,0.0,5.876231767663744e-07,0.0,0.002430417423857679,0.0006557211159892195,0.0,0.0,0.005186451211279099,0.0,0.0009583166715566934,0.0,0.0,0.00368792152859804
2018-04-29 18:00:00,0.0,0.0,0.0,0.0033158545579220385,0.0,0.0,0.0,0.0,0.0,0.0,0.0,5.792605230855764e-07,0.0,0.002395930053686473,0.0004771798356495012,0.0,0.0,0.005112641162548624,0.0,0.00015256548220125176,0.0,0.0,0.003872603794851161
2018-04-29 19:00:00,0.0,0.0,0.0,0.0033423862925266324,0.0,0.0,0.0,0.0,0.0,0.0,0.0,5.83895462947069e-07,0.0,0.0024210319290742027,0.0004515273280211133,0.0,0.0,0.005153549844182196,0.0,0.0,0.0,0.0,0.0041906668718462445
2018-04-29 20:00:00,0.0,0.0,0.0,0.0033780922247063235,0.0,0.0,0.0,0.0,0.0,0.0,0.0,5.901330818143536e-07,0.0,0.0024411058805324723,0.0004469368102424894,0.0,0.0,0.005208604013603746,0.0,0.0,0.0,0.0,0.004346499100167795
2018-04-29 21:00:00,0.0,0.0,0.0,0.0034476469328428017,0.0,0.0,0.0,0.0,0.0,0.0,0.0,6.022838851485775e-07,0.0,0.0025110288635044695,0.00048189155496493774,0.0,0.0,0.0053158488452620025,0.0,0.0,0.0,0.0,0.004300839897850515
2018-04-29 22:00:00,0.0,0.0,0.0,0.003458358992619666,0.0,0.0,0.0,0.0,0.0,0.0,0.0,6.041552197446157e-07,0.0,0.0025622081096966062,0.00048007089695342747,0.0,0.0,0.005332365528003722,0.0,0.0,0.0,0.0,0.004046786939777302
2018-04-29 23:00:00,0.0,0.0,0.0,0.003486738581299478,0.0,0.0,0.0,0.0,0.0,0.0,0.0,6.091129689753067e-07,0.0,0.002562927163299837,0.00043088632705815194,0.0,0.0,0.005376123374050965,0.0,0.0,0.0,0.0,0.003846175066258283
2018-04-30 00:00:00,0.0,0.0,0.0,0.003372356541810758,0.0,0.0,0.0,0.0,0.0,0.0,0.0,5.891310913421236e-07,0.0,0.0024770092958512017,0.0004086626370535945,0.0,0.0,0.005199760293846155,0.0,0.0,0.0,0.0,0.004110030842093003
2018-04-30 01:00:00,0.0,0.0,0.0,0.0034747960380460473,0.0,0.0,0.0,0.0,0.0,0.0,0.0,5.984770045722705e-07,0.0,0.0024988981688138837,0.0004225798937493353,0.0,0.0,0.005282248740370238,0.0,0.0,0.0,0.0,0.003969494705663302
2018-04-30 02:00:00,0.0,0.0,0.0,0.003453693233313887,0.0,0.0,0.0,0.0,0.0,0.0,0.0,5.948423902737926e-07,0.0,0.0024813981568394556,0.0004311360920436319,0.0,0.0,0.005250169083753209,0.0,0.0,0.0,0.0,0.004044806289231244
2018-04-30 03:00:00,0.0,0.0,0.0,0.003437433279742395,0.0,0.0,0.0,0.0,0.0,0.0,0.0,5.920418781857728e-07,0.0,0.002420834363911874,0.0005110878508868008,0.0,0.0,0.005225451339652237,0.0,9.165296987038612e-06,0.0,0.0,0.004221736000248387
2018-04-30 04:00:00,0.0,0.0,0.0,0.0032937754594677218,0.0,0.0,0.0,0.0,0.0,0.0,0.0,5.693037498514779e-07,0.0,0.002346047974257785,0.00045624832677052863,0.0,0.0,0.005024761173055029,0.0,0.0003313036076863103,0.0,0.0,0.0037939919786676864
2018-04-30 05:00:00,0.0,0.0,0.0,0.003245126657710079,0.0,0.0,0.0,0.0,0.0,0.0,0.0,5.669047699130975e-07,0.0,0.002419635074798801,0.0005417217144588425,0.0,0.0,0.005003587412558182,0.0,0.0015058246645418836,0.0,0.0,0.0033732933581910596
2018-04-30 06:00:00,0.0,0.0,0.0,0.0031530263480373925,0.0,0.0,0.0,0.0,0.0,0.0,0.0,5.50815381001306e-07,0.0,0.002321648884353368,0.0006039162667210171,0.0,0.0,0.0048615800277074005,0.0,0.0031188419876702765,0.0,0.0,0.0035156685331369695
2018-04-30 07:00:00,0.0,0.0,0.0,0.003026338269696066,0.0,0.0,0.0,0.0,0.0,0.0,0.0,5.28683709890046e-07,0.0,0.002234745374168803,0.0004685598664685316,0.0,0.0,0.004666242544468103,0.0,0.004800470991412686,0.0,0.0,0.003144540479466096
2018-04-30 08:00:00,0.0,0.0,0.0,0.002839125781000828,0.0,0.0,0.0,0.0,0.0,0.0,0.0,4.959787759927896e-07,0.0,0.0020775124001105563,0.00039553903069545164,0.0,0.0,0.004377583841522377,0.0,0.006329303865459397,0.0,0.0,0.0033587496300857907
2018-04-30 09:00:00,0.0,0.0,0.0,0.002677726794307376,0.0,0.0,0.0,0.0,0.0,0.0,0.0,4.677833108949115e-07,0.0,0.0019568103787073543,0.0003270562999152683,0.0,0.0,0.00412872639360111,0.0,0.006855793289280522,0.0,0.0,0.0036667532450692696
2018-04-30 10:00:00,0.0,0.0,0.0,0.0025314106739455803,0.0,0.0,0.0,0.0,0.0,0.0,0.0,4.42222734899763e-07,0.0,0.001813912448252897,0.00026159609589277317,0.0,0.0,0.0039031248762128067,0.0,0.007171349607001252,0.0,0.0,0.0037946772232906835
2018-04-30 11:00:00,0.0,0.0,0.0,0.002493701498229102,0.0,0.0,0.0,0.0,0.0,0.0,0.0,4.356351610273004e-07,0.0,0.0017921485730610438,0.0002461358078366065,0.0,0.0,0.0038449819508805617,0.0,0.007436628184864002,0.0,0.0,0.0036975286217756733
2018-04-30 12:00:00,0.0,0.0,0.0,0.002546495932927067,0.0,0.0,0.0,0.0,0.0,0.0,0.0,4.448580419845144e-07,0.0,0.0018513322996673263,0.00026862285759568223,0.0,0.0,0.00392638449591844,0.0,0.007417325278642191,0.0,0.0,0.003465306467530352
2018-04-30 13:00:00,0.0,0.0,0.0,0.0026596751223027116,0.0,0.0,0.0,0.0,0.0,0.0,0.0,4.646297886926156e-07,0.0,0.0019005778904925136,0.0003083263902728762,0.0,0.0,0.004100892928733546,0.0,0.00699596837585912,0.0,0.0,0.003761693292439811
2018-04-30 14:00:00,0.0,0.0,0.0,0.0027839913160572463,0.0,0.0,0.0,0.0,0.0,0.0,0.0,4.863471053494075e-07,0.0,0.001991650804441538,0.00035478913980587537,0.0,0.0,0.004292573256763106,0.0,0.005990125458384827,0.0,0.0,0.003914877786783722
2018-04-30 15:00:00,0.0,0.0,0.0,0.003011304988578155,0.0,0.0,0.0,0.0,0.0,0.0,0.0,5.260574830360216e-07,0.0,0.002169569538292556,0.0004242040020350759,0.0,0.0,0.004643063068254959,0.0,0.004645133492125337,0.0,0.0,0.004280758515178002
2018-04-30 16:00:00,0.0,0.0,0.0,0.002942571601890059,0.0,0.0,0.0,0.0,0.0,0.0,0.0,5.140501597861924e-07,0.04232663750843102,0.0021132654066841608,0.0004525657741203882,0.0,0.0,0.004537084613565694,0.0,0.0026009709719834575,0.0,0.0,0.004119934002407204
2018-04-30 17:00:00,0.0,0.0,0.0,0.0028651606839981735,0.0,0.0,0.0,0.0,0.0,0.0,0.0,4.952209831543224e-07,0.06743315152844731,0.0020062783786984804,0.0004800214369704392,0.0,0.0,0.004370895447088049,0.0,0.0008927697182792548,0.0,0.0,0.0037494521616603877
2018-04-30 18:00:00,0.0,0.0,0.0,0.0029235696735047095,0.0,0.0,0.0,0.0,0.0,0.0,0.0,5.03537244114425e-07,0.07282152241649685,0.002043030001977559,0.0004979586647558372,0.0,0.0,0.00444429602663494,0.0,0.0001617562827439058,0.0,0.0,0.003608501921446779
2018-04-30 19:00:00,0.0,0.0,0.0,0.002972322771903652,0.0,0.0,0.0,0.0,0.0,0.0,0.0,5.119341710056573e-07,0.06702222301031222,0.002062076954135885,0.0005632949284922061,0.0,0.0,0.004518408575914745,0.0,0.0,0.0,0.0,0.0037275886852943894
2018-04-30 20:00:00,0.0,0.0,0.0,0.0032085332100188595,0.0,0.0,0.0,0.0,0.0,0.0,0.0,5.526175705214996e-07,0.04491569124661698,0.0022631805265142728,0.0005291530671934091,0.0,0.0,0.004877486425530914,0.0,0.0,0.0,0.0,0.0037469796712475273
2018-04-30 21:00:00,0.0,0.0,0.0,0.003826817634375468,0.0,0.0,0.0,0.0,0.0,0.0,0.0,6.591069892416583e-07,0.0027659968983468675,0.002759893659820765,0.0004979676072683012,0.0,0.0,0.005817378173417429,0.0,0.0,0.0,0.0,0.0030894455775767635
2018-04-30 22:00:00,0.0,0.0,0.0,0.003868152028395789,0.0,0.0,0.0,0.0,0.0,0.0,0.0,6.662261651726294e-07,0.0,0.0028279944573048766,0.0003969797253748713,0.0,0.0,0.005880213099081319,0.0,0.0,0.0,0.0,0.002637958091761105
2018-04-30 23:00:00,0.0,0.0,0.0,0.00380303376504862,0.0,0.0,0.0,0.0,0.0,0.0,0.0,6.550106052478872e-07,0.0,0.0027719135957819567,0.0003639172635931547,0.0,0.0,0.005781222867489452,0.0,0.0,0.0,0.0,0.0021319386949354853
2018-05-01 00:00:00,0.0,0.0,0.0,0.003879119596905,0.0,0.0,0.0,0.0,0.0,0.0,0.0,6.681151501596519e-07,0.0,0.0028252239245678966,0.00035678340715216154,0.0,0.0,0.005896885566848747,0.0,0.0,0.0,0.0,0.0017643835903563515
2018-05-01 01:00:00,0.0,0.0,0.0,0.003801429604053196,0.0,0.0,0.0,0.0,0.0,0.0,0.0,6.547343146521569e-07,0.0,0.002761649527818456,0.0003094003819524086,0.0,0.0,0.00577878428482024,0.0,0.0,0.0,0.0,0.0014882541866304483
2018-05-01 02:00:00,0.0,0.0,0.0,0.003842663818505032,0.0,0.0,0.0,0.0,0.0,0.0,0.0,6.618362362846286e-07,0.0,0.002769540882390155,0.00027225563041522957,0.0,0.0,0.005841466921430717,0.0,0.0,0.0,0.0,0.0015616331781068756
2018-05-01 03:00:00,0.0,0.0,0.0,0.003888455681963389,0.0,0.0,0.0,0.0,0.0,0.0,0.0,6.697231387031514e-07,0.0,0.0027720190220319766,0.00027567514549857013,0.0,0.0,0.005911077917421182,0.0,9.093410457197372e-06,0.0,0.0,0.0014274097230506115
2018-05-01 04:00:00,0.0,0.0,0.0,0.0037670756855051487,0.0,0.0,0.0,0.0,0.0,0.0,0.0,6.488174118921559e-07,0.0,0.0026609859757726045,0.00025850120360973564,0.0,0.0,0.0057265608043654695,0.0,0.00042129030876463485,0.0,0.0,0.001184234100868138
2018-05-01 05:00:00,0.0,0.0,0.0,0.003547672571052785,0.0,0.0,0.0,0.0,0.0,0.0,0.0,6.110288000445624e-07,0.0,0.0025900856938542416,0.0002499171213061916,0.0,0.0,0.005393032789408655,0.0,0.0018352476206729641,0.0,0.0,0.000625781007514662
2018-05-01 06:00:00,0.0,0.0,0.0,0.003442831796162554,0.0,0.0,0.0,0.0,0.0,0.0,0.0,5.929716846840236e-07,0.0,0.0024791029989958044,0.0002296606710189407,0.0,0.0,0.005233657952716147,0.0,0.0038315905846604994,0.0,0.0,0.000580627138513095
2018-05-01 07:00:00,0.0,0.0,0.0,0.003295597163085508,0.0,0.0,0.0,0.0,0.0,0.0,0.0,5.676129179511142e-07,0.0,0.0023713580012262258,0.00028055090389140727,0.0,0.0,0.005009837634460163,0.0,0.005798328951159239,0.0,0.0,0.0004675737493460885
2018-05-01 08:00:00,0.0,0.0,0.0,0.0032238310798869754,0.0,0.0,0.0,0.0,0.0,0.0,0.0,5.552523793663244e-07,0.0,0.0022905056235400017,0.0002573070796307104,0.0,0.0,0.004900741647695448,0.0,0.007411319547141846,0.0,0.0,0.0002122910870231879
2018-05-01 09:00:00,0.0,0.0,0.0,0.00316249386363177,0.0,0.0,0.0,0.0,0.0,0.0,0.0,5.446880432006083e-07,0.0,0.002239265159364978,0.0002763421735552806,0.0,0.0,0.004807499215692426,0.0,0.0083006100818815,0.0,0.0,8.675494319019762e-05
2018-05-01 10:00:00,0.0,0.0,0.0,0.003121995066609265,0.0,0.0,0.0,0.0,0.0,0.0,0.0,5.377127852385789e-07,0.0,0.0021986384847736476,0.0002801859090975436,0.0,0.0,0.0047459345318329,0.0,0.008651869085442588,0.0,0.0,7.620605519045257e-05
2018-05-01 11:00:00,0.0,0.0,0.0,0.0030109910452719465,0.0,0.0,0.0,0.0,0.0,0.0,0.0,5.185941510919855e-07,0.0,0.0021117301404688896,0.00021950170137921486,0.0,0.0,0.004577190569463588,0.0,0.00805579059436486,0.0,0.0,0.00011345708083697186
2018-05-01 12:00:00,0.0,0.0,0.0,0.0029852607190962214,0.0,0.0,0.0,0.0,0.0,0.0,0.0,5.141625216185691e-07,0.0,0.0020658299730050905,0.00018999413091197044,0.0,0.0,0.0045380763361264655,0.0,0.007134076480424744,0.0,0.0,0.00023823032699362893
2018-05-01 13:00:00,0.0,0.0,0.0,0.0030708881037216427,0.0,0.0,0.0,0.0,0.0,0.0,0.0,5.289104435394184e-07,0.0,0.002131100403666823,0.0001896344401712887,0.0,0.0,0.004668243730018504,0.0,0.0062779144789137376,0.0,0.0,0.0003519810679915255
2018-05-01 14:00:00,0.0,0.0,0.0,0.0032573105001474753,0.0,0.0,0.0,0.0,0.0,0.0,0.0,5.610186640440253e-07,0.0,0.0022989986637782637,0.00021200336492283695,0.0,0.0,0.00495163575012996,0.0,0.0052354868896593845,0.0,0.0,0.000492266094704073
2018-05-01 15:00:00,0.0,0.0,0.0,0.0034430528021536845,0.0,0.0,0.0,0.0,0.0,0.0,0.0,5.930097493652641e-07,0.0,0.0024936776520414856,0.00021695872817688894,0.0,0.0,0.005233993917361403,0.0,0.0038498006599346126,0.0,0.0,0.0008012073702798707
2018-05-01 16:00:00,0.0,0.0,0.0,0.0036949840493371196,0.0,0.0,0.0,0.0,0.0,0.0,0.0,6.364008021124299e-07,0.0,0.002703491565844569,0.0003813714391934421,0.0,0.0,0.0056169699247367675,0.0,0.0023942673028142895,0.0,0.0,0.0007886942278864085
2018-05-01 17:00:00,0.0,0.0,0.0,0.003632586723459216,0.0,0.0,0.0,0.0,0.0,0.0,0.0,6.256538793359993e-07,0.044795211026789385,0.0025639758218353416,0.0005433762129742932,0.0,0.0,0.005522115955636938,0.0,0.0008467692761200903,0.0,0.0,0.0007579676030266708
2018-05-01 18:00:00,0.0,0.0,0.0,0.003062278321977379,0.0,0.0,0.0,0.0,0.0,0.0,0.0,5.274275489085077e-07,0.09033443205352192,0.002144815291451791,0.0006528251857764905,0.0,0.0,0.004655155477276315,0.0,0.0001285514854227393,0.0,0.0,0.0008971265428203319
2018-05-01 19:00:00,0.0,0.0,0.0,0.0028835790311632823,0.0,0.0,0.0,0.0,0.0,0.0,0.0,4.966495075171207e-07,0.09525470882229747,0.0019957671495903426,0.0006764233203359458,0.0,0.0,0.004383503819604169,0.0,0.0,0.0,0.0,0.001245897100869917
2018-05-01 20:00:00,0.0,0.0,0.0,0.0029991246428073886,0.0,0.0,0.0,0.0,0.0,0.0,0.0,5.165503566003724e-07,0.09998538883110283,0.002045197844173829,0.0005787758781765456,0.0,0.0,0.004559151729547567,0.0,0.0,0.0,0.0,0.0014822939831138568
2018-05-01 21:00:00,0.0,0.0,0.0,0.003401575806941122,0.0,0.0,0.0,0.0,0.0,0.0,0.0,5.858660127022537e-07,0.07811780682766256,0.0023382581951875295,0.0004978659893570732,0.0,0.0,0.0051709422149544045,0.0,0.0,0.0,0.0,0.0014762306014204812
2018-05-01 22:00:00,0.0,0.0,0.0,0.00408617877281259,0.0,0.0,0.0,0.0,0.0,0.0,0.0,7.112913608417051e-07,0.02376110205935417,0.0028569385849577873,0.0005640868048483443,0.0,0.0,0.006277965345598533,0.0,0.0,0.0,0.0,0.0011404217941798805
2018-05-01 23:00:00,0.0,0.0,0.0,0.004475458886073747,0.0,0.0,0.0,0.0,0.0,0.0,0.0,7.818366608394597e-07,9.220727409602262e-05,0.0032195686261855404,0.000537429646213051,0.0,0.0,0.006900608854380467,0.0,0.0,0.0,0.0,0.0004613640263843558
2018-05-02 00:00:00,0.0,0.0,0.0,0.004566957209734965,0.0,0.0,0.0,0.0,0.0,0.0,0.0,7.89363421067421e-07,0.0,0.003287227586209817,0.0005587050751439881,0.0,0.0,0.006967041180818193,0.0,0.0,0.0,0.0,0.00021397675046051526
2018-05-02 01:00:00,0.0,0.0,0.0,0.004361748023386778,0.0,0.0,0.0,0.0,0.0,0.0,0.0,7.512400334160126e-07,0.0,0.003122139841445772,0.0004996002949300889,0.0,0.0,0.00663055838388229,0.0,0.0,0.0,0.0,0.0004040628157093265
2018-05-02 02:00:00,0.0,0.0,0.0,0.004302737000037756,0.0,0.0,0.0,0.0,0.0,0.0,0.0,7.410763460789779e-07,0.0,0.003027656487945379,0.0004674528875685882,0.0,0.0,0.0065408521391587555,0.0,0.0,0.0,0.0,0.0005328439115810473
2018-05-02 03:00:00,0.0,0.0,0.0,0.004282555235945598,0.0,0.0,0.0,0.0,0.0,0.0,0.0,7.37600366024721e-07,0.011852412820327013,0.002985663405057688,0.0005426108007866077,0.0,0.0,0.006510172612421929,0.0,1.5401915516642186e-05,0.0,0.0,0.0006279478414849227
2018-05-02 04:00:00,0.0,0.0,0.0,0.003528818789502279,0.0,0.0,0.0,0.0,0.0,0.0,0.0,6.077815433470006e-07,0.0735315040891283,0.002420501756973021,0.0006043064524781173,0.0,0.0,0.005364372009680594,0.0,0.00038870569568326304,0.0,0.0,0.0006217896985504267
2018-05-02 05:00:00,0.0,0.0,0.0,0.0033043283073677394,0.0,0.0,0.0,0.0,0.0,0.0,0.0,5.711277284301704e-07,0.0945410880254856,0.002291336230443295,0.0006154329561187036,0.0,0.0,0.005040859884410942,0.0,0.0015910051037240054,0.0,0.0,0.0007271244353209618
2018-05-02 06:00:00,0.0,0.0,0.0,0.00314038529709581,0.0,0.0,0.0,0.0,0.0,0.0,0.0,5.486070628580153e-07,0.1107464268066164,0.002148116226751804,0.0008089516362978997,0.0,0.0,0.0048420890771084385,0.0,0.0031746760398131393,0.0,0.0,0.00041817777145212987
2018-05-02 07:00:00,0.0,0.0,0.0,0.003030056553677835,0.0,0.0,0.0,0.0,0.0,0.0,0.0,5.293332724949903e-07,0.10067529871315883,0.0020335857643300204,0.0009344643219296253,0.0,0.0,0.004671975682459278,0.0,0.0047725294247365066,0.0,0.0,0.0004048503969331214
2018-05-02 08:00:00,0.0,0.0,0.0,0.002982138182928567,0.0,0.0,0.0,0.0,0.0,0.0,0.0,5.209622115751698e-07,0.08884821162373094,0.002012597346075639,0.0008654629757423807,0.0,0.0,0.00459809143016309,0.0,0.0062106615479986275,0.0,0.0,0.0005608613450314564
2018-05-02 09:00:00,0.0,0.0,0.0,0.002844553956516808,0.0,0.0,0.0,0.0,0.0,0.0,0.0,4.969270467127086e-07,0.07001947200940377,0.0019307020434809604,0.0007252092510232405,0.0,0.0,0.004385953422604947,0.0,0.007040328832376805,0.0,0.0,0.0007201241140779381
2018-05-02 10:00:00,0.0,0.0,0.0,0.002834469818633993,0.0,0.0,0.0,0.0,0.0,0.0,0.0,4.951654064227535e-07,0.0571523689803978,0.0019375283002096824,0.0005285276200445227,0.0,0.0,0.004370404918432677,0.0,0.0075583274407076935,0.0,0.0,0.0008023905448560333
2018-05-02 11:00:00,0.0,0.0,0.0,0.002934870547529119,0.0,0.0,0.0,0.0,0.0,0.0,0.0,5.127048303395885e-07,0.04988002162128959,0.002042302028197129,0.00043924710479213984,0.0,0.0,0.00452521053198793,0.0,0.007624856691907784,0.0,0.0,0.000910288295758063
2018-05-02 12:00:00,0.0,0.0,0.0,0.0030477173520075214,0.0,0.0,0.0,0.0,0.0,0.0,0.0,5.324185113376052e-07,0.04045878979763683,0.0020945278756874276,0.0004415861580240864,0.0,0.0,0.004699206468046089,0.0,0.007521310797951452,0.0,0.0,0.0010221268651743529
2018-05-02 13:00:00,0.0,0.0,0.0,0.003034584709635083,0.0,0.0,0.0,0.0,0.0,0.0,0.0,5.301243150279451e-07,0.055185320025631465,0.0020604192497882846,0.00047586730549899496,0.0,0.0,0.004678957543736081,0.0,0.006744621811953366,0.0,0.0,0.0010905939490921666
2018-05-02 14:00:00,0.0,0.0,0.0,0.003039382282845626,0.0,0.0,0.0,0.0,0.0,0.0,0.0,5.30962423189487e-07,0.06718601976816421,0.00205736152796862,0.0005677779051075918,0.0,0.0,0.004686354813383496,0.0,0.005613970548240627,0.0,0.0,0.0012198824178096333
2018-05-02 15:00:00,0.0,0.0,0.0,0.0031628919655127385,0.0,0.0,0.0,0.0,0.0,0.0,0.0,5.52538847045882e-07,0.08355734772439927,0.002173441177093077,0.0006877359974953998,0.0,0.0,0.0048767916002047254,0.0,0.004250137159176348,0.0,0.0,0.001157531475714984
2018-05-02 16:00:00,0.0,0.0,0.0,0.003043123292427075,0.0,0.0,0.0,0.0,0.0,0.0,0.0,5.316159558246386e-07,0.08993370333907767,0.0020880938870441908,0.000996884945220388,0.0,0.0,0.004692122991462933,0.0,0.002349910237524141,0.0,0.0,0.000986668011957335
2018-05-02 17:00:00,0.0,0.0,0.0,0.0029180019122239374,0.0,0.0,0.0,0.0,0.0,0.0,0.0,5.061426729672451e-07,0.10280595518290214,0.0019511715236178002,0.001130125555975933,0.0,0.0,0.004467291936537559,0.0,0.0007802966311375189,0.0,0.0,0.0011442158191839293
2018-05-02 18:00:00,0.0,0.0,0.0,0.002829632802462125,0.0,0.0,0.0,0.0,0.0,0.0,0.0,4.87358148540208e-07,0.09754878287532427,0.0018760919547716104,0.001175869885158117,0.0,0.0,0.004301496877186721,0.0,0.00012856078761840512,0.0,0.0,0.00167172091709933
2018-05-02 19:00:00,0.0,0.0,0.0,0.002937224783436764,0.0,0.0,0.0,0.0,0.0,0.0,0.0,5.058891143248666e-07,0.08736639302091861,0.001954630054911483,0.0010333788198472584,0.0,0.0,0.004465053989533611,0.0,0.0,0.0,0.0,0.0021061737512571696
2018-05-02 20:00:00,0.0,0.0,0.0,0.003157073307283928,0.0,0.0,0.0,0.0,0.0,0.0,0.0,5.437544406838991e-07,0.08398712580422603,0.0021053697631816855,0.000867208298082787,0.0,0.0,0.004799259098394322,0.0,0.0,0.0,0.0,0.0019930047592558934
2018-05-02 21:00:00,0.0,0.0,0.0,0.003484133081987527,0.0,0.0,0.0,0.0,0.0,0.0,0.0,6.000851582677602e-07,0.06542879857913544,0.002318580203928343,0.0007560965695311239,0.0,0.0,0.005296442548599165,0.0,0.0,0.0,0.0,0.00201701968514533
2018-05-02 22:00:00,0.0,0.0,0.0,0.0039529959376322235,0.0,0.0,0.0001369550387548243,0.0,0.0,0.0,0.0,6.808391462224685e-07,0.050506157305217785,0.0026367408767742078,0.0005985152540165831,0.0,0.0,0.006009189484395796,0.0,0.0,0.0,0.0,0.0015621739998075265
2018-05-02 23:00:00,0.0,0.0,0.0,0.004140374305204458,0.0,0.0,0.0010041284635456465,0.0,0.0,0.0,0.0,7.131120171819199e-07,0.03931072948620695,0.002741543886172691,0.0005229177120637388,0.0,0.0,0.0062940347343741635,0.0,0.0,0.0,0.0,0.0013415309618715952
2018-05-03 00:00:00,0.0,0.0,0.0,0.0041886968411759,0.0,0.0,0.0013242300972666086,0.0,0.0,0.0,0.0,7.214347867099369e-07,0.02505714039447431,0.0028211421211446486,0.0005326997322076937,0.0,0.0,0.006367492759527829,0.0,0.0,0.0,0.0,0.0012509139584850836
2018-05-03 01:00:00,0.0,0.0,0.0,0.004258296575568438,0.0,0.0,0.0008022076632315034,0.0,0.0,0.0,0.0,7.33422207008049e-07,0.02553836454969283,0.0028601863259637055,0.000569554123554041,0.0,0.0,0.006473295547748983,0.0,0.0,0.0,0.0,0.0008765854521293376
2018-05-03 02:00:00,0.0,0.0,0.0,0.004254086235890116,0.0,0.0,0.0007829911855798732,0.0,0.0,0.0,0.0,7.326970445952556e-07,0.03488880626871639,0.002824789213508971,0.0007167235621304097,0.0,0.0,0.006466895154396728,0.0,0.0,0.0,0.0,0.0006134083657232946
2018-05-03 03:00:00,0.0,0.0,0.0,0.003998150903652816,0.0,0.0,0.0009609788589674852,0.0,0.0,0.0,0.0,6.88616353433964e-07,0.05433161048231183,0.0026624363129912685,0.0006371368780711691,0.0,0.0,0.006077832293864943,0.0,6.197877193360816e-06,0.0,0.0,0.0006098359002756709
2018-05-03 04:00:00,0.0,0.0,0.0,0.0035181967584613813,0.0,0.0,0.0008532372305287624,0.0,0.0,0.0,0.0,6.059520715592392e-07,0.10110371172226179,0.0023201528033557762,0.0007884471575180818,0.0,0.0,0.0053482248144289535,0.0,0.00035440734670802194,0.0,0.0,0.00025352095772258876
2018-05-03 05:00:00,0.0,0.0,0.0,0.0030929725669947873,0.0,0.0,0.0007621762445465916,0.0,0.0,0.0,0.0,5.364922469430387e-07,0.1023796071870919,0.0021154445105378136,0.0012024504815640609,0.0,0.0,0.00473516187586628,0.0,0.0013307585752953789,0.0,0.0,9.257983167460365e-05
2018-05-03 06:00:00,0.0,0.0,0.0,0.0030356401360730483,0.0,0.0,0.0007467242721562941,0.0,0.0,0.0,0.0,5.303086918936533e-07,0.09893241082840368,0.00207260009785143,0.0012503748623752316,0.0,0.0,0.004680584881894774,0.0,0.002522288581112624,0.0,0.0,7.016840549111446e-05
2018-05-03 07:00:00,0.0,0.0,0.0,0.003104033239998167,0.0,0.0,0.000755453853959037,0.0,0.0,0.0,0.0,5.365082668629028e-07,0.09842276534672945,0.002090029309983359,0.0011369638043138134,0.0,0.0,0.004735303270106788,0.0,0.0038944664293630994,0.0,0.0,7.374905805902189e-05
2018-05-03 08:00:00,0.0,0.0,0.0,0.0033085819539451547,0.0,0.0,0.0008310584279433403,0.0,0.0,0.0,0.0,5.698493366224813e-07,0.06654531209883602,0.0022784399922511273,0.0009200772379816833,0.0,0.0,0.005029576604578509,0.0,0.005576451635259636,0.0,0.0,9.053172925901489e-05
2018-05-03 09:00:00,0.0,0.0,0.0,0.003057006821224324,0.0,0.0,0.0007546279777352377,0.0,0.0,0.0,0.0,5.265196187895178e-07,0.08638072669077229,0.0020685790194593977,0.0008362789666171677,0.0,0.0,0.004647141948451083,0.0,0.006264999533788717,0.0,0.0,7.981955784085552e-05
2018-05-03 10:00:00,0.0,0.0,0.0,0.0030854240597628186,0.0,0.0,0.0007482806848216632,0.0,0.0,0.0,0.0,5.314140251410047e-07,0.07105055804048482,0.002084717058333628,0.000646711127311008,0.0,0.0,0.004690340720646982,0.0,0.007034480413563491,0.0,0.0,8.943403106816432e-05
2018-05-03 11:00:00,0.0,0.0,0.0,0.0031646371382573783,0.0,0.0,0.0007400811478575696,0.0,0.0,0.0,0.0,5.450571873356499e-07,0.053900680935502175,0.002146141104469628,0.0006036609499628019,0.0,0.0,0.004810757337771371,0.0,0.007414085154696502,0.0,0.0,0.0001111045369439813
2018-05-03 12:00:00,0.0,0.0,0.0,0.003238941799265738,0.0,0.0,0.0006382285280431322,0.0,0.0,0.0,0.0,5.578549545885007e-07,0.042939983102998604,0.0022238958293135953,0.0005282596315488553,0.0,0.0,0.004923712371021541,0.0,0.00739269260201801,0.0,0.0,0.00018179638765489738
2018-05-03 13:00:00,0.0,0.0,0.0,0.0033282525560064838,0.0,0.0,0.0006604783319294163,0.0,0.0,0.0,0.0,5.773027899502994e-07,0.03861566111582472,0.0023102460965648006,0.000567510070291884,0.0,0.0,0.0050953619132060556,0.0,0.006846519569079596,0.0,0.0,0.0002457374850146389
2018-05-03 14:00:00,0.0,0.0,0.0,0.003405358816410709,0.0,0.0,0.0006562729824004913,0.0,0.0,0.0,0.0,5.865175744488534e-07,0.059695411519463254,0.002334900874212953,0.0006895354796241123,0.0,0.0,0.005176692997672796,0.0,0.005570065240584846,0.0,0.0,0.00023333009756329413
2018-05-03 15:00:00,0.0,0.0,0.0,0.0033010690834318797,0.0,0.0,0.0006290265154502202,0.0,0.0,0.0,0.0,5.685553670797244e-07,0.08482835122399571,0.0022409349063225335,0.0010254880280284528,0.0,0.0,0.005018155833295592,0.0,0.0038478660109854583,0.0,0.0,0.00016215902802312098
2018-05-03 16:00:00,0.0,0.0,0.0,0.003104050905113296,0.0,0.0,0.0007998479579071213,0.0,0.0,0.0,0.0,5.346221957754611e-07,0.09326907987186556,0.0021286790908828456,0.0011385593400669363,0.0,0.0,0.0047186565208586564,0.0,0.0021297824669969227,0.0,0.0,0.00011104413502062668
2018-05-03 17:00:00,0.0,0.0,0.0,0.0030999429189578383,0.0,0.0,0.0008592021025104592,0.0,0.0,0.0,0.0,5.339146620893904e-07,0.10146268908683072,0.002112975544113301,0.001190250482153363,0.0,0.0,0.004712411721320055,0.0,0.0008083104730536505,0.0,0.0,7.77366274232357e-05
2018-05-03 18:00:00,0.0,0.0,0.0,0.0030801566933532677,0.0,0.0,0.0008403786812699228,0.0,0.0,0.0,0.0,5.305068070953248e-07,0.1048662442111106,0.0021180041442826615,0.0011960413403226207,0.0,0.0,0.004682333476688697,0.0,0.00015833287877883146,0.0,0.0,0.00011290904827635764
2018-05-03 19:00:00,0.0,0.0,0.0,0.003126719323265813,0.0,0.0,0.0008463121359180131,0.0,0.0,0.0,0.0,5.385264614778989e-07,0.1011323690330693,0.002153341512989163,0.001102863733884411,0.0,0.0,0.004753116161632177,0.0,0.0,0.0,0.0,0.00042502648318614946
2018-05-03 20:00:00,0.0,0.0,0.0,0.0032633740804533583,0.0,0.0,0.0006218436435459419,0.0,0.0,0.0,0.0,5.620630169610641e-07,0.08406408552037394,0.002194801922637288,0.0008782547699225658,0.0,0.0,0.004960853367245379,0.0,0.0,0.0,0.0,0.0013902528023390333
2018-05-03 21:00:00,0.0,0.0,0.0,0.0036756451764762507,0.0,0.0,0.0007004028752365786,0.0,0.0,0.0,0.0,6.330699963399894e-07,0.046676328427962085,0.00251318901569183,0.0005032953432141286,0.0,0.0,0.00558757172821213,0.0,0.0,0.0,0.0,0.002492789558605322
2018-05-03 22:00:00,0.0,0.0,0.0,0.00378734942133702,0.0,0.0,0.0007216883830917243,0.0,0.0,0.0,0.0,6.523092325801325e-07,0.019527710237171224,0.0025559826957126572,0.00046417278569384766,0.0,0.0,0.005757380142936123,0.0,0.0,0.0,0.0,0.0034581215755474628
2018-05-03 23:00:00,0.0,0.0,0.0,0.003983084433038286,0.0,0.0,0.0007616680820292657,0.0,0.0,0.0,0.0,6.88445503225101e-07,0.011745924167870177,0.002729793634038539,0.00047143275435166255,0.0,0.0,0.006076324344029505,0.0,0.0,0.0,0.0,0.0029514627802884916
2018-05-04 00:00:00,0.0,0.0,0.0,0.00386103443909665,0.0,0.0,0.0007462396550464806,0.0,0.0,0.0,0.0,6.745002803271732e-07,0.01561799649010079,0.002670575098038339,0.0005432884200817762,0.0,0.0,0.0059532416933612345,0.0,0.0,0.0,0.0,0.0028841721811715126
2018-05-04 01:00:00,0.0,0.0,0.0,0.003805317578685036,0.0,0.0,0.0007354710044815395,0.0,0.0,0.0,0.0,6.647668685797827e-07,0.015190085301408647,0.0026146653176849373,0.0005373607945480742,0.0,0.0,0.00586733312619932,0.0,0.0,0.0,0.0,0.003168704191674202
2018-05-04 02:00:00,0.0,0.0,0.0,0.003747279022219131,0.0,0.0,0.0006995631493859915,0.0,0.0,0.0,0.0,6.546278700229098e-07,0.012281977416297614,0.002579333226460632,0.0005334448734753744,0.0,0.0,0.005777844788391029,0.0,0.0,0.0,0.0,0.0034519043338322175
2018-05-04 03:00:00,0.0,0.0,0.0,0.0035260027005943034,0.0,0.0,0.0006505098449095811,0.0,0.0,0.0,0.0,6.159721824552455e-07,0.03178856963974354,0.002406328301250632,0.0006715689152205923,0.0,0.0,0.005436663831725245,0.0,5.544044840564711e-06,0.0,0.0,0.0031262459025494693
2018-05-04 04:00:00,0.0,0.0,0.0,0.002861917302426469,0.0,0.0,0.0005908495144321349,0.0,0.0,0.0,0.0,4.999603223460188e-07,0.09048470016087905,0.001933372213181161,0.0009237958990593739,0.0,0.0,0.004412725573031514,0.0,0.0002914638337567077,0.0,0.0,0.0023452411220230523
2018-05-04 05:00:00,0.0,0.0,0.0,0.0027366351540982566,0.0,0.0,0.0007693409409555823,0.0,0.0,0.0,0.0,4.780742590382955e-07,0.09620267763775435,0.0018758822345832822,0.0010632655666287913,0.0,0.0,0.004219555861487609,0.0,0.0012229326174418979,0.0,0.0,0.0018412189520525999
2018-05-04 06:00:00,0.0,0.0,0.0,0.0027527319200161696,0.0,0.0,0.0007496828180079776,0.0,0.0,0.0,0.0,4.808862705070493e-07,0.08453245607047552,0.0018666675221166388,0.0010334895883985845,0.0,0.0,0.004244375100865649,0.0,0.002459781930417669,0.0,0.0,0.0018353759903640152
2018-05-04 07:00:00,0.0,0.0,0.0,0.002798782285218946,0.0,0.0,0.0005798205604726733,0.0,0.0,0.0,0.0,4.854634059559105e-07,0.08533704652145993,0.0019220718876478496,0.0010704316775839756,0.0,0.0,0.004284773591993193,0.0,0.0036115739487123802,0.0,0.0,0.00159449926602477
2018-05-04 08:00:00,0.0,0.0,0.0,0.002849539706577371,0.0,0.0,0.0005820357182034276,0.0,0.0,0.0,0.0,4.977980282764673e-07,0.0766882117134649,0.0019840892146457886,0.001064823268258573,0.0,0.0,0.00439364083788223,0.0,0.0046547731325539765,0.0,0.0,0.0012390467287070569
2018-05-04 09:00:00,0.0,0.0,0.0,0.0028160731641306406,0.0,0.0,0.0003401720209613916,0.0,0.0,0.0,0.0,4.919516177826044e-07,0.07030956448796255,0.001973856385624764,0.0009097054838089919,0.0,0.0,0.004342039532851361,0.0,0.00536252144896594,0.0,0.0,0.0009584984615943277
2018-05-04 10:00:00,0.0,0.0,0.0,0.0028486577934167968,0.0,0.0,0.0,0.0,0.0,0.0,0.0,4.976439631720466e-07,0.06652079975345848,0.0020050774003946,0.0006726371308866056,0.0,0.0,0.004392281035922347,0.0,0.0057765718636887285,0.0,0.0,0.0009156881900475428
2018-05-04 11:00:00,0.0,0.0,0.0,0.0029626943158063794,0.0,0.0,0.0,0.0,0.0,0.0,0.0,5.175654809757846e-07,0.03551510021258869,0.002096802173907103,0.0006498222605359482,0.0,0.0,0.004568111371125062,0.0,0.0058819892703759315,0.0,0.0,0.0010250190334803368
2018-05-04 12:00:00,0.0,0.0,0.0,0.003070674666859356,0.0,0.0,0.0,0.0,0.0,0.0,0.0,5.364290208389771e-07,0.03359882303577081,0.002177135617867149,0.000589966683917039,0.0,0.0,0.0047346038326900415,0.0,0.005842409054660598,0.0,0.0,0.0012320864181652614
2018-05-04 13:00:00,0.0,0.0,0.0,0.0032301644700031863,0.0,0.0,0.0,0.0,0.0,0.0,0.0,5.642909626648595e-07,0.026126672044778976,0.0022973679894487575,0.0005231387999638305,0.0,0.0,0.004980517553667876,0.0,0.005540197193956861,0.0,0.0,0.0013591373882595958
2018-05-04 14:00:00,0.0,0.0,0.0,0.0031536060483766067,0.0,0.0,0.0,0.0,0.0,0.0,0.0,5.509166512819714e-07,0.04377577184903292,0.002224647122215523,0.0006627371686181996,0.0,0.0,0.004862473854551866,0.0,0.004354935183277206,0.0,0.0,0.0014828256099335096
2018-05-04 15:00:00,0.0,0.0,0.0,0.0030616608636248807,0.0,0.0,0.0,0.0,0.0,0.0,0.0,5.348543617924523e-07,0.06973906879080748,0.002140283552168835,0.0009319022520677075,0.0,0.0,0.004720705653308926,0.0,0.0028345334940643465,0.0,0.0,0.0016566678349899833
2018-05-04 16:00:00,0.0,0.0,0.0,0.002903128580625878,0.0,0.0,0.0,0.0,0.0,0.0,0.0,5.071596931717932e-07,0.07538900349519331,0.0020435936921742704,0.0009902832001010286,0.0,0.0,0.004476268310990316,0.0,0.0014847469604489004,0.0,0.0,0.0019293508897929488
2018-05-04 17:00:00,0.0,0.0,0.0,0.0028200244325179875,0.0,0.0,0.0,0.0,0.0,0.0,0.0,4.926418814093481e-07,0.0819557069451297,0.0019386886561086416,0.0010318922241792726,0.0,0.0,0.004348131904229099,0.0,0.0005454596107995672,0.0,0.0,0.0022849709131560043
2018-05-04 18:00:00,0.0,0.0,0.0,0.0028626055313825094,0.0,0.0,0.0,0.0,0.0,0.0,0.0,5.00080551945392e-07,0.08364045487333237,0.001974691467214772,0.0009652787677290774,0.0,0.0,0.0044137867376961406,0.0,0.00011435021894554647,0.0,0.0,0.002351802349946538
2018-05-04 19:00:00,0.0,0.0,0.0,0.0030479642097940903,0.0,0.0,0.0,0.0,0.0,0.0,0.0,5.286853122991668e-07,0.07089876565937264,0.0021266591758379266,0.0008887317638258675,0.0,0.0,0.004666256687573845,0.0,0.0,0.0,0.0,0.002348939609003063
2018-05-04 20:00:00,0.0,0.0,0.0,0.0033823581717957,0.0,0.0,0.0,0.0,0.0,0.0,0.0,5.825560881510383e-07,0.0398773926977091,0.0023767874704235673,0.0007103963915285653,0.0,0.0,0.005141728319252806,0.0,0.0,0.0,0.0,0.0028531446641444835
2018-05-04 21:00:00,0.0,0.0,0.0,0.0036321464445341674,0.0,0.0,0.0,0.0,0.0,0.0,0.0,6.345148777281643e-07,0.01984311688685418,0.0025749486593738503,0.0006092323165713223,0.0,0.0,0.0056003244703130995,0.0,0.0,0.0,0.0,0.0030174373305512448
2018-05-04 22:00:00,0.0,0.0,0.0,0.0036371908264326456,0.0,0.0,0.0,0.0,0.0,0.0,0.0,6.353961019333016e-07,0.023074211968980938,0.002594191543719391,0.0005771775819096107,0.0,0.0,0.00560810228869544,0.0,0.0,0.0,0.0,0.002913092055993427
2018-05-04 23:00:00,0.0,0.0,0.0,0.0038996996370425276,0.0,0.0,0.0,0.0,0.0,0.0,0.0,6.812548657277382e-07,0.0,0.002775331307026666,0.0005150570254176963,0.0,0.0,0.00601285868775078,0.0,0.0,0.0,0.0,0.0031163363069002196
2018-05-05 00:00:00,0.0,0.0,0.0,0.003935325773741411,0.0,0.0,0.0,0.0,0.0,0.0,0.0,6.874785447882111e-07,0.0,0.0027890469664257696,0.0005028624786264019,0.0,0.0,0.0060677898223248615,0.0,0.0,0.0,0.0,0.0030832960822465495
2018-05-05 01:00:00,0.0,0.0,0.0,0.004034971163073664,0.0,0.0,0.0,0.0,0.0,0.0,0.0,7.048860152726341e-07,0.0,0.002849080783603789,0.0004060059599418166,0.0,0.0,0.006221430794888363,0.0,0.0,0.0,0.0,0.0030756576281364425
2018-05-05 02:00:00,0.0,0.0,0.0,0.004043621669442764,0.0,0.0,0.0,0.0,0.0,0.0,0.0,7.063972084678688e-07,0.0,0.0028645719519401706,0.0004454857606507426,0.0,0.0,0.006234768815047868,0.0,0.0,0.0,0.0,0.0028965708711024118
2018-05-05 03:00:00,0.0,0.0,0.0,0.004007890938608159,0.0,0.0,0.0,0.0,0.0,0.0,0.0,7.001552574196741e-07,0.0,0.002827528074488268,0.0005133251249044897,0.0,0.0,0.006179676409141072,0.0,1.8329040694039572e-05,0.0,0.0,0.002859588991777168
2018-05-05 04:00:00,0.0,0.0,0.0,0.0037565235867935845,0.0,0.0,0.0,0.0,0.0,0.0,0.0,6.562428417345918e-07,0.0068688190557405415,0.002615607677238482,0.0006250318271534405,0.0,0.0,0.0057920987734641285,0.0,0.00045463173820571763,0.0,0.0,0.0030707533612500254
2018-05-05 05:00:00,0.0,0.0,0.0,0.0033551121432846224,0.0,0.0,0.0,0.0,0.0,0.0,0.0,5.861185951255207e-07,0.03349678363704535,0.002368169255203931,0.0007440170086351173,0.0,0.0,0.005173171545700531,0.0,0.0016513948535072588,0.0,0.0,0.0027102484290562074
2018-05-05 06:00:00,0.0,0.0,0.0,0.0031053018435271192,0.0,0.0,0.0,0.0,0.0,0.0,0.0,5.424781873868957e-07,0.05096389848403907,0.0021709323987913853,0.0009438378577032296,0.0,0.0,0.0047879946933812876,0.0,0.0030747038727672376,0.0,0.0,0.002218152521473373
2018-05-05 07:00:00,0.0,0.0,0.0,0.0031592606152415037,0.0,0.0,0.0,0.0,0.0,0.0,0.0,5.519044712550027e-07,0.049593015404954754,0.002212967628053715,0.0008444121711569617,0.0,0.0,0.004871192503336019,0.0,0.004823520475953021,0.0,0.0,0.0020442775398880203
2018-05-05 08:00:00,0.0,0.0,0.0,0.0033707589804376575,0.0,0.0,0.0,0.0,0.0,0.0,0.0,5.888520066535529e-07,0.0037096425776456604,0.0023628028702737335,0.0006453117739709468,0.0,0.0,0.005197297050090092,0.0,0.006777576098366461,0.0,0.0,0.0023137385468488298
2018-05-05 09:00:00,0.0,0.0,0.0,0.003119665891811899,0.0,0.0,0.0,0.0,0.0,0.0,0.0,5.44987503153834e-07,0.0,0.0021605816658100997,0.000565672717812667,0.0,0.0,0.004810142294622164,0.0,0.0073984218365506635,0.0,0.0,0.002120151357923588
2018-05-05 10:00:00,0.0,0.0,0.0,0.002957079927846156,0.0,0.0,0.0,0.0,0.0,0.0,0.0,5.240714145170232e-07,0.0,0.0020578688604251556,0.0005066844008835234,0.0,0.0,0.004625533726521493,0.0,0.007635357478444998,0.0,0.0,0.001999971886817453
2018-05-05 11:00:00,0.0,0.0,0.0,0.002899948374658469,0.0,0.0,0.0,0.0,0.0,0.0,0.0,5.120908169941639e-07,0.0,0.002016426330217037,0.00026797340041573493,0.0,0.0,0.004519791157148697,0.0,0.007594734924121887,0.0,0.0,0.0022342097587282022
2018-05-05 12:00:00,0.0,0.0,0.0,0.002880471018411022,0.0,0.0,0.0,0.0,0.0,0.0,0.0,5.104943247825839e-07,0.0,0.0020093422518871426,0.0002662034357545875,0.0,0.0,0.004505700274944031,0.0,0.007174889643495256,0.0,0.0,0.0025559424279977547
2018-05-05 13:00:00,0.0,0.0,0.0,0.002925078754496228,0.0,0.0,0.0,0.0,0.0,0.0,0.0,5.18399974923601e-07,0.0,0.0020478404783649696,0.00026673334434114854,0.0,0.0,0.0045754767411744085,0.0,0.006513257224076418,0.0,0.0,0.0029406348979798182
2018-05-05 14:00:00,0.0,0.0,0.0,0.002979278150427684,0.0,0.0,0.0,0.0,0.0,0.0,0.0,5.280055164662183e-07,0.0,0.0021108142610885314,0.000304884350127226,0.0,0.0,0.004660256706530518,0.0,0.0054841573037110935,0.0,0.0,0.003185678078249156
2018-05-05 15:00:00,0.0,0.0,0.0,0.003217714818037859,0.0,0.0,0.0,0.0,0.0,0.0,0.0,5.702626906773346e-07,0.0,0.002312372753427132,0.0003797661277363012,0.0,0.0,0.005033224930109639,0.0,0.0043231766082260596,0.0,0.0,0.0037047936651920747
2018-05-05 16:00:00,0.0,0.0,0.0,0.0031435142776970147,0.0,0.0,0.0,0.0,0.0,0.0,0.0,5.491536775867729e-07,0.03308432358814815,0.002207420583380493,0.0006193278384986384,0.0,0.0,0.00484691358154284,0.0,0.0024899639057506893,0.0,0.0,0.00374163329275368
2018-05-05 17:00:00,0.0,0.0,0.0,0.0029736909362850063,0.0,0.0,0.0,0.0,0.0,0.0,0.0,5.194865266728596e-07,0.050034348934326664,0.0020404064797718774,0.0009300552849062446,0.0,0.0,0.004585066811578151,0.0,0.0008881822180846593,0.0,0.0,0.003270609577224708
2018-05-05 18:00:00,0.0,0.0,0.0,0.003000838365522197,0.0,0.0,0.0,0.0,0.0,0.0,0.0,5.242290248089114e-07,0.05648823279482461,0.0020586241968355563,0.0008030970273322912,0.0,0.0,0.004626924818843228,0.0,0.00016705522021563985,0.0,0.0,0.00343108476013419
2018-05-05 19:00:00,0.0,0.0,0.0,0.0030972992791080387,0.0,0.0,0.0,0.0,0.0,0.0,0.0,5.410801858851871e-07,0.05170999319878903,0.0021433533015855024,0.0006864209152603654,0.0,0.0,0.0047756557202628235,0.0,0.0,0.0,0.0,0.003584239269047193
2018-05-05 20:00:00,0.0,0.0,0.0,0.0032150146199436142,0.0,0.0,0.0,0.0,0.0,0.0,0.0,5.616443718941005e-07,0.030486272970006112,0.002249290984432185,0.0005963277810162052,0.0,0.0,0.004957158342439521,0.0,0.0,0.0,0.0,0.004153265522814434
2018-05-05 21:00:00,0.0,0.0,0.0,0.003492873829469497,0.0,0.0,0.0,0.0,0.0,0.0,0.0,6.101847611791398e-07,0.0,0.0024624401807130324,0.0005020161415070931,0.0,0.0,0.005385583174470002,0.0,0.0,0.0,0.0,0.004585093616396668
2018-05-05 22:00:00,0.0,0.0,0.0,0.003571206103356285,0.0,0.0,0.0,0.0,0.0,0.0,0.0,6.238689542441634e-07,0.0,0.0025097560272430283,0.00046596058732250944,0.0,0.0,0.005506361936274498,0.0,0.0,0.0,0.0,0.004311591281056456
2018-05-05 23:00:00,0.0,0.0,0.0,0.0036583089645467596,0.0,0.0,0.0,0.0,0.0,0.0,0.0,6.390853179459125e-07,0.0,0.0025834537176858594,0.00036167099580613804,0.0,0.0,0.0056406638683161895,0.0,0.0,0.0,0.0,0.004220307187734703
2018-05-06 00:00:00,0.0,0.0,0.0,0.003596453167850952,0.0,0.0,0.0,0.0,0.0,0.0,0.0,6.373849692634807e-07,0.0,0.002591188980765918,0.00038554498078613404,0.0,0.0,0.005625656333160541,0.0,0.0,0.0,0.0,0.004293942766705911
2018-05-06 01:00:00,0.0,0.0,0.0,0.003739090369520909,0.0,0.0,0.0,0.0,0.0,0.0,0.0,6.555385691557366e-07,0.0,0.0026759166570891023,0.00038143967310415983,0.0,0.0,0.005785882756952024,0.0,0.0,0.0,0.0,0.003949533122521983
2018-05-06 02:00:00,0.0,0.0,0.0,0.0037924509941944613,0.0,0.0,0.0,0.0,0.0,0.0,0.0,6.64893771649074e-07,0.0,0.002683279722101577,0.0003602795459815603,0.0,0.0,0.005868453191920796,0.0,0.0,0.0,0.0,0.003892034307025994
2018-05-06 03:00:00,0.0,0.0,0.0,0.003825247330964464,0.0,0.0,0.0,0.0,0.0,0.0,0.0,6.730560235178227e-07,0.0,0.0026878210218515457,0.0003597739307892546,0.0,0.0,0.005940494463887623,0.0,2.2985125099409795e-05,0.0,0.0,0.003676448267795246
2018-05-06 04:00:00,0.0,0.0,0.0,0.0038475961323905846,0.0,0.0,0.0,0.0,0.0,0.0,0.0,6.745618356476486e-07,0.0,0.002722179704868708,0.0003667531398574136,0.0,0.0,0.005953784989948339,0.0,0.0005279671618061472,0.0,0.0,0.0035249622587615465
2018-05-06 05:00:00,0.0,0.0,0.0,0.003740764989547111,0.0,0.0,0.0,0.0,0.0,0.0,0.0,6.55832164096582e-07,0.0,0.002689015399035533,0.00040579347633302277,0.0,0.0,0.005788474070393663,0.0,0.002128955954202614,0.0,0.0,0.0031960215702481697
2018-05-06 06:00:00,0.0,0.0,0.0,0.003547912150980288,0.0,0.0,0.0,0.0,0.0,0.0,0.0,6.287822395455753e-07,0.0,0.002558290228378124,0.00041109090851637966,0.0,0.0,0.005549727336943504,0.0,0.004240690328048155,0.0,0.0,0.0029349882557024214
2018-05-06 07:00:00,0.0,0.0,0.0,0.0032877736523752882,0.0,0.0,0.0,0.0,0.0,0.0,0.0,5.826789368751073e-07,0.0,0.0023547774386628462,0.000327082867862755,0.0,0.0,0.005142812600708924,0.0,0.006055981657894739,0.0,0.0,0.0028719589052846268
2018-05-06 08:00:00,0.0,0.0,0.0,0.00303457642143833,0.0,0.0,0.0,0.0,0.0,0.0,0.0,5.378058072314407e-07,0.0,0.002135145045442802,0.00031307490444100857,0.0,0.0,0.0047467555580392,0.0,0.007225968436650845,0.0,0.0,0.0031257759163858165
2018-05-06 09:00:00,0.0,0.0,0.0,0.002971203354195105,0.0,0.0,0.0,0.0,0.0,0.0,0.0,5.190519605369078e-07,0.0,0.0020494696544486146,0.00027494174656993354,0.0,0.0,0.0045812312650045945,0.0,0.008139090634364654,0.0,0.0,0.0027832321569574606
2018-05-06 10:00:00,0.0,0.0,0.0,0.0029698878752477736,0.0,0.0,0.0,0.0,0.0,0.0,0.0,5.244411665072509e-07,0.0,0.002033231380339508,0.00022698249745768413,0.0,0.0,0.00462879721362243,0.0,0.008783550515269897,0.0,0.0,0.002683023688277913
2018-05-06 11:00:00,0.0,0.0,0.0,0.0029426777405915515,0.0,0.0,0.0,0.0,0.0,0.0,0.0,5.140687016005789e-07,0.0,0.0019810567742937625,0.000210528325037444,0.0,0.0,0.004537248266429445,0.0,0.00865464268260138,0.0,0.0,0.0026638594279095513
2018-05-06 12:00:00,0.0,0.0,0.0,0.0029627096483378895,0.0,0.0,0.0,0.0,0.0,0.0,0.0,5.194232424888318e-07,0.0,0.00197535583733959,0.0002101402678461021,0.0,0.0,0.0045845082557793276,0.0,0.008397954023462936,0.0,0.0,0.0026095446370897482
2018-05-06 13:00:00,0.0,0.0,0.0,0.0031298160004051916,0.0,0.0,0.0,0.0,0.0,0.0,0.0,5.54684735797813e-07,0.0,0.0021023756774881503,0.00023963698515609114,0.0,0.0,0.004895731539534497,0.0,0.008073042362667935,0.0,0.0,0.002630208238010838
2018-05-06 14:00:00,0.0,0.0,0.0,0.003195780663555965,0.0,0.0,0.0,0.0,0.0,0.0,0.0,5.663753884582383e-07,0.0,0.0022025937865623336,0.00028356807446100566,0.0,0.0,0.004998915011610877,0.0,0.006752143128860542,0.0,0.0,0.0027625019930326692
2018-05-06 15:00:00,0.0,0.0,0.0,0.0033579345099512756,0.0,0.0,0.0,0.0,0.0,0.0,0.0,5.951132642422261e-07,0.0,0.002365606712786788,0.0003577966055957341,0.0,0.0,0.0052525598584490215,0.0,0.0050711347898645875,0.0,0.0,0.0029656012101118455
2018-05-06 16:00:00,0.0,0.0,0.0,0.0035776238591504897,0.0,0.0,0.0,0.0,0.0,0.0,0.0,6.340479264084312e-07,0.010175978212377474,0.002513273068058786,0.0005553920794256276,0.0,0.0,0.00559620308719958,0.0,0.0031302583036493144,0.0,0.0,0.003140078490436268
2018-05-06 17:00:00,0.0,0.0,0.0,0.003476255194559556,0.0,0.0,0.0,0.0,0.0,0.0,0.0,6.160827645811802e-07,0.030728615611975197,0.002407883316948662,0.0005502085876855109,0.0,0.0,0.005437639846327247,0.0,0.0011259283088255788,0.0,0.0,0.0028633150623130947
2018-05-06 18:00:00,0.0,0.0,0.0,0.0033790843060290546,0.0,0.0,0.0,0.0,0.0,0.0,0.0,5.988615577674883e-07,0.028221684745087437,0.002360801455553685,0.0006566726285624317,0.0,0.0,0.005285642865149512,0.0,0.00020885638188017431,0.0,0.0,0.003092991086041722
2018-05-06 19:00:00,0.0,0.0,0.0,0.003474816937541826,0.0,0.0,0.0,0.0,0.0,0.0,0.0,6.158278680588973e-07,0.022932524196995655,0.002417366276832526,0.0005298498716282856,0.0,0.0,0.005435390090992511,0.0,1.3302590789004697e-06,0.0,0.0,0.0034658802420915284
2018-05-06 20:00:00,0.0,0.0,0.0,0.0036762184579947343,0.0,0.0,0.0,0.0,0.0,0.0,0.0,6.515214516904068e-07,0.011288828906236417,0.0025362095520875872,0.0006114194850953247,0.0,0.0,0.005750427069416756,0.0,0.0,0.0,0.0,0.0033448854246206517
2018-05-06 21:00:00,0.0,0.0,0.0,0.004023920882959116,0.0,0.0,0.0,0.0,0.0,0.0,0.0,7.131433578033087e-07,0.0,0.002800606074019532,0.000586909580280611,0.0,0.0,0.006294311351448151,0.0,0.0,0.0,0.0,0.0027257784784906727
2018-05-06 22:00:00,0.0,0.0,0.0,0.004311118481775554,0.0,0.0,0.0,0.0,0.0,0.0,0.0,7.531273471783917e-07,0.0,0.0029372284130653337,0.0005387691436296891,0.0,0.0,0.006647216101167745,0.0,0.0,0.0,0.0,0.0022441697043005283
2018-05-06 23:00:00,0.0,0.0,0.0,0.00432052441252635,0.0,0.0,0.0,0.0,0.0,0.0,0.0,7.547705086233939e-07,0.0,0.002947306108900784,0.0005631372723654416,0.0,0.0,0.006661718893099226,0.0,0.0,0.0,0.0,0.0021425911698843094
2018-05-07 00:00:00,0.0,0.0,0.0,0.004446701951059257,0.0,0.0,0.0,0.0,0.0,0.0,0.0,7.768129913968319e-07,0.0,0.0030271754674918903,0.0005730825346045936,0.0,0.0,0.00685626918655259,0.0,0.0,0.0,0.0,0.0017435470220458747
2018-05-07 01:00:00,0.0,0.0,0.0,0.004496514167726407,0.0,0.0,0.0,0.0,0.0,0.0,0.0,7.855148961935091e-07,0.0,0.0030777943052394388,0.000581145608953946,0.0,0.0,0.006933073517044654,0.0,0.0,0.0,0.0,0.0014933108825574781
2018-05-07 02:00:00,0.0,0.0,0.0,0.004561681883514043,0.0,0.0,0.0,0.0,0.0,0.0,0.0,7.968993174568754e-07,0.0,0.0030986009312199965,0.000578522858694491,0.0,0.0,0.007033554144401823,0.0,0.0,0.0,0.0,0.0013950247908421462
2018-05-07 03:00:00,0.0,0.0,0.0,0.004597457856831383,0.0,0.0,0.0,0.0,0.0,0.0,0.0,8.031491721039034e-07,0.0,0.0031262491785506714,0.0005763388701057832,0.0,0.0,0.0070887163086696976,0.0,3.0236732987789053e-05,0.0,0.0,0.0012692625121834506
2018-05-07 04:00:00,0.0,0.0,0.0,0.0037317508263386653,0.0,0.0,0.0,0.0,0.0,0.0,0.0,6.519151844357798e-07,0.06342992244379984,0.0024827291377851105,0.0008340174805830679,0.0,0.0,0.005753902214296843,0.0,0.0005749862486087895,0.0,0.0,0.000948650042237199
2018-05-07 05:00:00,0.0,0.0,0.0,0.003341135675057088,0.0,0.0,0.0,0.0,0.0,0.0,0.0,5.836769873423845e-07,0.08449163788982235,0.0022344576002014008,0.001032690206946587,0.0,0.0,0.005151621545385702,0.0,0.002051577221835229,0.0,0.0,0.0005370421661318229
2018-05-07 06:00:00,0.0,0.0,0.0,0.00329574947769311,0.0,0.0,0.0,0.0,0.0,0.0,0.0,5.757482823987036e-07,0.08482641973506848,0.0022359453614267093,0.000990731889028391,0.0,0.0,0.005081641593973102,0.0,0.004120172203234463,0.0,0.0,0.0003055975642331762
2018-05-07 07:00:00,0.0,0.0,0.0,0.0034310082728319148,0.0,0.0,0.0,0.0,0.0,0.0,0.0,5.993772079306873e-07,0.06941620327084068,0.002369755015562719,0.0007030080030691991,0.0,0.0,0.005290194071635677,0.0,0.006563570800467704,0.0,0.0,0.0001929943073140093
2018-05-07 08:00:00,0.0,0.0,0.0,0.0033941554391044445,0.0,0.0,0.0,0.0,0.0,0.0,0.0,5.929392320275651e-07,0.02989478543390711,0.0023483679184706082,0.0006308732466685916,0.0,0.0,0.005233371520652108,0.0,0.008420639512371448,0.0,0.0,0.00016498782251066525
2018-05-07 09:00:00,0.0,0.0,0.0,0.0032593771751334684,0.0,0.0,0.0,0.0,0.0,0.0,0.0,5.693942524982702e-07,0.016133388503737398,0.0022306470621615564,0.000600535776444053,0.0,0.0,0.005025559963131117,0.0,0.009437753517731663,0.0,0.0,0.00019798252315444595
2018-05-07 10:00:00,0.0,0.0,0.0,0.0032058732537294118,0.0,0.0,0.0008590098401884933,0.0,0.0,0.0,0.0,5.600474283362762e-07,0.017222581597837638,0.0021566396795670833,0.0007691407027389589,0.0,0.0,0.004943063476584502,0.0,0.009990024386682516,0.0,0.0,0.00023123267678788542
2018-05-07 11:00:00,0.0,0.0,0.0,0.003117877770572572,0.0,0.0,0.008046164716217793,0.0,0.0,0.0,0.0,5.446751287639627e-07,0.017022861032160677,0.002100422809855569,0.0005903469160884908,0.0,0.0,0.004807385230917434,0.0,0.009753802370763388,0.0,0.0,0.0002477758858897961
2018-05-07 12:00:00,0.0,0.0,0.0,0.003276332512743701,0.0,0.0,0.008750110449505726,0.0,0.0,0.0,0.0,5.723562514525762e-07,0.019963668463366578,0.0022139768690628905,0.00047291425436716563,0.0,0.0,0.00505170301478695,0.0,0.009560382526014195,0.0,0.0,0.0002964430678842977
2018-05-07 13:00:00,0.0,0.0,0.0,0.003499961593779533,0.0,0.0,0.011745691997397029,0.0,0.0,0.0,0.0,6.114229524176336e-07,0.019769947899345906,0.0023689688150490664,0.0004769716547731314,0.0,0.0,0.0053965116379863995,0.0,0.008974800751285608,0.0,0.0,0.0004141962664399384
2018-05-07 14:00:00,0.0,0.0,0.0,0.0035222355715138326,0.0,0.0,0.01876727305860047,0.0,0.0,0.0,0.0,6.153140868953931e-07,0.0014574100565798375,0.002408404833189444,0.0005266722597681527,0.0,0.0,0.005430855380580898,0.0,0.0073479486115644805,0.0,0.0,0.0005948985350939929
2018-05-07 15:00:00,0.0,0.0,0.0,0.0035100761672950164,0.0,0.0,0.019350056112969007,0.0,0.0,0.0,0.0,6.131899096357566e-07,0.04560831264620264,0.002416540441110526,0.0006739877054897363,0.0,0.0,0.005412107070172451,0.0,0.005286006496146668,0.0,0.0,0.000889402768124841
2018-05-07 16:00:00,0.0,0.0,0.0,0.0031449770187361352,0.0,0.0,0.017005817461374386,0.0,0.0,0.0,0.0,5.494092099464283e-07,0.0684510789465617,0.002139570929319448,0.0008828361129448804,0.0,0.0,0.004849168948874587,0.0,0.002809972915103897,0.0,0.0,0.001406755105838001
2018-05-07 17:00:00,0.0,0.0,0.0,0.0029334521999243197,0.0,0.0,0.01588136788697803,0.0,0.0,0.0,0.0,5.12457053254942e-07,0.07833709554046878,0.0019235041734346691,0.0010983241183635858,0.0,0.0,0.004523023613888711,0.0,0.0009989315747724972,0.0,0.0,0.0017401413041398287
2018-05-07 18:00:00,0.0,0.0,0.0,0.0029307321355045114,0.0,0.0,0.023075825868412638,0.0,0.0,0.0,0.0,5.119818738068928e-07,0.06763228299642511,0.0019333661731311535,0.001033104820753764,0.0,0.0,0.004518829608067715,0.0,0.00019080093366150792,0.0,0.0,0.002014232789413453
2018-05-07 19:00:00,0.0,0.0,0.0,0.00313319928251558,0.0,0.0,0.017031589786542845,0.0,0.0,0.0,0.0,5.473517078682436e-07,0.051970445259789486,0.002077005243971362,0.001090233531647092,0.0,0.0,0.004831009123722128,0.0,1.1823426910484863e-06,0.0,0.0,0.0021435303807296412
2018-05-07 20:00:00,0.0,0.0,0.0,0.0035899205102799445,0.0,0.0,0.0031774727661451055,0.0,0.0,0.0,0.0,6.271382523857043e-07,0.03344344058887864,0.002406391597586702,0.0008070756772419851,0.0,0.0,0.005535217257127458,0.0,0.0,0.0,0.0,0.0023793522905161805
2018-05-07 21:00:00,0.0,0.0,0.0,0.003981809581241131,0.0,0.0,0.0,0.0,0.0,0.0,0.0,6.955989958444755e-07,0.008251522619726526,0.0027038068310374697,0.0006705202246173044,0.0,0.0,0.006139462153985869,0.0,0.0,0.0,0.0,0.0025952483673466163
2018-05-07 22:00:00,0.0,0.0,0.0,0.004100565109056412,0.0,0.0,0.0,0.0,0.0,0.0,0.0,7.062555317352201e-07,0.0,0.0027421632057597766,0.0007893942732492202,0.0,0.0,0.0062335183547346795,0.0,0.0,0.0,0.0,0.0023149563236886978
2018-05-07 23:00:00,0.0,0.0,0.0,0.004101287619410622,0.0,0.0,0.0,0.0,0.0,0.0,0.0,7.063799723722605e-07,0.0,0.0027474911068074647,0.0006897794970527973,0.0,0.0,0.006234616686655933,0.0,0.0,0.0,0.0,0.002297485104211661
2018-05-08 00:00:00,0.0,0.0,0.0,0.004499918172515675,0.0,0.0,0.0,0.0,0.0,0.0,0.0,7.750375904716103e-07,0.0,0.003064127986976556,0.0006176807668090284,0.0,0.0,0.006840599228928059,0.0,0.0,0.0,0.0,0.001305258304626704
2018-05-08 01:00:00,0.0,0.0,0.0,0.004582210222374478,0.0,0.0,0.0,0.0,0.0,0.0,0.0,7.892110553197236e-07,0.0,0.003113037305338476,0.0006920290015117424,0.0,0.0,0.006965696377638285,0.0,0.0,0.0,0.0,0.0007315659945981575
2018-05-08 02:00:00,0.0,0.0,0.0,0.00460098426748912,0.0,0.0,0.0,0.0,0.0,0.0,0.0,7.924445787153106e-07,0.0,0.0031290944455529155,0.000651759163326361,0.0,0.0,0.006994235945161861,0.0,0.0,0.0,0.0,0.0007766986503340497
2018-05-08 03:00:00,0.0,0.0,0.0,0.004570724544205659,0.0,0.0,0.0,0.0,0.0,0.0,0.0,7.872328343851155e-07,0.0,0.0030546581524649188,0.0006769125869491352,0.0,0.0,0.006948236299873935,0.0,0.00041775947651403116,0.0,0.0,0.001101014461400192
2018-05-08 04:00:00,0.0,0.0,0.0,0.004085501184879152,0.0,0.0,0.0,0.0,0.0,0.0,0.0,7.03661016224094e-07,0.011901789528990774,0.002766788821674423,0.0007451822557490215,0.0,0.0,0.006210618767639746,0.0,0.0011975701802201758,0.0,0.0,0.0006981309682476985
2018-05-08 05:00:00,0.0,0.0,0.0,0.003641788195045041,0.0,0.0,0.0,0.0,0.0,0.0,0.0,6.272386829020349e-07,0.03868249280007956,0.0024640641553519116,0.0009139902203438182,0.0,0.0,0.005536103672084638,0.0,0.002311440305516426,0.0,0.0,0.0006699083303589655
2018-05-08 06:00:00,0.0,0.0,0.0,0.0036155094947240367,0.0,0.0,0.0,0.0,0.0,0.0,0.0,6.227126049164589e-07,0.052962980643241446,0.0024340116902744333,0.0009502242608794502,0.0,0.0,0.005496155821865709,0.0,0.004151233686029787,0.0,0.0,0.0005235655024479239
2018-05-08 07:00:00,0.0,0.0,0.0,0.003675641645916896,0.0,0.0,0.0,0.0,0.0,0.0,0.0,6.330693882586622e-07,0.021396925329128066,0.0024932352812344757,0.0009296882314753608,0.0,0.0,0.005587566361194183,0.0,0.006894818656459617,0.0,0.0,0.0005401452389782748
2018-05-08 08:00:00,0.0,0.0,0.0,0.003490725973272297,0.0,0.0,0.0,0.0,0.0,0.0,0.0,6.012206763771335e-07,0.0039057392520278128,0.0023181133612250678,0.0008026519250561703,0.0,0.0,0.005306464803518036,0.0,0.008059211952368184,0.0,0.0,0.00047250408398068314
2018-05-08 09:00:00,0.0,0.0,0.0,0.003337212410813521,0.0,0.0,0.0,0.0,0.0,0.0,0.0,5.747804663574371e-07,0.0,0.002177295329479963,0.0005616484662874938,0.0,0.0,0.005073099502922262,0.0,0.008476761824908563,0.0,0.0,0.000437678886514423
2018-05-08 10:00:00,0.0,0.0,0.0,0.003090736635666229,0.0,0.0,0.0,0.0,0.0,0.0,0.0,5.323290297854281e-07,0.0,0.0020162559947081117,0.0005684736175649307,0.0,0.0,0.00469841669030582,0.0,0.008473471374662844,0.0,0.0,0.00045875827557105906
2018-05-08 11:00:00,0.0,0.0,0.0,0.0030520078998938355,0.0,0.0,0.0,0.0,0.0,0.0,0.0,5.256586360350753e-07,0.0,0.00201047807889598,0.0005803896280630337,0.0,0.0,0.004639542784180125,0.0,0.008128301931679087,0.0,0.0,0.0003612785746557237
2018-05-08 12:00:00,0.0,0.0,0.0,0.003079860236840265,0.0,0.0,0.0,0.0,0.0,0.0,0.0,5.304557472909664e-07,0.0,0.0020281808135342158,0.0006909071551635344,0.0,0.0,0.004681882815117416,0.0,0.007544164437937685,0.0,0.0,0.00024403660735308958
2018-05-08 13:00:00,0.0,0.0,0.0,0.0031247984221413434,0.0,0.0,0.0,0.0,0.0,0.0,0.0,5.381956175554169e-07,0.0,0.0020562321258331684,0.000732515430322685,0.0,0.0,0.004750196083033604,0.0,0.006703207920501249,0.0,0.0,0.000370593549445259
2018-05-08 14:00:00,0.0,0.0,0.0,0.0032636845776021248,0.0,0.0,0.0,0.0,0.0,0.0,0.0,5.621164950361762e-07,0.0,0.0021992566080233688,0.0006224809666509754,0.0,0.0,0.004961325372840817,0.0,0.0055178365220195855,0.0,0.0,0.0009196870497439503
2018-05-08 15:00:00,0.0,0.0,0.0,0.0036341625318801114,0.0,0.0,0.0,0.0,0.0,0.0,0.0,6.259252866627004e-07,0.0,0.0024765112048100195,0.0005519600889234289,0.0,0.0,0.005524511437833648,0.0,0.004481405708540006,0.0,0.0,0.0015860416085553143
2018-05-08 16:00:00,0.0,0.0,0.0,0.003515187033766336,0.0,0.0,0.0,0.0,0.0,0.0,0.0,6.075730371966115e-07,0.03652623178845689,0.0024022644291548153,0.0007335943468248582,0.0,0.0,0.0053625317027985635,0.0,0.0027475673294069846,0.0,0.0,0.0015054156866587645
2018-05-08 17:00:00,0.0,0.0,0.0,0.0032487966772800797,0.0,0.0,0.0,0.0,0.0,0.0,0.0,5.675459010057667e-07,0.07351083340748013,0.0021737386610171778,0.0010707912997774056,0.0,0.0,0.00500924613274424,0.0,0.0011181671448914044,0.0,0.0,0.0006684470570115513
2018-05-08 18:00:00,0.0,0.0,0.0,0.003223135938825737,0.0,0.0,0.0,0.0,0.0,0.0,0.0,5.630631191104294e-07,0.0703459077730498,0.002162973167120252,0.0011508307026700585,0.0,0.0,0.004969680420379195,0.0,0.0002923128979683748,0.0,0.0,0.0005079385160300077
2018-05-08 19:00:00,0.0,0.0,0.0,0.0036056004754343456,0.0,0.0,0.0,0.0,0.0,0.0,0.0,6.298774511830709e-07,0.04180427464781531,0.0024346199815712477,0.0010678154105430435,0.0,0.0,0.005559393840833215,0.0,2.3778240548813163e-05,0.0,0.0,0.000701081555334578
2018-05-08 20:00:00,0.0,0.0,0.0,0.00400566141113749,0.0,0.0,0.0,0.0,0.0,0.0,0.0,6.997657719261658e-07,0.03724767942621753,0.002725470879903414,0.000776010054241825,0.0,0.0,0.006176238751149606,0.0,0.0,0.0,0.0,0.00048094022116946313
2018-05-08 21:00:00,0.0,0.0,0.0,0.00449202202096813,0.0,0.0,0.0,0.0,0.0,0.0,0.0,7.847301442583677e-07,0.0,0.003085620103256824,0.0006980530043295847,0.0,0.0,0.00692614717753748,0.0,0.0,0.0,0.0,0.00037346034819158943
2018-05-08 22:00:00,0.0,0.0,0.0,0.004406242017666948,0.0,0.0,0.0,0.0,0.0,0.0,0.0,7.697448761428494e-07,0.0,0.003047413145007023,0.0006125567628160098,0.0,0.0,0.006793884930161946,0.0,0.0,0.0,0.0,0.0004138600086885807
2018-05-08 23:00:00,0.0,0.0,0.0,0.0044556785426656,0.0,0.0,9.786013804319015e-06,0.0,0.0,0.0,0.0,7.783811497881561e-07,0.0,0.0030540325631271247,0.000674492135600386,0.0,0.0,0.006870109990165743,0.0,0.0,0.0,0.0,0.000505605572603823
2018-05-09 00:00:00,0.0,0.0,0.0,0.00456193030825543,0.0,0.0,0.014047091537491672,0.0,0.0,0.0,0.0,7.941066207415413e-07,0.0,0.0031173874387149412,0.0006195872402289174,0.0,0.0,0.007008905379964579,0.0,0.0,0.0,0.0,0.00046713546296018525
2018-05-09 01:00:00,0.0,0.0,0.0,0.004544209678384554,0.0,0.0,0.03149831573224675,0.0,0.0,0.0,0.0,7.938470247504339e-07,0.0,0.0031105101311541313,0.0005787981964902167,0.0,0.0,0.007006614146405803,0.0,0.0,0.0,0.0,0.0004264753074594574
2018-05-09 02:00:00,0.0,0.0,0.0,0.004512339023398027,0.0,0.0,0.03182247854486739,0.0,0.0,0.0,0.0,7.882794065222857e-07,0.0,0.003089105031708451,0.0006040117660096453,0.0,0.0,0.006957473504162551,0.0,0.0,0.0,0.0,0.0004258494264065796
2018-05-09 03:00:00,0.0,0.0,0.0,0.004379567937727774,0.0,0.0,0.03078032582217682,0.0,0.0,0.0,0.0,7.650850693785636e-07,0.00856448682701641,0.002947331262710582,0.0007153920204986264,0.0,0.0,0.006752756769475792,0.0,0.0003986873833631361,0.0,0.0,0.00039429932762157383
2018-05-09 04:00:00,0.0,0.0,0.0,0.0035363138222467075,0.0,0.0,0.02469069329854695,0.0,0.0,0.0,0.0,6.17773475490762e-07,0.04555458410453133,0.002379200243544287,0.001067086626281152,0.0,0.0,0.0054525623170391365,0.0,0.0010051991930659857,0.0,0.0,0.00022382227811923786
2018-05-09 05:00:00,0.0,0.0,0.0,0.0031403441567675336,0.0,0.0,0.011428565271832633,0.0,0.0,0.0,0.0,5.485998758817288e-07,0.08388905103996129,0.0021513743979840938,0.0012183253873980057,0.0,0.0,0.004842025643766561,0.0,0.0019156999771898148,0.0,0.0,0.00012442466205935923
2018-05-09 06:00:00,0.0,0.0,0.0,0.0031227626178057543,0.0,0.0,0.0,0.0,0.0,0.0,0.0,5.455284831901169e-07,0.09156349081795352,0.0021484232538942685,0.001168562489005985,0.0,0.0,0.004814917066406859,0.0,0.003482577389092002,0.0,0.0,7.789113853103457e-05
2018-05-09 07:00:00,0.0,0.0,0.0,0.003105301752135185,0.0,0.0,0.0,0.0,0.0,0.0,0.0,5.424781714212559e-07,0.08442978363817105,0.0021382942642190757,0.0011220222101718269,0.0,0.0,0.00478799455246613,0.0,0.005609005257056825,0.0,0.0,6.442401325856974e-05
2018-05-09 08:00:00,0.0,0.0,0.0,0.0031319484280854844,0.0,0.0,0.0,0.0,0.0,0.0,0.0,5.471331908679276e-07,0.06967314146449008,0.0021453851805246214,0.0008849020846487329,0.0,0.0,0.004829080459561515,0.0,0.00705303786390468,0.0,0.0,6.779688460419888e-05
2018-05-09 09:00:00,0.0,0.0,0.0,0.003018125491014317,0.0,0.0,0.0,0.0,0.0,0.0,0.0,5.272489851781883e-07,0.055766913632084705,0.002031025526295667,0.0010142734468174999,0.0,0.0,0.004653579446731534,0.0,0.0076034471719108,0.0,0.0,7.008384210301105e-05
2018-05-09 10:00:00,0.0,0.0,0.0,0.0030127734965618466,0.0,0.0,0.0,0.0,0.0,0.0,0.0,5.263140228473821e-07,0.037806877203236895,0.0020372023211955616,0.0008550155126312341,0.0,0.0,0.004645327327508132,0.0,0.00834148097360019,0.0,0.0,6.9504209966871e-05
2018-05-09 11:00:00,0.0,0.0,0.0,0.003083452052228713,0.0,0.0,0.0,0.0,0.0,0.0,0.0,5.386611558145711e-07,0.04677774077448189,0.00207840057967187,0.0007413193987503927,0.0,0.0,0.004754304994260306,0.0,0.008397429305937894,0.0,0.0,8.429775818922882e-05
2018-05-09 12:00:00,0.0,0.0,0.0,0.003150951125739022,0.0,0.0,0.0,0.0,0.0,0.0,0.0,5.504528517247427e-07,0.04016298257492671,0.002138712995437786,0.0006245357898849734,0.0,0.0,0.004858380289371853,0.0,0.007917544551135565,0.0,0.0,0.00026480275550444293
2018-05-09 13:00:00,0.0,0.0,0.0,0.0031914116424679533,0.0,0.0,0.0,0.0,0.0,0.0,0.0,5.575210688842434e-07,0.032317215362175244,0.002167143456214134,0.0006786282390611743,0.0,0.0,0.004920765445196044,0.0,0.00714645955541438,0.0,0.0,0.0007357559544727838
2018-05-09 14:00:00,0.0,0.0,0.0,0.0033589317883819777,0.0,0.0,0.0,0.0,0.0,0.0,0.0,5.86785864928356e-07,0.032854416720909795,0.0023357142087818287,0.0006969097710989669,0.0,0.0,0.005179060970103783,0.0,0.006102197093676939,0.0,0.0,0.0003869424556377256
2018-05-09 15:00:00,0.0,0.0,0.0,0.003299780270476727,0.0,0.0,0.0,0.0,0.0,0.0,0.0,5.764524384753653e-07,0.056410491293680046,0.0023069934523415095,0.000818504132462279,0.0,0.0,0.0050878565822191895,0.0,0.004600463766277734,0.0,0.0,0.0004369783281965561
2018-05-09 16:00:00,0.0,0.0,0.0,0.0030800317300728117,0.0,0.0,0.0,0.0,0.0,0.0,0.0,5.380636454091717e-07,0.08844385525106249,0.0021410268643666038,0.0009703501659601524,0.0,0.0,0.004749031276870723,0.0,0.0027973020623943932,0.0,0.0,0.0005269116915901369
2018-05-09 17:00:00,0.0,0.0,0.0,0.0030324383079868913,0.0,0.0,0.0,0.0,0.0,0.0,0.0,5.297493511325856e-07,0.08960751237614485,0.002071195758277981,0.0010097321265054697,0.0,0.0,0.004675648055570597,0.0,0.0011993831547072115,0.0,0.0,0.0005501113309751009
2018-05-09 18:00:00,0.0,0.0,0.0,0.0030920912374350204,0.0,0.0,0.0,0.0,0.0,0.0,0.0,5.401703712684522e-07,0.08857248626997909,0.0021185050216892226,0.0009814951516859528,0.0,0.0,0.004767625558574903,0.0,0.0002952080078898847,0.0,0.0,0.00042336575005881636
2018-05-09 19:00:00,0.0,0.0,0.0,0.0032864584263679773,0.0,0.0,0.0,0.0,0.0,0.0,0.0,5.741251897218088e-07,0.07474669785914531,0.0022873118870191996,0.0008474804452141954,0.0,0.0,0.0050673159320303186,0.0,1.2519875809384015e-05,0.0,0.0,0.0002392644918535043
2018-05-09 20:00:00,0.0,0.0,0.0,0.003576267763677328,0.0,0.0,0.0,0.0,0.0,0.0,0.0,6.24753196889319e-07,0.05618817416130789,0.00248700689808834,0.0009302193961920401,0.0,0.0,0.005514166395865881,0.0,0.0,0.0,0.0,0.0002914376323896549
2018-05-09 21:00:00,0.0,0.0,0.0,0.004226325233927594,0.0,0.0,0.0,0.0,0.0,0.0,0.0,7.383144595065888e-07,0.0210357242504221,0.002927082993417377,0.0008551546185092785,0.0,0.0,0.00651647530971236,0.0,0.0,0.0,0.0,0.0003111757784357461
2018-05-09 22:00:00,0.0,0.0,0.0,0.004411034601392407,0.0,0.0,0.0,0.0,0.0,0.0,0.0,7.705821126703405e-07,0.0,0.0030653792197530443,0.000951473088933611,0.0,0.0,0.006801274506635136,0.0,0.0,0.0,0.0,0.0005216891941060292
2018-05-09 23:00:00,0.0,0.0,0.0,0.004539954373337794,0.0,0.0,0.0,0.0,0.0,0.0,0.0,7.931036476860252e-07,0.0,0.003174249597647484,0.0008175024612226328,0.0,0.0,0.007000052987777995,0.0,0.0,0.0,0.0,0.0004066952624916971
2018-05-10 00:00:00,0.0,0.0,0.0,0.0045217437194120386,0.0,0.0,0.0,0.0,0.0,0.0,0.0,7.899223522659466e-07,0.0,0.0031665232282814407,0.0008351908518923374,0.0,0.0,0.006971974392281304,0.0,0.0,0.0,0.0,0.00039524158930473967
2018-05-10 01:00:00,0.0,0.0,0.0,0.0045480840175483785,0.0,0.0,0.0,0.0,0.0,0.0,0.0,7.945238492888583e-07,0.0,0.0031708973685357755,0.0007500871703463397,0.0,0.0,0.007012587902353367,0.0,0.0,0.0,0.0,0.000609497193185227
2018-05-10 02:00:00,0.0,0.0,0.0,0.004674431778719455,0.0,0.0,0.0,0.0,0.0,0.0,0.0,8.165960689680334e-07,0.0,0.003263381930353093,0.0006141773174575567,0.0,0.0,0.007207400658243336,0.0,0.0,0.0,0.0,0.0005673015683937558
2018-05-10 03:00:00,0.0,0.0,0.0,0.004632877673633195,0.0,0.0,0.0,0.0,0.0,0.0,0.0,8.093368082772676e-07,0.0,0.003207038533201152,0.0006019445302486246,0.0,0.0,0.007143329323259928,0.0,0.0003478205975079091,0.0,0.0,0.0007581847846884712
2018-05-10 04:00:00,0.0,0.0,0.0,0.004152332267252298,0.0,0.0,0.0,0.0,0.0,0.0,0.0,7.253883181960227e-07,0.0,0.002849701305703899,0.0004850638143174225,0.0,0.0,0.006402387227573958,0.0,0.000971641003617421,0.0,0.0,0.0008184589077501716
2018-05-10 05:00:00,0.0,0.0,0.0,0.0037743429976787066,0.0,0.0,0.0,0.0,0.0,0.0,0.0,6.593557892689559e-07,0.0,0.0026688301943811623,0.0004813434249054211,0.0,0.0,0.005819574120163512,0.0,0.001884768960306466,0.0,0.0,0.0008431468184155879
2018-05-10 06:00:00,0.0,0.0,0.0,0.0036394562542130774,0.0,0.0,0.0,0.0,0.0,0.0,0.0,6.357918590023113e-07,0.0,0.0025560093596174098,0.0005999002932399981,0.0,0.0,0.005611595300562726,0.0,0.0034128579439148764,0.0,0.0,0.0007330262525911339
2018-05-10 07:00:00,0.0,0.0,0.0,0.0035267302498893684,0.0,0.0,0.0,0.0,0.0,0.0,0.0,6.160992810893586e-07,0.0,0.002440041005413242,0.0006713852759463202,0.0,0.0,0.005437785623531476,0.0,0.005538724559617403,0.0,0.0,0.0006165820366444673
2018-05-10 08:00:00,0.0,0.0,0.0,0.003486057941712574,0.0,0.0,0.0,0.0,0.0,0.0,0.0,6.089940651946206e-07,0.0,0.0024223697819549554,0.0004404375126721528,0.0,0.0,0.005375073911262994,0.0,0.006892203118659918,0.0,0.0,0.0004988983206437264
2018-05-10 09:00:00,0.0,0.0,0.0,0.003401279842584363,0.0,0.0,0.0,0.0,0.0,0.0,0.0,5.941838239161299e-07,0.0,0.002332043951698758,0.00045544322831533656,0.0,0.0,0.0052443564772760385,0.0,0.007603547414724282,0.0,0.0,0.00036012893783711854
2018-05-10 10:00:00,0.0,0.0,0.0,0.0032212121925793806,0.0,0.0,0.0,0.0,0.0,0.0,0.0,5.647439946580011e-07,0.0,0.0021397670044901664,0.0005655764355435775,0.0,0.0,0.004984516082695453,0.0,0.008104717913214193,0.0,0.0,0.000373779699285213
2018-05-10 11:00:00,0.0,0.0,0.0,0.0031307874742987915,0.0,0.0,0.0,0.0,0.0,0.0,0.0,5.469303789876082e-07,0.0,0.002053516766551651,0.0005373668275210071,0.0,0.0,0.004827290411170075,0.0,0.008039704922481827,0.0,0.0,0.0003939097796760423
2018-05-10 12:00:00,0.0,0.0,0.0,0.003130236043282627,0.0,0.0,0.0,0.0,0.0,0.0,0.0,5.468340471934087e-07,0.0,0.0020548167050511677,0.0003595161523217619,0.0,0.0,0.004826440172155575,0.0,0.007724251481877789,0.0,0.0,0.0003780014382656335
2018-05-10 13:00:00,0.0,0.0,0.0,0.0033558323633444244,0.0,0.0,0.0,0.0,0.0,0.0,0.0,5.86244413384823e-07,0.0,0.0022025001597531404,0.00034004615011930494,0.0,0.0,0.005174282036724641,0.0,0.007298217094889734,0.0,0.0,0.0003882689187957023
2018-05-10 14:00:00,0.0,0.0,0.0,0.003370795712709673,0.0,0.0,0.0,0.0,0.0,0.0,0.0,5.888584235680254e-07,0.0,0.0022170243737964918,0.0003399454256210008,0.0,0.0,0.0051973536867497,0.0,0.005453405465403562,0.0,0.0,0.0007947476864309362
2018-05-10 15:00:00,0.0,0.0,0.0,0.00345833015333765,0.0,0.0,0.0,0.0,0.0,0.0,0.0,6.041501816896304e-07,0.0,0.0023332374228924604,0.0003930118064631798,0.0,0.0,0.005332321061366914,0.0,0.0038862043105325696,0.0,0.0,0.0007328504947496606
2018-05-10 16:00:00,0.0,0.0,0.0,0.003788536384063913,0.0,0.0,0.0,0.0,0.0,0.0,0.0,6.618352913937421e-07,0.015643462710709516,0.0025889425475271914,0.0006542433526635801,0.0,0.0,0.005841458581680557,0.0,0.0026723041945223296,0.0,0.0,0.00041458184338675775
2018-05-10 17:00:00,0.0,0.0,0.0,0.003981459890996291,0.0,0.0,0.0,0.0,0.0,0.0,0.0,6.955379069907261e-07,0.02080130721183297,0.0026762751179880994,0.0006809202439026919,0.0,0.0,0.006138922974504781,0.0,0.0012319308127311092,0.0,0.0,0.000340084140124106
2018-05-10 18:00:00,0.0,0.0,0.0,0.0037949928905972783,0.0,0.0,0.0,0.0,0.0,0.0,0.0,6.629632055668432e-07,0.029385552230699094,0.00257913794025848,0.0005692775427493652,0.0,0.0,0.0058514137231055275,0.0,0.0002813348997242358,0.0,0.0,0.0010409272174485976
2018-05-10 19:00:00,0.0,0.0,0.0,0.003833928700850989,0.0,0.0,0.0,0.0,0.0,0.0,0.0,6.697650653650789e-07,0.02979236195540183,0.0025829796501304334,0.0007369605038481219,0.0,0.0,0.0059114479684932554,0.0,8.267255048215165e-06,0.0,0.0,0.0011025564495818765
2018-05-10 20:00:00,0.0,0.0,0.0,0.003967791439600158,0.0,0.0,0.0,0.0,0.0,0.0,0.0,6.931501079581728e-07,0.0241564951477271,0.0026268283989020137,0.0010395809553237828,0.0,0.0,0.0061178478983772095,0.0,0.0,0.0,0.0,0.0006490415334562218
2018-05-10 21:00:00,0.0,0.0,0.0,0.00408655488376727,0.0,0.0,0.0,0.0,0.0,0.0,0.0,7.138973915286553e-07,0.0431708491007817,0.0026604573398977933,0.0007270848814099292,0.0,0.0,0.0063009665673803925,0.0,0.0,0.0,0.0,0.0008169134961681089
2018-05-10 22:00:00,0.0,0.0,0.0,0.004258522270770472,0.0,0.0,0.0,0.0,0.0,0.0,0.0,7.439390947484611e-07,0.05885010086178482,0.002733402035637693,0.0006557364044639316,0.0,0.0,0.006566119192759556,0.0,0.0,0.0,0.0,0.0004621509033715412
2018-05-10 23:00:00,0.0,0.0,0.0,0.004569779386799328,0.0,0.0,0.0,0.0,0.0,0.0,0.0,7.983139042268275e-07,0.038217275007076085,0.0029514153872850506,0.0005435367121362882,0.0,0.0,0.0070460395016112695,0.0,0.0,0.0,0.0,0.0006084369254202863
2018-05-11 00:00:00,0.0,0.0,0.0,0.004743578550787651,0.0,0.0,6.250997582735797e-05,0.0,0.0,0.0,0.0,8.286756082416146e-07,0.025540447785560753,0.0030977658657229973,0.0005159903263118788,0.0,0.0,0.007314016502502431,0.0,0.0,0.0,0.0,0.0005696069960459673
2018-05-11 01:00:00,0.0,0.0,0.0,0.00479991958760551,0.0,0.0,0.005808680848106687,0.0,0.0,0.0,0.0,8.385180599801339e-07,0.007754788569487725,0.0031282257869807905,0.0005671820666471003,0.0,0.0,0.007400887473150844,0.0,0.0,0.0,0.0,0.0007797180418452656
2018-05-11 02:00:00,0.0,0.0,0.0,0.004529728039984411,0.0,0.0,0.010217261894569566,0.0,0.0,0.0,0.0,7.91317166673649e-07,0.022009233191986655,0.0029298075940275767,0.0005738495364339392,0.0,0.0,0.006984285235625073,0.0,0.0,0.0,0.0,0.0010091529505639619
2018-05-11 03:00:00,0.0,0.0,0.0,0.004311211612439347,0.0,0.0,0.016513448352040973,0.0,0.0,0.0,0.0,7.53143616564181e-07,0.030081492582399193,0.0027580019912695967,0.0006236700987022711,0.0,0.0,0.006647359697232314,0.0,0.00022466394409331085,0.0,0.0,0.0011258662149946734
2018-05-11 04:00:00,0.0,0.0,0.0,0.0034467183978878113,0.0,0.0,0.030825175038109023,0.0,0.0,0.0,0.0,6.021216754875879e-07,0.06786997863079258,0.0021837379131529095,0.0007451206611927924,0.0,0.0,0.005314417158211554,0.0,0.0005745785639427092,0.0,0.0,0.00099276577946444
2018-05-11 05:00:00,0.0,0.0,0.0,0.0029961458090863235,0.0,0.0,0.031053094371055773,0.0,0.0,0.0,0.0,5.234092624676595e-07,0.08670892643733187,0.001950753372832188,0.0009994954859958013,0.0,0.0,0.004619689472185965,0.0,0.001184921043811262,0.0,0.0,0.0008376418397766185
2018-05-11 06:00:00,0.0,0.0,0.0,0.0029752715876845723,0.0,0.0,0.03934478634356377,0.0,0.0,0.0,0.0,5.197626572873165e-07,0.08163509603466976,0.0019495265768890906,0.0008021675709634121,0.0,0.0,0.004587503982228399,0.0,0.0021849460295648255,0.0,0.0,0.0009511205708900522
2018-05-11 07:00:00,0.0,0.0,0.0,0.003004081729829874,0.0,0.0,0.03274455699553207,0.0,0.0,0.0,0.0,5.324013553544351e-07,0.07542610618083605,0.0019976714232933282,0.0007280402864583645,0.0,0.0,0.004699055046738674,0.0,0.003490040394851133,0.0,0.0,0.0012071647182738436
2018-05-11 08:00:00,0.0,0.0,0.0,0.0030077127936004684,0.0,0.0,0.030632927721140044,0.0,0.0,0.0,0.0,5.330448742219967e-07,0.06496633384014211,0.0019918486467658983,0.0008710380482680971,0.0,0.0,0.004704734841787794,0.0,0.004332313811890996,0.0,0.0,0.0012429568817660028
2018-05-11 09:00:00,0.0,0.0,0.0,0.0030443429987018957,0.0,0.0,0.03033446252959942,0.0,0.0,0.0,0.0,5.395366985453033e-07,0.06012088300558118,0.002019760666217116,0.0009317357376800237,0.0,0.0,0.004762032667088534,0.0,0.005027855722237114,0.0,0.0,0.00101109190545415
2018-05-11 10:00:00,0.0,0.0,0.0,0.003003442798876867,0.0,0.0,0.02993361492271724,0.0,0.0,0.0,0.0,5.322881201844392e-07,0.05606448969009954,0.0020014519018621947,0.0009033490142359106,0.0,0.0,0.004698055615967722,0.0,0.005654651869746192,0.0,0.0,0.0005377660741622079
2018-05-11 11:00:00,0.0,0.0,0.0,0.0030863065324621287,0.0,0.0,0.030408760931311264,0.0,0.0,0.0,0.0,5.469737273143824e-07,0.049214457720887464,0.0019987842604027983,0.000676589423451882,0.0,0.0,0.0048276730100715376,0.0,0.006347074040849024,0.0,0.0,0.0003449972726836822
2018-05-11 12:00:00,0.0,0.0,0.0,0.003163660178408927,0.0,0.0,0.03123435197438872,0.0,0.0,0.0,0.0,5.606828037135837e-07,0.04111879482780472,0.002024785474588825,0.0005708200560154673,0.0,0.0,0.00494867139595451,0.0,0.0066398698244171835,0.0,0.0,0.00018276438302278913
2018-05-11 13:00:00,0.0,0.0,0.0,0.003148567161208951,0.0,0.0,0.031085340833812727,0.0,0.0,0.0,0.0,5.580079288145875e-07,0.046576770960398445,0.0020035956439497693,0.0006114373865117743,0.0,0.0,0.0049250625447239274,0.0,0.006256571527345364,0.0,0.0,8.781847902138168e-05
2018-05-11 14:00:00,0.0,0.0,0.0,0.0032177848328116296,0.0,0.0,0.03184041322609593,0.0,0.0,0.0,0.0,5.702750991148547e-07,0.05878768970556658,0.00204858330471895,0.0007541053789462193,0.0,0.0,0.005033334448859668,0.0,0.005185924486570288,0.0,0.0,7.101088066579939e-05
2018-05-11 15:00:00,0.0,0.0,0.0,0.0031506792770549393,0.0,0.0,0.031674824346493366,0.0,0.0,0.0,0.0,5.583822506340985e-07,0.07684038851686824,0.0020606407330121547,0.0009639884843056639,0.0,0.0,0.004928366365830669,0.0,0.0037412517723748734,0.0,0.0,6.808069177620438e-05
2018-05-11 16:00:00,0.0,0.0,0.0,0.0029320746275607176,0.0,0.0,0.03936815351433342,0.0,0.0,0.0,0.0,5.196398254457878e-07,0.08293853161707633,0.0019578631152303155,0.0011602622699176406,0.0,0.0,0.004586419849780143,0.0,0.0022232622797901573,0.0,0.0,6.897675162590884e-05
2018-05-11 17:00:00,0.0,0.0,0.0,0.0028662050042224515,0.0,0.0,0.03995258544542543,0.0,0.0,0.0,0.0,5.079660163101207e-07,0.08397583905436364,0.0018934166895274752,0.001213037957552939,0.0,0.0,0.004483385041205883,0.0,0.0009623797860789184,0.0,0.0,7.027911135171644e-05
2018-05-11 18:00:00,0.0,0.0,0.0,0.0028856766877353576,0.0,0.0,0.04082839542012997,0.0,0.0,0.0,0.0,5.114169046765604e-07,0.08234986928466664,0.0019041485703433967,0.0012030896169650572,0.0,0.0,0.004513843104903438,0.0,0.0002417494243353995,0.0,0.0,9.153352563902442e-05
2018-05-11 19:00:00,0.0,0.0,0.0,0.002954925852112979,0.0,0.0,0.041788471466819084,0.0,0.0,0.0,0.0,5.199221048307298e-07,0.08327995803176672,0.0019349130430966921,0.00118325925887097,0.0,0.0,0.004588911290410528,0.0,1.0375226974781494e-05,0.0,0.0,0.00023645816946611583
2018-05-11 20:00:00,0.0,0.0,0.0,0.0031610750693796693,0.0,0.0,0.022112416857237745,0.0,0.0,0.0,0.0,5.522214458492826e-07,0.0898158367178202,0.002046343024914297,0.0011089591470636636,0.0,0.0,0.004873990169142012,0.0,0.0,0.0,0.0,0.0002922051904891679
2018-05-11 21:00:00,0.0,0.0,0.0,0.003550078694184814,0.0,0.0,0.016927381510394968,0.0,0.0,0.0,0.0,6.201781186317056e-07,0.0935422490588464,0.0023124351617422804,0.0008148237180399774,0.0,0.0,0.005473786061820053,0.0,0.0,0.0,0.0,0.00019438349957187889
2018-05-11 22:00:00,0.0,0.0,0.0,0.004127764255524806,0.0,0.0,0.018166684233793754,0.0,0.0,0.0,0.0,6.730233340227718e-07,0.06037729281232633,0.002473250187448026,0.0010116830395119536,0.0,0.0,0.005940205941450274,0.0,0.0,0.0,0.0,0.00016672445667861337
2018-05-11 23:00:00,0.0,0.0,0.0,0.00463892891631078,0.0,0.0,0.001036508681091709,0.0,0.0,0.0,0.0,7.563676635290739e-07,0.027496990691521853,0.0028091425133336986,0.0010662513434491867,0.0,0.0,0.006675815624342449,0.0,0.0,0.0,0.0,0.00018540775071440997
2018-05-12 00:00:00,0.0,0.0,0.0,0.005176412303708429,0.0,0.0,0.0,0.0,0.0,0.0,0.0,8.440032063980856e-07,0.007556668229923011,0.003148835338136714,0.0007495651445493432,0.0,0.0,0.00744930020669886,0.0,0.0,0.0,0.0,0.00019595217406259612
2018-05-12 01:00:00,0.0,0.0,0.0,0.005271621288523116,0.0,0.0,0.0,0.0,0.0,0.0,0.0,8.595268323665841e-07,0.001926026065893545,0.003207273903191831,0.0006371380122319006,0.0,0.0,0.007586314082071874,0.0,0.0,0.0,0.0,0.00016946264380242283
2018-05-12 02:00:00,0.0,0.0,0.0,0.00513164362193796,0.0,0.0,0.0,0.0,0.0,0.0,0.0,8.367037664107759e-07,0.007672223943938156,0.00312763176109825,0.0006737193199720398,0.0,0.0,0.0073848742431550625,0.0,0.0,0.0,0.0,0.0001920857787991981
2018-05-12 03:00:00,0.0,0.0,0.0,0.0050658424088919135,0.0,0.0,0.0,0.0,0.0,0.0,0.0,8.259750161611176e-07,0.0228514203565495,0.003046437475398544,0.0006631364254539154,0.0,0.0,0.0072901806675305355,0.0,0.000410281284232894,0.0,0.0,0.0002488898324301411
2018-05-12 04:00:00,0.0,0.0,0.0,0.004548101569526447,0.0,0.0,0.0,0.0,0.0,0.0,0.0,7.515795146786535e-07,0.029583213223463592,0.002827312568834436,0.0006503831645236709,0.0,0.0,0.0066335546969540785,0.0,0.0011880528110084477,0.0,0.0,0.00022419647932340252
2018-05-12 05:00:00,0.0,0.0,0.0,0.004074416851996848,0.0,0.0,0.0,0.0,0.0,0.0,0.0,6.733025182947184e-07,0.03013499670415304,0.002609891361096283,0.0008415701312193569,0.0,0.0,0.0059426700641443024,0.0,0.002355799296879165,0.0,0.0,0.000188910893184691
2018-05-12 06:00:00,0.0,0.0,0.0,0.00375172518380413,0.0,0.0,0.0,0.0,0.0,0.0,0.0,6.199773135551987e-07,0.051499520043458924,0.002407118740664604,0.0006898790548519512,0.0,0.0,0.005472013725783189,0.0,0.004082491513429451,0.0,0.0,9.087199314380267e-05
2018-05-12 07:00:00,0.0,0.0,0.0,0.003670723278748004,0.0,0.0,0.0,0.0,0.0,0.0,0.0,6.065916466875021e-07,0.02856808536131932,0.0023755808518797113,0.0006444472825561555,0.0,0.0,0.005353869801437358,0.0,0.006476726357118091,0.0,0.0,7.474582844538834e-05
2018-05-12 08:00:00,0.0,0.0,0.0,0.0036127010301337465,0.0,0.0,0.0,0.0,0.0,0.0,0.0,5.97003396999708e-07,0.016199854263261416,0.002359747620256283,0.00039726183988645394,0.0,0.0,0.005269242456612466,0.0,0.007888857973482655,0.0,0.0,6.943224958166016e-05
2018-05-12 09:00:00,0.0,0.0,0.0,0.0035636153746740422,0.0,0.0,0.0,0.0,0.0,0.0,0.0,5.888919305902343e-07,0.008316876475774882,0.0022950160393537386,0.0003494360318429484,0.0,0.0,0.005197649424805638,0.0,0.00866346251383681,0.0,0.0,7.587651951753585e-05
2018-05-12 10:00:00,0.0,0.0,0.0,0.0035303278383715477,0.0,0.0,0.0,0.0,0.0,0.0,0.0,5.833911232761e-07,0.0019035566212973793,0.0022389346219574484,0.000389271829655373,0.0,0.0,0.005149098465814537,0.0,0.00940880307254564,0.0,0.0,9.382144895232231e-05
2018-05-12 11:00:00,0.0,0.0,0.0,0.003445678815340472,0.0,0.0,0.0,0.0,0.0,0.0,0.0,5.636896943414758e-07,0.0,0.002151530390806283,0.00040641944420771297,0.0,0.0,0.004975210668324657,0.0,0.008736615127314608,0.0,0.0,0.00010040681790321622
2018-05-12 12:00:00,0.0,0.0,0.0,0.0034390823566700954,0.0,0.0,0.0,0.0,0.0,0.0,0.0,5.607351898953642e-07,0.0,0.0021498926006118207,0.00038962515097605853,0.0,0.0,0.004949133764333926,0.0,0.007943047824733028,0.0,0.0,0.00012291402910055775
2018-05-12 13:00:00,0.0,0.0,0.0,0.003636291887996458,0.0,0.0,0.0,0.0,0.0,0.0,0.0,5.968689178906237e-07,0.0,0.0022930952085975786,0.00041246923083318844,0.0,0.0,0.005268055523615642,0.0,0.0072179007250742465,0.0,0.0,0.0001504465935946608
2018-05-12 14:00:00,0.0,0.0,0.0,0.003864824235119767,0.0,0.0,0.0,0.0,0.0,0.0,0.0,6.301515132921774e-07,0.0,0.0024519275724296107,0.00040127448538295737,0.0,0.0,0.0055618127545417635,0.0,0.0060803495536164735,0.0,0.0,0.000299935548628839
2018-05-12 15:00:00,0.0,0.0,0.0,0.0037919178467391876,0.0,0.0,0.0,0.0,0.0,0.0,0.0,6.26619201745378e-07,0.008800428083762673,0.0024369866212095603,0.0004413037623924776,0.0,0.0,0.00553063603751483,0.0,0.004767304175890589,0.0,0.0,0.001071902079740011
2018-05-12 16:00:00,0.0,0.0,0.0,0.003821845721083598,0.0,0.0,0.0,0.0,0.0,0.0,0.0,6.315648206879819e-07,0.03154427071201638,0.0024301757998666483,0.0007097925125163003,0.0,0.0,0.005574286819801095,0.0,0.003199172552336204,0.0,0.0,0.0009536757643141621
2018-05-12 17:00:00,0.0,0.0,0.0,0.0039573785409337744,0.0,0.0,0.0,0.0,0.0,0.0,0.0,6.539617899308281e-07,0.04756753569557297,0.002480133231489589,0.0009488256443458869,0.0,0.0,0.005771965864555185,0.0,0.0015047565640460678,0.0,0.0,0.0006485334243453542
2018-05-12 18:00:00,0.0,0.0,0.0,0.003877458624458227,0.0,0.0,0.0,0.0,0.0,0.0,0.0,6.407549230393078e-07,0.040511039186135286,0.002467373719832823,0.000927318070641823,0.0,0.0,0.005655400055895871,0.0,0.00038247418079762334,0.0,0.0,0.0005656394762328165
2018-05-12 19:00:00,0.0,0.0,0.0,0.004151975030749657,0.0,0.0,0.0,0.0,0.0,0.0,0.0,6.861191050519192e-07,0.029649944117290758,0.0026422971141146934,0.0008156028980386138,0.0,0.0,0.006055791201191926,0.0,2.399584363064276e-05,0.0,0.0,0.00039806057969991946
2018-05-12 20:00:00,0.0,0.0,0.0,0.004344732466792593,0.0,0.0,0.0,0.0,0.0,0.0,0.0,7.179725142199416e-07,0.019821085617353393,0.0027597935102644288,0.0007851226578204792,0.0,0.0,0.00633693421783053,0.0,0.0,0.0,0.0,0.00037339586427365606
2018-05-12 21:00:00,0.0,0.0,0.0,0.004498248971623093,0.0,0.0,0.0,0.0,0.0,0.0,0.0,7.433413100640686e-07,0.0031121874086154615,0.0028754424110412464,0.0007346200053669731,0.0,0.0,0.006560843054542012,0.0,0.0,0.0,0.0,0.0002808648716344812
2018-05-12 22:00:00,0.0,0.0,0.0,0.004409790371813725,0.0,0.0,0.0,0.0,0.0,0.0,0.0,7.287234149934447e-07,0.0,0.0028316761164371576,0.0006341301257579313,0.0,0.0,0.006431823297335379,0.0,0.0,0.0,0.0,0.0001890341042320445
2018-05-12 23:00:00,0.0,0.0,0.0,0.0044235164719057625,0.0,0.0,0.0,0.0,0.0,0.0,0.0,7.309916703276539e-07,0.0,0.0028411247442943536,0.0005712987773099356,0.0,0.0,0.006451843262664753,0.0,0.0,0.0,0.0,0.0003191772420826052
2018-05-13 00:00:00,0.0,0.0,0.0,0.004511964502932268,0.0,0.0,0.0,0.0,0.0,0.0,0.0,7.456078188935941e-07,0.0,0.0028773481906467103,0.0005592257743087538,0.0,0.0,0.006580847604956369,0.0,0.0,0.0,0.0,0.000867055209946568
2018-05-13 01:00:00,0.0,0.0,0.0,0.004542297001720646,0.0,0.0,0.0,0.0,0.0,0.0,0.0,7.506203025353641e-07,0.0,0.0028826806904852917,0.0005460054265232102,0.0,0.0,0.006625088545210687,0.0,0.0,0.0,0.0,0.0011915332124532746
2018-05-13 02:00:00,0.0,0.0,0.0,0.00475857572712554,0.0,0.0,0.0,0.0,0.0,0.0,0.0,7.863606344057564e-07,0.0,0.003038985142423253,0.0005308740304700463,0.0,0.0,0.006940538130675916,0.0,0.0,0.0,0.0,0.001239430223884395
2018-05-13 03:00:00,0.0,0.0,0.0,0.0047317021588562215,0.0,0.0,0.0,0.0,0.0,0.0,0.0,7.819197433902901e-07,0.0,0.002986590653910826,0.0005789970261680906,0.0,0.0,0.006901342153565094,0.0,0.0004528628817429568,0.0,0.0,0.001191185997573709
2018-05-13 04:00:00,0.0,0.0,0.0,0.004439937132249261,0.0,0.0,0.0,0.0,0.0,0.0,0.0,7.337052051383892e-07,0.0,0.0027778444232002242,0.0005637297710391518,0.0,0.0,0.0064757933321351775,0.0,0.001278287346127419,0.0,0.0,0.0010955450556474516
2018-05-13 05:00:00,0.0,0.0,0.0,0.004019681439050891,0.0,0.0,0.0,0.0,0.0,0.0,0.0,6.642574223423117e-07,0.0,0.002616698429471228,0.0004893514494577491,0.0,0.0,0.005862836676501823,0.0,0.0023917614117994887,0.0,0.0,0.0007357041879759678
2018-05-13 06:00:00,0.0,0.0,0.0,0.003902934073572722,0.0,0.0,0.0,0.0,0.0,0.0,0.0,6.449647731028996e-07,0.0,0.0025614172153211883,0.0005221128517201817,0.0,0.0,0.005692556830551646,0.0,0.004193327277790507,0.0,0.0,0.0006284568877209083
2018-05-13 07:00:00,0.0,0.0,0.0,0.003684629006781736,0.0,0.0,0.0,0.0,0.0,0.0,0.0,6.08889585765396e-07,0.0,0.0024085797989163073,0.0004417950969107683,0.0,0.0,0.005374151759987006,0.0,0.006395758627368631,0.0,0.0,0.0006267341601820422
2018-05-13 08:00:00,0.0,0.0,0.0,0.003504381898492252,0.0,0.0,0.0,0.0,0.0,0.0,0.0,5.79103524020837e-07,0.0,0.00227456636929286,0.00041404953920432766,0.0,0.0,0.0051112554650103335,0.0,0.007508768411094175,0.0,0.0,0.000783836669880584
2018-05-13 09:00:00,0.0,0.0,0.0,0.003420079958913837,0.0,0.0,0.0,0.0,0.0,0.0,0.0,5.651725222905016e-07,0.0,0.00212887852431961,0.00038494884288856285,0.0,0.0,0.004988298332522424,0.0,0.008155835206636056,0.0,0.0,0.0007107411862452255
2018-05-13 10:00:00,0.0,0.0,0.0,0.003388204027543128,0.0,0.0,0.0,0.0,0.0,0.0,0.0,5.599049844698758e-07,0.0,0.002061107499591785,0.00037286841893833514,0.0,0.0,0.004941806245432563,0.0,0.008869511336581466,0.0,0.0,0.000714758520412673
2018-05-13 11:00:00,0.0,0.0,0.0,0.0033962800042043654,0.0,0.0,0.0,0.0,0.0,0.0,0.0,5.612395497883545e-07,0.0,0.0020535952019304906,0.00030528762472418954,0.0,0.0,0.004953585321184211,0.0,0.008577377295164095,0.0,0.0,0.0009061957099046537
2018-05-13 12:00:00,0.0,0.0,0.0,0.003418935681969143,0.0,0.0,0.0,0.0,0.0,0.0,0.0,5.649834290836758e-07,0.0,0.002066067918134104,0.00029055425834399425,0.0,0.0,0.0049866293672222745,0.0,0.007871477412384205,0.0,0.0,0.001106167470862485
2018-05-13 13:00:00,0.0,0.0,0.0,0.0035636521345940742,0.0,0.0,0.0,0.0,0.0,0.0,0.0,5.888980052133348e-07,0.0,0.0021350122129851386,0.00038786415569181,0.0,0.0,0.00519770304034972,0.0,0.007049363210084607,0.0,0.0,0.0011303328035659336
2018-05-13 14:00:00,0.0,0.0,0.0,0.003700736374990851,0.0,0.0,0.0,0.0,0.0,0.0,0.0,6.178129665605263e-07,0.0,0.002260277442182355,0.0003483400301829115,0.0,0.0,0.005452910871205671,0.0,0.005726414148103309,0.0,0.0,0.0010741927128493356
2018-05-13 15:00:00,0.0,0.0,0.0,0.003850680689255292,0.0,0.0,0.0,0.0,0.0,0.0,0.0,6.450466825703137e-07,0.0,0.002470123646566674,0.00039338453604531115,0.0,0.0,0.005693279775924263,0.0,0.004438330594965101,0.0,0.0,0.001146360586870562
2018-05-13 16:00:00,0.0,0.0,0.0,0.003906157495503634,0.0,0.0,0.0,0.0,0.0,0.0,0.0,6.634279322949055e-07,0.0,0.002599837756601583,0.00046453755472535837,0.0,0.0,0.005855515471635827,0.0,0.002928056764496843,0.0,0.0,0.0012954657848970347
2018-05-13 17:00:00,0.0,0.0,0.0,0.004077468047043585,0.0,0.0,0.0,0.0,0.0,0.0,0.0,6.85384167380303e-07,0.0,0.002693615216990442,0.0005190751425388173,0.0,0.0,0.006049304529923878,0.0,0.001392806104171446,0.0,0.0,0.0013872283321931108
2018-05-13 18:00:00,0.0,0.0,0.0,0.004015676701188877,0.0,0.0,0.0,0.0,0.0,0.0,0.0,6.726859855205863e-07,0.0033584893436451563,0.0026324974549518927,0.0007993708259453297,0.0,0.0,0.0059372284524454805,0.0,0.0003716076937912418,0.0,0.0,0.0010957373985600205
2018-05-13 19:00:00,0.0,0.0,0.0,0.004068691776326736,0.0,0.0,0.0,0.0,0.0,0.0,0.0,6.815668045506641e-07,0.0006162602240426688,0.002652991171331575,0.0010446666507103258,0.0,0.0,0.006015611907075642,0.0,2.33809339395285e-05,0.0,0.0,0.0009010138085770186
2018-05-13 20:00:00,0.0,0.0,0.0,0.004194566338510475,0.0,0.0,0.0,0.0,0.0,0.0,0.0,7.026526787918532e-07,0.0,0.002687241440330418,0.0010137743465005726,0.0,0.0,0.006201719028651231,0.0,0.0,0.0,0.0,0.0006925647612589659
2018-05-13 21:00:00,0.0,0.0,0.0,0.0042737017388405265,0.0,0.0,0.0,0.0,0.0,0.0,0.0,7.159090434650416e-07,0.0,0.002686165052575892,0.0009281499994711421,0.0,0.0,0.006318721712232841,0.0,0.0,0.0,0.0,0.0005963884798854492
2018-05-13 22:00:00,0.0,0.0,0.0,0.004242367275549857,0.0,0.0,0.0,0.0,0.0,0.0,0.0,7.01056537393546e-07,0.0,0.0026441923185305176,0.0006890729511716043,0.0,0.0,0.006187631242777676,0.0,0.0,0.0,0.0,0.0007260027155592744
2018-05-13 23:00:00,0.0,0.0,0.0,0.004289049930059596,0.0,0.0,0.0,0.0,0.0,0.0,0.0,7.087709048684118e-07,0.0,0.002648736730793562,0.00047080080351772133,0.0,0.0,0.00625571941920809,0.0,0.0,0.0,0.0,0.0008693151232995744
2018-05-14 00:00:00,0.0,0.0,0.0,0.004399485107694144,0.0,0.0,0.0,0.0,0.0,0.0,0.0,7.270204571137165e-07,0.0,0.0027166844363463215,0.0004878663801782536,0.0,0.0,0.006416792733008973,0.0,0.0,0.0,0.0,0.0006439936551024786
2018-05-14 01:00:00,0.0,0.0,0.0,0.0043377694679881465,0.0,0.0,0.0,0.0,0.0,0.0,0.0,7.168218698945778e-07,0.0,0.002616653059116121,0.0005040801974254628,0.0,0.0,0.006326778456636981,0.0,0.0,0.0,0.0,0.002082981416646965
2018-05-14 02:00:00,0.0,0.0,0.0,0.0042701330914547315,0.0,0.0,0.0,0.0,0.0,0.0,0.0,7.056448734549623e-07,0.0,0.0025452830279517765,0.0005346963662783336,0.0,0.0,0.00622812859220906,0.0,0.0,0.0,0.0,0.0026043666530647627
2018-05-14 03:00:00,0.0,0.0,0.0,0.004230534955695634,0.0,0.0,0.0,0.0,0.0,0.0,0.0,6.991012316296763e-07,0.0,0.002518887599550314,0.0005063362877674203,0.0,0.0,0.006170373417783012,0.0,0.00028113756550449375,0.0,0.0,0.0032363866124421707
2018-05-14 04:00:00,0.0,0.0,0.0,0.003587494200844961,0.0,0.0,0.0,0.0,0.0,0.0,0.0,5.928379367007583e-07,0.05949968786709327,0.002116870679532006,0.0009937056167515002,0.0,0.0,0.005232477472746604,0.0,0.0007198791102940527,0.0,0.0,0.002092284210981042
2018-05-14 05:00:00,0.0,0.0,0.0,0.0031120658360980482,0.0,0.0,0.0,0.0,0.0,0.0,0.0,5.142728004172792e-07,0.09219052291838303,0.0018516493889016393,0.0012674371756041132,0.0,0.0,0.004539049673516418,0.0,0.0013062989716157158,0.0,0.0,0.0010802776611346667
2018-05-14 06:00:00,0.0,0.0,0.0,0.003041083381028273,0.0,0.0,0.0,0.0,0.0,0.0,0.0,5.025428602836873e-07,0.0982667885696382,0.0018033507936381574,0.0012315629952625886,0.0,0.0,0.004435519444247932,0.0,0.0021816461496714243,0.0,0.0,0.0008870286488516034
2018-05-14 07:00:00,0.0,0.0,0.0,0.0031932479216670554,0.0,0.0,0.0,0.0,0.0,0.0,0.0,5.276882423417454e-07,0.07636609968548225,0.00190270050212857,0.0011811309606591408,0.0,0.0,0.004657456397025648,0.0,0.003452793687744798,0.0,0.0,0.0008101034094381401
2018-05-14 08:00:00,0.0,0.0,0.0,0.0033841416961960078,0.0,0.0,0.0,0.0,0.0,0.0,0.0,5.592336790964889e-07,0.07492946946661766,0.0019579888238139033,0.001168451050614932,0.0,0.0,0.004935881202472038,0.0,0.004462845735305221,0.0,0.0,0.0006679940123817212
2018-05-14 09:00:00,0.0,0.0,0.0,0.0033498677223920996,0.0,0.0,0.0,0.0,0.0,0.0,0.0,5.535698617423985e-07,0.07430116452062036,0.00195584472536102,0.0010334927437942404,0.0,0.0,0.004885891492164432,0.0,0.005001497859573904,0.0,0.0,0.0006029873043172115
2018-05-14 10:00:00,0.0,0.0,0.0,0.003351512904921699,0.0,0.0,0.0,0.0,0.0,0.0,0.0,5.538417302282386e-07,0.07930184927908027,0.001957045694582722,0.0007796642890438661,0.0,0.0,0.004888291044621594,0.0,0.005649448676124368,0.0,0.0,0.000590580417225431
2018-05-14 11:00:00,0.0,0.0,0.0,0.003201136296665458,0.0,0.0,0.0,0.0,0.0,0.0,0.0,5.289918062490749e-07,0.0673889725488172,0.0018618422871429334,0.0008688418947063438,0.0,0.0,0.004668961849624289,0.0,0.005480036215613784,0.0,0.0,0.0005700317760111359
2018-05-14 12:00:00,0.0,0.0,0.0,0.003345466903832033,0.0,0.0,0.0009174638258898533,0.0,0.0,0.0,0.0,5.528426209306001e-07,0.04010371757140299,0.001959178780282925,0.0008690521231387073,0.0,0.0,0.004879472754547583,0.0,0.005290379012855529,0.0,0.0,0.0005208172852936872
2018-05-14 13:00:00,0.0,0.0,0.0,0.0033706586081819452,0.0,0.0,0.010798350500784476,0.0,0.0,0.0,0.0,5.570055818143444e-07,0.03424165524572985,0.0019789125086316327,0.0008729013946526958,0.0,0.0,0.0049162156781960625,0.0,0.004418766294237456,0.0,0.0,0.00046517244946826537
2018-05-14 14:00:00,0.0,0.0,0.0,0.003567549844340813,0.0,0.0,0.017677332058209084,0.0,0.0,0.0,0.0,5.895421066598462e-07,0.034723779271062384,0.0020777192639911727,0.0009850977091897385,0.0,0.0,0.005203387977328939,0.0,0.003545243549232192,0.0,0.0,0.00046657604613685824
2018-05-14 15:00:00,0.0,0.0,0.0,0.003566901410283199,0.0,0.0,0.017644477369099017,0.0,0.0,0.0,0.0,5.894349521148403e-07,0.047653243517644606,0.0021253426194188037,0.0008811009791287305,0.0,0.0,0.005202442215075656,0.0,0.0024814983337900654,0.0,0.0,0.00040013639398539904
2018-05-14 16:00:00,0.0,0.0,0.0,0.003516635025384507,0.0,0.0,0.017505414921636302,0.0,0.0,0.0,0.0,5.81128368677931e-07,0.06585204602175505,0.0021785368739991933,0.0007859342652302759,0.0,0.0,0.005129127050815079,0.0,0.001474354618951713,0.0,0.0,0.00030091691482822124
2018-05-14 17:00:00,0.0,0.0,0.0,0.0034953930754888845,0.0,0.0,0.017029314084210625,0.0,0.0,0.0,0.0,5.776181096941937e-07,0.08344426374006997,0.0021263627868644288,0.001058299317728231,0.0,0.0,0.0050981449730517535,0.0,0.0006682440219482178,0.0,0.0,0.00022456900281425708
2018-05-14 18:00:00,0.0,0.0,0.0,0.003380967128047844,0.0,0.0,0.01644374223265929,0.0,0.0,0.0,0.0,5.587090777102539e-07,0.07792316954758483,0.0020610221503492253,0.001281175482995185,0.0,0.0,0.004931250991134819,0.0,0.00020945043183571809,0.0,0.0,0.00017102384021240556
2018-05-14 19:00:00,0.0,0.0,0.0,0.003628390018954893,0.0,0.0,0.018062434019730362,0.0,0.0,0.0,0.0,6.016285510582259e-07,0.06714624049416529,0.002265782477577833,0.0008663665943155962,0.0,0.0,0.005310064767265964,0.0,2.7569806659282644e-05,0.0,0.0,0.00013337300492406858
2018-05-14 20:00:00,0.0,0.0,0.0,0.004133212979701662,0.0,0.0,0.003383314033740497,0.0,0.0,0.0,0.0,6.830186524772647e-07,0.04790889533179819,0.0026329070379676467,0.000823974182903225,0.0,0.0,0.006028426136900521,0.0,0.0,0.0,0.0,0.00015880271336635003
2018-05-14 21:00:00,0.0,0.0,0.0,0.004528180865827445,0.0,0.0,0.0,0.0,0.0,0.0,0.0,7.482875932935926e-07,0.02312165743967466,0.0028767756356145985,0.0008100541321333461,0.0,0.0,0.006604499699925305,0.0,0.0,0.0,0.0,0.0002086480517268242
2018-05-14 22:00:00,0.0,0.0,0.0,0.004517358712120071,0.0,0.0,0.0,0.0,0.0,0.0,0.0,7.464992187582337e-07,0.0201170695024859,0.002849809281952545,0.0007796158326782019,0.0,0.0,0.006588715235251579,0.0,0.0,0.0,0.0,0.00025564687199794526
2018-05-14 23:00:00,0.0,0.0,0.0,0.004692757712187634,0.0,0.0,0.0,0.0,0.0,0.0,0.0,7.754841245108171e-07,0.014153136560871893,0.0029628845180448378,0.0007653716959881771,0.0,0.0,0.006844540406029455,0.0,0.0,0.0,0.0,0.00041867299097215474
2018-05-15 00:00:00,0.0,0.0,0.0,0.004569347637423107,0.0,0.0,0.00033226189058690867,0.0,0.0,0.0,0.0,7.550904541672507e-07,0.013484094546349922,0.0028890968126365733,0.0008392387096811038,0.0,0.0,0.006664542780956424,0.0,0.0,0.0,0.0,0.0003383660685904625
2018-05-15 01:00:00,0.0,0.0,0.0,0.004626337202269772,0.0,0.0,0.008890727593926404,0.0,0.0,0.0,0.0,7.645080515613351e-07,0.015838737656782304,0.0029267893742096233,0.0008403090452129753,0.0,0.0,0.006747663922775015,0.0,0.0,0.0,0.0,0.0002869837800117005
2018-05-15 02:00:00,0.0,0.0,0.0,0.0045435169023004774,0.0,0.0,0.010694989352496803,0.0,0.0,0.0,0.0,7.508218926431772e-07,0.011666395710804104,0.0029019673299683106,0.0007928678832894242,0.0,0.0,0.006626867810052831,0.0,0.0,0.0,0.0,0.00044306904117570595
2018-05-15 03:00:00,0.0,0.0,0.0,0.003997674053723763,0.0,0.0,0.021926514238033518,0.0,0.0,0.0,0.0,6.606206741891187e-07,0.04544185572920871,0.002510950311114292,0.000783564799662451,0.0,0.0,0.005830738186159698,0.0,9.384332869441739e-05,0.0,0.0,0.0006355097197971451
2018-05-15 04:00:00,0.0,0.0,0.0,0.003315021987495918,0.0,0.0,0.03490448993823214,0.0,0.0,0.0,0.0,5.478115601474276e-07,0.0576510821909291,0.002039798667027175,0.0010404349571120984,0.0,0.0,0.004835067849627916,0.0,0.00024461245056777033,0.0,0.0,0.0006375100930686669
2018-05-15 05:00:00,0.0,0.0,0.0,0.002982903723336661,0.0,0.0,0.03894338663992564,0.0,0.0,0.0,0.0,4.92928598547535e-07,0.06482953616003931,0.0018647972150035571,0.0011845403963547736,0.0,0.0,0.0043506625131421554,0.0,0.0005988133708750516,0.0,0.0,0.00047718166790430865
2018-05-15 06:00:00,0.0,0.0,0.0,0.0029457929599689156,0.0,0.0,0.04162298918451475,0.0,0.0,0.0,0.0,4.867959981438487e-07,0.06681220859839447,0.0018864377483652508,0.001185079916938447,0.0,0.0,0.0042965352525956655,0.0,0.001206060895504561,0.0,0.0,0.00041518556616219416
2018-05-15 07:00:00,0.0,0.0,0.0,0.003064063773891734,0.0,0.0,0.054542219682471735,0.0,0.0,0.0,0.0,5.080568072909254e-07,0.06696399539630148,0.0019634907196315787,0.0011122110392080596,0.0,0.0,0.004484186376161661,0.0,0.002170752003339905,0.0,0.0,0.00043661546042295633
2018-05-15 08:00:00,0.0,0.0,0.0,0.0028737936808580717,0.0,0.0,0.05102720830850086,0.0,0.0,0.0,0.0,4.814034789749174e-07,0.06285010222695696,0.0018186470507149642,0.001049834422164651,0.0,0.0,0.004248940061184982,0.0,0.002705265741988407,0.0,0.0,0.0007277930628916776
2018-05-15 09:00:00,0.0,0.0,0.0,0.0028220098464799997,0.0,0.0,0.044307099359066154,0.0,0.0,0.0,0.0,4.7272891121095005e-07,0.054678881812431905,0.0017846039267584812,0.0009571123826172417,0.0,0.0,0.004172377011486487,0.0,0.0033526502761067126,0.0,0.0,0.0008855721274070397
2018-05-15 10:00:00,0.0,0.0,0.0,0.0028413895670767373,0.0,0.0,0.0438813121873949,0.0,0.0,0.0,0.0,4.7597530463820726e-07,0.03327400754591713,0.0018156615062772084,0.0009321930540648562,0.0,0.0,0.004201030171860012,0.0,0.004222193763737036,0.0,0.0,0.0009101934284654827
2018-05-15 11:00:00,0.0,0.0,0.0,0.0028432021318824372,0.0,0.0,0.043214709243252505,0.0,0.0,0.0,0.0,4.762789363878153e-07,0.025454727820777064,0.0018243040663575008,0.0009316044321970237,0.0,0.0,0.004203710071696848,0.0,0.004637565301131471,0.0,0.0,0.0007299440250738465
2018-05-15 12:00:00,0.0,0.0,0.0,0.0028955733470735815,0.0,0.0,0.034076745043461545,0.0,0.0,0.0,0.0,4.850518992344846e-07,0.03328403350459376,0.0018847745007707574,0.0009586585779423685,0.0,0.0,0.004281141571306852,0.0,0.004796382083150366,0.0,0.0,0.0006329312628796771
2018-05-15 13:00:00,0.0,0.0,0.0,0.0029619236126584296,0.0,0.0,0.03763347837652589,0.0,0.0,0.0,0.0,4.961665623699113e-07,0.02779035263165367,0.001944116524813723,0.0010424540739706126,0.0,0.0,0.00437924127254551,0.0,0.004856297553903434,0.0,0.0,0.0005073830217620725
2018-05-15 14:00:00,0.0,0.0,0.0,0.003063827609778889,0.0,0.0,0.04461939286328776,0.0,0.0,0.0,0.0,5.132370079840138e-07,0.017634261840214244,0.0020236577081027374,0.0011452277393374742,0.0,0.0,0.004529907612528107,0.0,0.004255556536465223,0.0,0.0,0.000393744073476399
2018-05-15 15:00:00,0.0,0.0,0.0,0.003018651393667329,0.0,0.0,0.055398457963468185,0.0,0.0,0.0,0.0,5.056693152342219e-07,0.029306609776192056,0.002005496596767013,0.0011832872027800131,0.0,0.0,0.004463114009449461,0.0,0.003278185974437531,0.0,0.0,0.00028701746444235646
2018-05-15 16:00:00,0.0,0.0,0.0,0.0028393082248765094,0.0,0.0,0.058050965765904065,0.0,0.0,0.0,0.0,4.7562664864985257e-07,0.050199330003082014,0.0018931186734535907,0.0011035329775423443,0.0,0.0,0.004197952881268663,0.0,0.002103520511582183,0.0,0.0,0.0002864383704677207
2018-05-15 17:00:00,0.0,0.0,0.0,0.0028386928654437348,0.0,0.0,0.05951505197261867,0.0,0.0,0.0,0.0,4.7552356672934776e-07,0.05898392824922142,0.001883501917355363,0.0011276677186381314,0.0,0.0,0.004197043064616424,0.0,0.0010481450931730531,0.0,0.0,0.0002464301341614793
2018-05-15 18:00:00,0.0,0.0,0.0,0.0029097048789409074,0.0,0.0,0.06148797578832708,0.0,0.0,0.0,0.0,4.874191424536096e-07,0.05379124071564766,0.001970312397782435,0.0011663933291522334,0.0,0.0,0.004302035218709913,0.0,0.0003660266876508236,0.0,0.0,0.0002688482422689281
2018-05-15 19:00:00,0.0,0.0,0.0,0.002946139262267317,0.0,0.0,0.06230754513271172,0.0,0.0,0.0,0.0,4.935224472957313e-07,0.05450845173988907,0.0020098945710491397,0.0010181844912910275,0.0,0.0,0.004355903912190348,0.0,5.751675809638036e-05,0.0,0.0,0.00023226004836859738
2018-05-15 20:00:00,0.0,0.0,0.0,0.0034070270846420134,0.0,0.0,0.028660625434686778,0.0,0.0,0.0,0.0,5.687801823819314e-07,0.038123847165647075,0.00236206229423068,0.0008536468666225125,0.0,0.0,0.005020140087223189,0.0,0.0,0.0,0.0,0.00022901690877823871
2018-05-15 21:00:00,0.0,0.0,0.0,0.003933319431114425,0.0,0.0,0.018489865238278672,0.0,0.0,0.0,0.0,6.521893340650694e-07,0.0213509017332582,0.002747008025815132,0.0007893409394731766,0.0,0.0,0.005756321900471792,0.0,0.0,0.0,0.0,0.00023408829947384224
2018-05-15 22:00:00,0.0,0.0,0.0,0.003959396808532193,0.0,0.0,0.018417954569955736,0.0,0.0,0.0,0.0,6.542953111943537e-07,0.048530643964636876,0.0027196370922635206,0.0006851181416603996,0.0,0.0,0.0057749095737715545,0.0,0.0,0.0,0.0,0.0002405049702549919
2018-05-15 23:00:00,0.0,0.0,0.0,0.004104562108436808,0.0,0.0,0.01913585887094283,0.0,0.0,0.0,0.0,6.78284059902499e-07,0.025724934148726477,0.0028189950944514973,0.0006571111278052532,0.0,0.0,0.005986637905317429,0.0,0.0,0.0,0.0,0.00030364845542967504
2018-05-16 00:00:00,0.0,0.0,0.0,0.004253246380729147,0.0,0.0,0.019967187836136498,0.0,0.0,0.0,0.0,7.05236880259297e-07,0.006737040465259908,0.0029373804462507654,0.0006978847907127521,0.0,0.0,0.00622452758243355,0.0,0.0,0.0,0.0,0.00028029321877883455
2018-05-16 01:00:00,0.0,0.0,0.0,0.0043549232144358,0.0,0.0,0.02056253669786007,0.0,0.0,0.0,0.0,7.220960618300646e-07,0.0,0.003009293362524258,0.0007164566092679626,0.0,0.0,0.006373329273953022,0.0,0.0,0.0,0.0,0.0002538627891989656
2018-05-16 02:00:00,0.0,0.0,0.0,0.004262329876938038,0.0,0.0,0.01982711049987237,0.0,0.0,0.0,0.0,7.043553824245321e-07,0.008078497062190347,0.002915975194005117,0.0007814681566192064,0.0,0.0,0.006216747348954648,0.0,0.0,0.0,0.0,0.0003052519629756701
2018-05-16 03:00:00,0.0,0.0,0.0,0.0038214885246356635,0.0,0.0,0.0173159580298726,0.0,0.0,0.0,0.0,6.315057935249161e-07,0.03011383066869201,0.002621401333840067,0.0010316008655050408,0.0,0.0,0.005573765837114425,0.0,0.00022573023287087663,0.0,0.0,0.000431980070888107
2018-05-16 04:00:00,0.0,0.0,0.0,0.0030693921420892616,0.0,0.0,0.02228359768551183,0.0,0.0,0.0,0.0,5.124143069624685e-07,0.07007145616265295,0.0020959078733441905,0.000987276930195042,0.0,0.0,0.004522646328633224,0.0,0.0004939292690685614,0.0,0.0,0.0006027498628779954
2018-05-16 05:00:00,0.0,0.0,0.0,0.0027869683490739203,0.0,0.0,0.037811152222812894,0.0,0.0,0.0,0.0,4.668589356200995e-07,0.07411511226463859,0.0019363661070475285,0.0010402144147090356,0.0,0.0,0.004120567717338361,0.0,0.0009920933647069347,0.0,0.0,0.0002811538575398317
2018-05-16 06:00:00,0.0,0.0,0.0,0.0027553122551118845,0.0,0.0,0.03808960935723695,0.0,0.0,0.0,0.0,4.6155606580533577e-07,0.0773513082628669,0.001902149893327303,0.0010459614554472006,0.0,0.0,0.004073763784713745,0.0,0.0019516078100898836,0.0,0.0,0.00019044431140152212
2018-05-16 07:00:00,0.0,0.0,0.0,0.002783442426808855,0.0,0.0,0.03870710750548968,0.0,0.0,0.0,0.0,4.662682908371063e-07,0.07530444964824502,0.001908413593357109,0.0010787106659170679,0.0,0.0,0.004115354596972607,0.0,0.003343569512285334,0.0,0.0,0.0002464831885746209
2018-05-16 08:00:00,0.0,0.0,0.0,0.0027867177054967454,0.0,0.0,0.044169687169341006,0.0,0.0,0.0,0.0,4.6681694906732836e-07,0.0699013336849697,0.001881357449230782,0.0010965828239724949,0.0,0.0,0.004120197137660623,0.0,0.004226737651575986,0.0,0.0,0.00030962769811376594
2018-05-16 09:00:00,0.0,0.0,0.0,0.0027869490140338617,0.0,0.0,0.045177028667427496,0.0,0.0,0.0,0.0,4.6685569671133154e-07,0.06715875088859553,0.0018885660537513436,0.0009696391659540369,0.0,0.0,0.004120539130238725,0.0,0.004817038641078632,0.0,0.0,0.00032845243249267705
2018-05-16 10:00:00,0.0,0.0,0.0,0.0028359118652905124,0.0,0.0,0.046899872498510055,0.0,0.0,0.0,0.0,4.816557312719657e-07,0.05410194310992517,0.0019389440548199782,0.000957047761879484,0.0,0.0,0.004251166478187071,0.0,0.0056587847754654245,0.0,0.0,0.0003565885625603588
2018-05-16 11:00:00,0.0,0.0,0.0,0.002959701191854807,0.0,0.0,0.044511684721618545,0.0,0.0,0.0,0.0,4.957942736027197e-07,0.03790958170105467,0.001985830752316233,0.0009579128150596487,0.0,0.0,0.004375955395466645,0.0,0.005973248016576556,0.0,0.0,0.0003601835920652369
2018-05-16 12:00:00,0.0,0.0,0.0,0.003001883355579295,0.0,0.0,0.04516504217648088,0.0,0.0,0.0,0.0,5.028604177392725e-07,0.03352255794089602,0.0020276232365150555,0.0007210465204121309,0.0,0.0,0.004438322254476135,0.0,0.005742517422747053,0.0,0.0,0.0004458726875176893
2018-05-16 13:00:00,0.0,0.0,0.0,0.003081575401102913,0.0,0.0,0.03655128088844926,0.0,0.0,0.0,0.0,5.162100288186046e-07,0.022221247532321138,0.002082706248048718,0.0007238537931932813,0.0,0.0,0.004556147944969677,0.0,0.005242940769738429,0.0,0.0,0.0006968314546826972
2018-05-16 14:00:00,0.0,0.0,0.0,0.003196523946563083,0.0,0.0,0.03157988523908323,0.0,0.0,0.0,0.0,5.354656316324814e-07,0.02653923953174626,0.0021673683146675475,0.0005774944952258686,0.0,0.0,0.004726100813553766,0.0,0.004354522252901501,0.0,0.0,0.0007205032558353604
2018-05-16 15:00:00,0.0,0.0,0.0,0.0031248306825595144,0.0,0.0,0.03772902388449762,0.0,0.0,0.0,0.0,5.234559362461098e-07,0.02826419968382402,0.0021288462312785868,0.000739284647173507,0.0,0.0,0.004620101422027887,0.0,0.0032346542951554465,0.0,0.0,0.0009552098918052793
2018-05-16 16:00:00,0.0,0.0,0.0,0.003107271598646859,0.0,0.0,0.04277843133389823,0.0,0.0,0.0,0.0,5.205145267289726e-07,0.03714472656081487,0.002145398775447335,0.0009774968438206492,0.0,0.0,0.004594140095864795,0.0,0.002244164636077174,0.0,0.0,0.0007033223481391555
2018-05-16 17:00:00,0.0,0.0,0.0,0.0029847309228458307,0.0,0.0,0.04686190933159265,0.0,0.0,0.0,0.0,4.999871283845867e-07,0.0479744521659881,0.0020288429572340185,0.001012627721460108,0.0,0.0,0.004412962167190316,0.0,0.0011027103472535053,0.0,0.0,0.000519950636924018
2018-05-16 18:00:00,0.0,0.0,0.0,0.0030517729740156202,0.0,0.0,0.048133398629239356,0.0,0.0,0.0,0.0,5.060188521421725e-07,0.04624564545019005,0.0020820496432020176,0.0007617019393455212,0.0,0.0,0.004466199075170665,0.0,0.0003892070597021987,0.0,0.0,0.0006109968038732637
2018-05-16 19:00:00,0.0,0.0,0.0,0.0032047401782975605,0.0,0.0,0.04333765420817087,0.0,0.0,0.0,0.0,5.295873522294379e-07,0.03680326220960941,0.002164035300499048,0.0006361091400124443,0.0,0.0,0.004674218228700797,0.0,6.35447869280731e-05,0.0,0.0,0.0011454658119219657
2018-05-16 20:00:00,0.0,0.0,0.0,0.003434018289430967,0.0,0.0,0.02783864990983592,0.0,0.0,0.0,0.0,5.674758489698541e-07,0.032754823539324344,0.0022785078112821846,0.0006859965008403288,0.0,0.0,0.005008627842859026,0.0,0.0,0.0,0.0,0.001943811909754309
2018-05-16 21:00:00,0.0,0.0,0.0,0.0038775666906237034,0.0,0.0,0.018714006608312034,0.0,0.0,0.0,0.0,6.407727811093092e-07,0.012670679747554198,0.0025857690207491263,0.0005865860352730615,0.0,0.0,0.0056555576739280595,0.0,0.0,0.0,0.0,0.002355497117132718
2018-05-16 22:00:00,0.0,0.0,0.0,0.004124643046465419,0.0,0.0,0.019015471475420615,0.0,0.0,0.0,0.0,6.636655533647175e-07,0.0,0.0026207048886047386,0.0005165112793791332,0.0,0.0,0.005857612751208996,0.0,0.0,0.0,0.0,0.0022468596396050906
2018-05-16 23:00:00,0.0,0.0,0.0,0.003915343142619102,0.0,0.0,0.018201042945644924,0.0,0.0,0.0,0.0,6.299886666764548e-07,0.0,0.0025005189026417857,0.0005071062139538804,0.0,0.0,0.005560375445632309,0.0,0.0,0.0,0.0,0.0019244687998367434
2018-05-17 00:00:00,0.0,0.0,0.0,0.0038217292669660116,0.0,0.0,0.01799006525613205,0.0,0.0,0.0,0.0,6.149259560641594e-07,0.0,0.0024605392749959196,0.0004645879646858621,0.0,0.0,0.0054274296790439635,0.0,0.0,0.0,0.0,0.0016918479600370809
2018-05-17 01:00:00,0.0,0.0,0.0,0.0037919485092887282,0.0,0.0,0.01781919304639893,0.0,0.0,0.0,0.0,6.101341564342613e-07,0.0,0.0024173699521760836,0.0004416609986933879,0.0,0.0,0.005385136529322653,0.0,0.0,0.0,0.0,0.0018704219022363897
2018-05-17 02:00:00,0.0,0.0,0.0,0.0038436174147463043,0.0,0.0,0.017968694451818087,0.0,0.0,0.0,0.0,6.184478146941287e-07,0.0,0.0024679736824290348,0.00043862195004449326,0.0,0.0,0.005458514137042834,0.0,0.0,0.0,0.0,0.001862449586993498
2018-05-17 03:00:00,0.0,0.0,0.0,0.003980414187968082,0.0,0.0,0.018270025950327517,0.0,0.0,0.0,0.0,6.404587633207107e-07,0.0,0.0025504167870102554,0.00045096670788847176,0.0,0.0,0.005652786105337109,0.0,0.00039408976913636113,0.0,0.0,0.0017837183954235005
2018-05-17 04:00:00,0.0,0.0,0.0,0.0035850116437182084,0.0,0.0,0.01590397274124181,0.0,0.0,0.0,0.0,5.768374886127613e-07,0.038828315344968826,0.0023269136296593883,0.0005567192905442807,0.0,0.0,0.005091255093085438,0.0,0.0009534840722484731,0.0,0.0,0.0015915412645669325
2018-05-17 05:00:00,0.0,0.0,0.0,0.0031052201051842703,0.0,0.0,0.014497883782471714,0.0,0.0,0.0,0.0,4.996378101596879e-07,0.0958229399511449,0.0020862455619616686,0.0006066686678478395,0.0,0.0,0.004409879031598867,0.0,0.0015757417315033371,0.0,0.0,0.0013309589194974842
2018-05-17 06:00:00,0.0,0.0,0.0,0.002928518093949743,0.0,0.0,0.019194169970715803,0.0,0.0,0.0,0.0,4.7120600727504416e-07,0.08732755993411878,0.001956564533771507,0.0006075742623063476,0.0,0.0,0.004158935630555079,0.0,0.002540479627067107,0.0,0.0,0.0017439965690391969
2018-05-17 07:00:00,0.0,0.0,0.0,0.002984929668556838,0.0,0.0,0.027395504845218792,0.0,0.0,0.0,0.0,4.802827730596314e-07,0.0712710390998536,0.0019801179987449908,0.0006056501427190214,0.0,0.0,0.004239048540935885,0.0,0.004014202980230401,0.0,0.0,0.0019354116431554986
2018-05-17 08:00:00,0.0,0.0,0.0,0.0030290257103558283,0.0,0.0,0.027738941219581453,0.0,0.0,0.0,0.0,4.873779383023058e-07,0.06390791897732558,0.0020094124214195355,0.0005559671573162487,0.0,0.0,0.004301671544626098,0.0,0.004988004856302952,0.0,0.0,0.002141457496848411
2018-05-17 09:00:00,0.0,0.0,0.0,0.0029528574517891253,0.0,0.0,0.02689805217487394,0.0,0.0,0.0,0.0,4.7512227183589093e-07,0.0538863895982232,0.0019233678795450772,0.000577212116866698,0.0,0.0,0.004193501175071321,0.0,0.005482863584742401,0.0,0.0,0.0023035866573806497
2018-05-17 10:00:00,0.0,0.0,0.0,0.002994530273119618,0.0,0.0,0.02741630421472449,0.0,0.0,0.0,0.0,4.834177246276231e-07,0.019716896450473757,0.0019261856567293957,0.00043602697098386433,0.0,0.0,0.004266718098570738,0.0,0.006215701706752301,0.0,0.0,0.002544721431936337
2018-05-17 11:00:00,0.0,0.0,0.0,0.0030237382154672367,0.0,0.0,0.027659936129931756,0.0,0.0,0.0,0.0,4.865271669309124e-07,0.011810599368430298,0.0019376882115850716,0.0004053053415332876,0.0,0.0,0.004294162507569446,0.0,0.006243045778876664,0.0,0.0,0.0023597240501060713
2018-05-17 12:00:00,0.0,0.0,0.0,0.0030647089524921626,0.0,0.0,0.028512888101077296,0.0,0.0,0.0,0.0,4.947469196617092e-07,0.006131490634944155,0.0019502370604593262,0.0003486253023311022,0.0,0.0,0.004366711290858852,0.0,0.005934243026263453,0.0,0.0,0.002272143993520261
2018-05-17 13:00:00,0.0,0.0,0.0,0.003008951794457001,0.0,0.0,0.028482698694460802,0.0,0.0,0.0,0.0,4.857458423605335e-07,0.0,0.0019306545665618595,0.00040224084967284933,0.0,0.0,0.004287266418503077,0.0,0.00518315349023822,0.0,0.0,0.0023897961394410802
2018-05-17 14:00:00,0.0,0.0,0.0,0.003007765795836698,0.0,0.0,0.028846318315111242,0.0,0.0,0.0,0.0,4.839571640013839e-07,0.0,0.0019306880116812988,0.00033203632551372607,0.0,0.0,0.004271479272234529,0.0,0.004206876521238986,0.0,0.0,0.002558251428530717
2018-05-17 15:00:00,0.0,0.0,0.0,0.0030043877945368155,0.0,0.0,0.0329345378756488,0.0,0.0,0.0,0.0,4.834136350034324e-07,0.0,0.0019897104560627965,0.0003639005702687198,0.0,0.0,0.004266682002927856,0.0,0.0032170955517191614,0.0,0.0,0.0023174197820095225
2018-05-17 16:00:00,0.0,0.0,0.0,0.00308154432736738,0.0,0.0,0.04392877703448766,0.0,0.0,0.0,0.0,4.958283173116578e-07,0.023468518323704432,0.00203482530095809,0.0005665792685019611,0.0,0.0,0.00437625587040099,0.0,0.0022490440078000626,0.0,0.0,0.002203695908368759
2018-05-17 17:00:00,0.0,0.0,0.0,0.003170207302989706,0.0,0.0,0.04448727235089695,0.0,0.0,0.0,0.0,5.100944155209995e-07,0.042612536248105654,0.0020593163661910044,0.0005112464787842908,0.0,0.0,0.004502170615195823,0.0,0.001163698106699242,0.0,0.0,0.0019164210359884808
2018-05-17 18:00:00,0.0,0.0,0.0,0.0031309239801886055,0.0,0.0,0.04389800876823789,0.0,0.0,0.0,0.0,5.037736290017542e-07,0.0545365700196391,0.002043333049762029,0.0005182834917203417,0.0,0.0,0.004446382395474172,0.0,0.0003978440295847245,0.0,0.0,0.0017201556626507486
2018-05-17 19:00:00,0.0,0.0,0.0,0.003359164230086883,0.0,0.0,0.047573785929490714,0.0,0.0,0.0,0.0,5.404980655269094e-07,0.03575539727035833,0.0022103554755467606,0.00045648556265450265,0.0,0.0,0.004770517837761466,0.0,6.60492925469176e-05,0.0,0.0,0.0020458550936819798
2018-05-17 20:00:00,0.0,0.0,0.0,0.003645895656632511,0.0,0.0,0.03633080848865518,0.0,0.0,0.0,0.0,5.866338810924599e-07,0.035209747966884274,0.0023682140132142526,0.0004638469669731501,0.0,0.0,0.005177719537735312,0.0,0.0,0.0,0.0,0.002471161031452929
2018-05-17 21:00:00,0.0,0.0,0.0,0.003896541351127686,0.0,0.0,0.021195638128869237,0.0,0.0,0.0,0.0,6.269634106206388e-07,0.02122136037029651,0.0024903076181445913,0.0005709931770065839,0.0,0.0,0.00553367407721206,0.0,0.0,0.0,0.0,0.002763457377857975
2018-05-17 22:00:00,0.0,0.0,0.0,0.004156678205042971,0.0,0.0,0.01945746069774935,0.0,0.0,0.0,0.0,6.688200918314383e-07,0.005015355883917554,0.0025808453643098995,0.0004683131880441505,0.0,0.0,0.0059031074888764605,0.0,0.0,0.0,0.0,0.002720067127086189
2018-05-17 23:00:00,0.0,0.0,0.0,0.004218215662677807,0.0,0.0,0.020189238842648217,0.0,0.0,0.0,0.0,6.787216252280987e-07,0.0,0.0026038505338137124,0.00047435883961811616,0.0,0.0,0.0059904999231933384,0.0,0.0,0.0,0.0,0.0028311578014769798
2018-05-18 00:00:00,0.0,0.0,0.0,0.004180459927342885,0.0,0.0,0.019162863074392328,0.0,0.0,0.0,0.0,6.726466314161579e-07,0.0007404110232392918,0.0025644265264010138,0.0005155851455337725,0.0,0.0,0.005936881107155759,0.0,0.0,0.0,0.0,0.0029016230652506884
2018-05-18 01:00:00,0.0,0.0,0.0,0.004257119281893874,0.0,0.0,0.019040615714192972,0.0,0.0,0.0,0.0,6.849813164750898e-07,0.0,0.002613533209308629,0.0005245022764884335,0.0,0.0,0.006045748906783203,0.0,0.0,0.0,0.0,0.0027472420306557865
2018-05-18 02:00:00,0.0,0.0,0.0,0.004244264486561935,0.0,0.0,0.018862919223739838,0.0,0.0,0.0,0.0,6.829129472219802e-07,0.0021813060128173046,0.0026049894361528814,0.0005004158924064334,0.0,0.0,0.006027493166297957,0.0,0.0,0.0,0.0,0.002865486131789287
2018-05-18 03:00:00,0.0,0.0,0.0,0.003946234350084241,0.0,0.0,0.017139230727541813,0.0,0.0,0.0,0.0,6.349591405006135e-07,0.017847594969422058,0.00239880512369445,0.000553865489634588,0.0,0.0,0.005604245600869888,0.0,0.00026425866066026273,0.0,0.0,0.002852583121364905
2018-05-18 04:00:00,0.0,0.0,0.0,0.0030322772996997788,0.0,0.0,0.012715827789253889,0.0,0.0,0.0,0.0,4.87901127295137e-07,0.0831570128373702,0.0018531481605978477,0.0008386737365982276,0.0,0.0,0.004306289289965089,0.0,0.0005715773277283969,0.0,0.0,0.0022622502155256047
2018-05-18 05:00:00,0.0,0.0,0.0,0.002720720529428557,0.0,0.0,0.018800881747644174,0.0,0.0,0.0,0.0,4.377708508039956e-07,0.09906365977301476,0.0016696984162239716,0.0009095174039917365,0.0,0.0,0.003863831872509267,0.0,0.001114003515847037,0.0,0.0,0.0019117429288322417
2018-05-18 06:00:00,0.0,0.0,0.0,0.002698696713479322,0.0,0.0,0.02160212915179226,0.0,0.0,0.0,0.0,4.3422716282069797e-07,0.10254643239201336,0.0016499244305610916,0.0008724030059008096,0.0,0.0,0.0038325547453297235,0.0,0.0021488242421559335,0.0,0.0,0.0018404310359455198
2018-05-18 07:00:00,0.0,0.0,0.0,0.00278477809311237,0.0,0.0,0.02304041600887963,0.0,0.0,0.0,0.0,4.4807787567147954e-07,0.07911313804107138,0.001729511211661946,0.0008517181031864124,0.0,0.0,0.003954803235999069,0.0,0.003588142638285377,0.0,0.0,0.0021111678604600207
2018-05-18 08:00:00,0.0,0.0,0.0,0.002937319617814113,0.0,0.0,0.020398649148777176,0.0,0.0,0.0,0.0,4.726221948433007e-07,0.06441631100469089,0.0018427540241861668,0.0007642686723227549,0.0,0.0,0.004171435116652958,0.0,0.004726000967103817,0.0,0.0,0.0021789307643069206
2018-05-18 09:00:00,0.0,0.0,0.0,0.002945039950294412,0.0,0.0,0.02327018578615054,0.0,0.0,0.0,0.0,4.7386441596885673e-07,0.05056288020766796,0.0018220082836130202,0.0007453345144697535,0.0,0.0,0.004182399148563289,0.0,0.0054958147452509355,0.0,0.0,0.0021914222538919974
2018-05-18 10:00:00,0.0,0.0,0.0,0.0029270140320364745,0.0,0.0,0.023009332603978055,0.0,0.0,0.0,0.0,4.7096399988901844e-07,0.05856185280764371,0.0017784319294761879,0.000731165681126831,0.0,0.0,0.004156799636690272,0.0,0.00636729044072899,0.0,0.0,0.002153747665980972
2018-05-18 11:00:00,0.0,0.0,0.0,0.0030168145635840124,0.0,0.0,0.026534722710911923,0.0,0.0,0.0,0.0,4.854131337390407e-07,0.04012610748713353,0.00179295855711066,0.0006324305694000031,0.0,0.0,0.004284329881788444,0.0,0.006796714275427396,0.0,0.0,0.0020849124957451797
2018-05-18 12:00:00,0.0,0.0,0.0,0.003098275205839165,0.0,0.0,0.02957020472403801,0.0,0.0,0.0,0.0,4.985203581971765e-07,0.021886017984510227,0.001867384062273518,0.0006064852082767522,0.0,0.0,0.00440001623123009,0.0,0.006891014763990287,0.0,0.0,0.001740425457364545
2018-05-18 13:00:00,0.0,0.0,0.0,0.0031656433417716124,0.0,0.0,0.03928737071217044,0.0,0.0,0.0,0.0,5.093600625568232e-07,0.015068127099264264,0.0019124544345267263,0.0007310989106152278,0.0,0.0,0.004495689104644252,0.0,0.006405467817991228,0.0,0.0,0.0015129769599391003
2018-05-18 14:00:00,0.0,0.0,0.0,0.0033539818265213186,0.0,0.0,0.03513169917638409,0.0,0.0,0.0,0.0,5.396642036165928e-07,0.009138539346616728,0.0020626393682073437,0.0007681033282990456,0.0,0.0,0.004763158046170877,0.0,0.005325890661649469,0.0,0.0,0.0013945883231743729
2018-05-18 15:00:00,0.0,0.0,0.0,0.0032721728659806807,0.0,0.0,0.02993913368130272,0.0,0.0,0.0,0.0,5.265009338606992e-07,0.050321855330330185,0.002060552149486188,0.0008413437695171408,0.0,0.0,0.0046469770324376655,0.0,0.003842187261955029,0.0,0.0,0.001114860984453863
2018-05-18 16:00:00,0.0,0.0,0.0,0.002865150394303949,0.0,0.0,0.03445685987703492,0.0,0.0,0.0,0.0,4.610099832853044e-07,0.08340360762242385,0.001799279089365984,0.0009004723901693468,0.0,0.0,0.004068943977634213,0.0,0.002274628380379011,0.0,0.0,0.0009161104874700204
2018-05-18 17:00:00,0.0,0.0,0.0,0.0028539116378256536,0.0,0.0,0.03624417676360837,0.0,0.0,0.0,0.0,4.5920163879263585e-07,0.08329758667161581,0.0017728059788344758,0.0008887741538495057,0.0,0.0,0.004052983255090862,0.0,0.001132546029377683,0.0,0.0,0.0011407339053492184
2018-05-18 18:00:00,0.0,0.0,0.0,0.0028584894358317575,0.0,0.0,0.03652783153779775,0.0,0.0,0.0,0.0,4.59938218131184e-07,0.0825542655667616,0.001778684428077267,0.0008425685322967437,0.0,0.0,0.004059484415960042,0.0,0.0003739654441699507,0.0,0.0,0.0013387030762298828
2018-05-18 19:00:00,0.0,0.0,0.0,0.0028714775367641556,0.0,0.0,0.036145416961713625,0.0,0.0,0.0,0.0,4.5751310464065544e-07,0.0784138921359888,0.0017628713790484492,0.000792959254267595,0.0,0.0,0.004038079996771447,0.0,5.1390608618985e-05,0.0,0.0,0.0016891611640815704
2018-05-18 20:00:00,0.0,0.0,0.0,0.0031197522490517913,0.0,0.0,0.0264234830785826,0.0,0.0,0.0,0.0,4.954568993289343e-07,0.07433597726064646,0.0019126450356810381,0.0008204354026111808,0.0,0.0,0.004372977678997806,0.0,0.0,0.0,0.0,0.0015278837697232997
2018-05-18 21:00:00,0.0,0.0,0.0,0.0034784507180764083,0.0,0.0,0.017696385284009793,0.0,0.0,0.0,0.0,5.524228431185376e-07,0.05186558609633137,0.0021254564062358683,0.0008454942305552885,0.0,0.0,0.004875767731961815,0.0,0.0,0.0,0.0,0.001457450588669142
2018-05-18 22:00:00,0.0,0.0,0.0,0.003723352680366002,0.0,0.0,0.014559365554013076,0.0,0.0,0.0,0.0,5.99096913150985e-07,0.060928629785282566,0.002272059600524601,0.0006073436018653001,0.0,0.0,0.005287720147431901,0.0,0.0,0.0,0.0,0.0013188155044042342
2018-05-18 23:00:00,0.0,0.0,0.0,0.00434917819701355,0.0,0.0,0.00021994982728635391,0.0,0.0,0.0,0.0,6.997938299839645e-07,0.01912665377408211,0.0026967216503597305,0.0008202374050672441,0.0,0.0,0.0061764863958198805,0.0,0.0,0.0,0.0,0.0008659435138365587
2018-05-19 00:00:00,0.0,0.0,0.0,0.004517668777090019,0.0,0.0,0.0,0.0,0.0,0.0,0.0,7.269043927171485e-07,0.010401753927523077,0.0028255543797168206,0.0008023036772409963,0.0,0.0,0.0064157683310555325,0.0,0.0,0.0,0.0,0.0008034836004577425
2018-05-19 01:00:00,0.0,0.0,0.0,0.004463717355826731,0.0,0.0,0.0,0.0,0.0,0.0,0.0,7.182234718606889e-07,0.009296366732605341,0.00277622202417725,0.0008522633824672955,0.0,0.0,0.006339149207999903,0.0,0.0,0.0,0.0,0.0012233922483469528
2018-05-19 02:00:00,0.0,0.0,0.0,0.0045013067972169175,0.0,0.0,0.0,0.0,0.0,0.0,0.0,7.242717085541081e-07,0.0033455480219115557,0.002789351588808929,0.000851106427792337,0.0,0.0,0.0063925318616544205,0.0,0.0,0.0,0.0,0.0013961490774451783
2018-05-19 03:00:00,0.0,0.0,0.0,0.004442614185117522,0.0,0.0,0.0,0.0,0.0,0.0,0.0,7.148279180373153e-07,0.008718487936749078,0.002714379752909443,0.0008628153184494266,0.0,0.0,0.00630917953536529,0.0,0.0004909168474990493,0.0,0.0,0.0017196709545280668
2018-05-19 04:00:00,0.0,0.0,0.0,0.004068844779004608,0.0,0.0,0.0,0.0,0.0,0.0,0.0,6.546874702593433e-07,0.04260155878264799,0.0024860114846027856,0.0007151483065346999,0.0,0.0,0.005778370829110089,0.0,0.0012229801327467657,0.0,0.0,0.0015440964148876748
2018-05-19 05:00:00,0.0,0.0,0.0,0.003566592220753814,0.0,0.0,0.0,0.0,0.0,0.0,0.0,5.738737566251413e-07,0.06127932664487352,0.0022572138171605507,0.0008949087669012589,0.0,0.0,0.005065096745414939,0.0,0.0020547216635214516,0.0,0.0,0.0011149324932059116
2018-05-19 06:00:00,0.0,0.0,0.0,0.0034745945480984418,0.0,0.0,0.0,0.0,0.0,0.0,0.0,5.590710971844863e-07,0.06491303354267335,0.0021914187209991507,0.0008853492786715697,0.0,0.0,0.004934446229877734,0.0,0.003571389543825835,0.0,0.0,0.0009622246712678239
2018-05-19 07:00:00,0.0,0.0,0.0,0.0034813804512443067,0.0,0.0,0.0,0.0,0.0,0.0,0.0,5.601629662542811e-07,0.05642398893423979,0.0021835891851795697,0.0008892025134096874,0.0,0.0,0.004944083231758357,0.0,0.0058272087172132865,0.0,0.0,0.0010912026873291728
2018-05-19 08:00:00,0.0,0.0,0.0,0.0036870726002739963,0.0,0.0,0.0,0.0,0.0,0.0,0.0,5.932593560195842e-07,0.003684932768265972,0.0023392317982779192,0.0007924111332295117,0.0,0.0,0.005236196983519832,0.0,0.0074174623818978195,0.0,0.0,0.0011649300073211816
2018-05-19 09:00:00,0.0,0.0,0.0,0.0036467708897911537,0.0,0.0,0.0,0.0,0.0,0.0,0.0,5.86774708333026e-07,0.008719489472444455,0.0022992967928442735,0.0006672805468622776,0.0,0.0,0.005178962500302639,0.0,0.007880082726822384,0.0,0.0,0.0010457336968438863
2018-05-19 10:00:00,0.0,0.0,0.0,0.0037358366750828214,0.0,0.0,0.0,0.0,0.0,0.0,0.0,6.01105619642336e-07,0.0005612318152512418,0.0023039966858614523,0.0005397410442408629,0.0,0.0,0.00530544929534009,0.0,0.008575723394645698,0.0,0.0,0.0010166121984409376
2018-05-19 11:00:00,0.0,0.0,0.0,0.003716639949268059,0.0,0.0,0.0,0.0,0.0,0.0,0.0,5.980168176497458e-07,0.0,0.002271338080033678,0.00044078726993293174,0.0,0.0,0.00527818706085161,0.0,0.00838251635639581,0.0,0.0,0.0010481613193005909
2018-05-19 12:00:00,0.0,0.0,0.0,0.0036001625168720075,0.0,0.0,0.0,0.0,0.0,0.0,0.0,5.792753026253438e-07,0.0,0.0021767199295056523,0.00060694278144509,0.0,0.0,0.005112771609006421,0.0,0.007713289141808457,0.0,0.0,0.0008969130945685186
2018-05-19 13:00:00,0.0,0.0,0.0,0.003798126826452332,0.0,0.0,0.0,0.0,0.0,0.0,0.0,6.111282633746813e-07,0.0,0.0022820871562261808,0.0006765162341451436,0.0,0.0,0.005393910667833755,0.0,0.007331436249945904,0.0,0.0,0.0008279425978196242
2018-05-19 14:00:00,0.0,0.0,0.0,0.003956300671726854,0.0,0.0,0.0,0.0,0.0,0.0,0.0,6.365788372472244e-07,0.008358465680763517,0.0024310651309044796,0.0007219201079818116,0.0,0.0,0.00561854128981734,0.0,0.006008689365014756,0.0,0.0,0.0009175502818551965
2018-05-19 15:00:00,0.0,0.0,0.0,0.0039006333011680863,0.0,0.0,0.0,0.0,0.0,0.0,0.0,6.276218157862034e-07,0.017851077589852684,0.0024601749163562945,0.0006140211683167486,0.0,0.0,0.0055394852609833446,0.0,0.004580642447475533,0.0,0.0,0.0012234333890480033
2018-05-19 16:00:00,0.0,0.0,0.0,0.0035168160088183496,0.0,0.0,0.0,0.0,0.0,0.0,0.0,5.658646375652851e-07,0.06297120002225001,0.002204341234062125,0.000688340259916974,0.0,0.0,0.004994407046826375,0.0,0.002820736345621463,0.0,0.0,0.0012596284131640796
2018-05-19 17:00:00,0.0,0.0,0.0,0.0033330736644528484,0.0,0.0,0.0,0.0,0.0,0.0,0.0,5.345416664344866e-07,0.095734690823943,0.0020357282700290344,0.0005721644786899055,0.0,0.0,0.004717945756691152,0.0,0.001353384941310586,0.0,0.0,0.00114105792627288
2018-05-19 18:00:00,0.0,0.0,0.0,0.0034090704738502617,0.0,0.0,0.0,0.0,0.0,0.0,0.0,5.467296542285295e-07,0.07154002374432591,0.002103029591308142,0.0006157361801298836,0.0,0.0,0.004825518784027003,0.0,0.0004767299281249045,0.0,0.0,0.001507278653804322
2018-05-19 19:00:00,0.0,0.0,0.0,0.0035409032939545323,0.0,0.0,0.0,0.0,0.0,0.0,0.0,5.62341117753674e-07,0.06807264928594489,0.002144186086984094,0.0006435388299187605,0.0,0.0,0.004963307926986584,0.0,7.0974444194603e-05,0.0,0.0,0.0014831106391877543
2018-05-19 20:00:00,0.0,0.0,0.0,0.003976002061464016,0.0,0.0,0.0,0.0,0.0,0.0,0.0,6.314404144422525e-07,0.03173664269294615,0.0024473491249475256,0.0007045336097800442,0.0,0.0,0.005573188791422766,0.0,0.0,0.0,0.0,0.001394937059077574
2018-05-19 21:00:00,0.0,0.0,0.0,0.004426128814078405,0.0,0.0,0.0,0.0,0.0,0.0,0.0,7.029263490138553e-07,0.006348823163590047,0.0027613368753721165,0.0005486293298734935,0.0,0.0,0.006204134483504807,0.0,0.0,0.0,0.0,0.0015625960734428324
2018-05-19 22:00:00,0.0,0.0,0.0,0.004148690497530673,0.0,0.0,0.0,0.0,0.0,0.0,0.0,7.14544345818866e-07,0.008061929121721906,0.0027755867138597296,0.0004414673621541026,0.0,0.0,0.006306676683990444,0.0,0.0,0.0,0.0,0.0018805044954735358
2018-05-19 23:00:00,0.0,0.0,0.0,0.004439815072154079,0.0,0.0,0.0,0.0,0.0,0.0,0.0,7.646858106617827e-07,0.0010897300395638324,0.0029643155441608574,0.0003615589049864769,0.0,0.0,0.006749232851534608,0.0,0.0,0.0,0.0,0.001908827866544094
2018-05-20 00:00:00,0.0,0.0,0.0,0.0043149549890247624,0.0,0.0,0.0,0.0,0.0,0.0,0.0,7.431806956208727e-07,0.0,0.0028920481695756377,0.00031096535049760134,0.0,0.0,0.006559425447125562,0.0,0.0,0.0,0.0,0.0017833786961284042
2018-05-20 01:00:00,0.0,0.0,0.0,0.00425361269039494,0.0,0.0,0.0,0.0,0.0,0.0,0.0,7.274922988954442e-07,0.0,0.002787164984712954,0.0002905126353652458,0.0,0.0,0.006420957280081198,0.0,0.0,0.0,0.0,0.0017010038732984073
2018-05-20 02:00:00,0.0,0.0,0.0,0.0042901356632945396,0.0,0.0,0.0,0.0,0.0,0.0,0.0,7.286433881993688e-07,0.0,0.0027548212457393227,0.00028335026943761575,0.0,0.0,0.006431116968722962,0.0,0.0,0.0,0.0,0.0015456119376967416
2018-05-20 03:00:00,0.0,0.0,0.0,0.00424827162711147,0.0,0.0,0.0,0.0,0.0,0.0,0.0,7.215331344539879e-07,0.0,0.002686470223925942,0.00028407606642355743,0.0,0.0,0.0063683607916212295,0.0,0.0005033147326291721,0.0,0.0,0.001275264256988525
2018-05-20 04:00:00,0.0,0.0,0.0,0.0041976364303744455,0.0,0.0,0.0,0.0,0.0,0.0,0.0,7.204377327214671e-07,0.0,0.0026776381011429312,0.00031849984923626115,0.0,0.0,0.006358692609924019,0.0,0.0013406908003613818,0.0,0.0,0.001040922444962592
2018-05-20 05:00:00,0.0,0.0,0.0,0.004020788505168037,0.0,0.0,0.0,0.0,0.0,0.0,0.0,6.925153114727061e-07,0.0,0.0026557467781130875,0.000360305518788947,0.0,0.0,0.00611224508839432,0.0,0.0024748806991381884,0.0,0.0,0.0005597608928282437
2018-05-20 06:00:00,0.0,0.0,0.0,0.0038441046094043526,0.0,0.0,0.0,0.0,0.0,0.0,0.0,6.62084389043006e-07,0.0,0.0025634179273627132,0.0003653367833405283,0.0,0.0,0.00584365715528322,0.0,0.004137029210675222,0.0,0.0,0.0002708267279591059
2018-05-20 07:00:00,0.0,0.0,0.0,0.003669154045033293,0.0,0.0,0.0,0.0,0.0,0.0,0.0,6.319520047054502e-07,0.0,0.002425301253822511,0.00029599017391737474,0.0,0.0,0.005577704164616247,0.0,0.006213202671085976,0.0,0.0,0.00018543463026255086
2018-05-20 08:00:00,0.0,0.0,0.0,0.0036375215715574376,0.0,0.0,0.0,0.0,0.0,0.0,0.0,6.287176209600949e-07,0.0,0.002395421458033659,0.0002677571081992073,0.0,0.0,0.005549157003515235,0.0,0.007578179200124242,0.0,0.0,0.0001112491741549953
2018-05-20 09:00:00,0.0,0.0,0.0,0.0033625576525010523,0.0,0.0,0.0,0.0,0.0,0.0,0.0,5.853288222409008e-07,0.0,0.0022402730550496477,0.00023649719325510184,0.0,0.0,0.005166200890532343,0.0,0.007867679740130919,0.0,0.0,0.00010306528079070642
2018-05-20 10:00:00,0.0,0.0,0.0,0.00341157785994475,0.0,0.0,0.0,0.0,0.0,0.0,0.0,5.95982827707979e-07,0.0,0.002182843550813877,0.0002562318669013436,0.0,0.0,0.0052602347573783926,0.0,0.00877029293219003,0.0,0.0,0.00011346557003492971
2018-05-20 11:00:00,0.0,0.0,0.0,0.003375244680906161,0.0,0.0,0.0,0.0,0.0,0.0,0.0,5.896356324593296e-07,0.0,0.0021070230528543073,0.0001857325884640887,0.0,0.0,0.005204213450208832,0.0,0.008885015524583059,0.0,0.0,0.0001040786971217174
2018-05-20 12:00:00,0.0,0.0,0.0,0.003369701669262663,0.0,0.0,0.0,0.0,0.0,0.0,0.0,5.886673005352376e-07,0.0,0.002109542399237499,0.00021059769649928373,0.0,0.0,0.005195666805897993,0.0,0.00858162155165615,0.0,0.0,0.00010952089572691828
2018-05-20 13:00:00,0.0,0.0,0.0,0.0033093886268058042,0.0,0.0,0.0,0.0,0.0,0.0,0.0,5.781309624926135e-07,0.0,0.0020847842176518997,0.0002057699590721988,0.0,0.0,0.005102671489572442,0.0,0.007588273965314372,0.0,0.0,0.00012683362989769392
2018-05-20 14:00:00,0.0,0.0,0.0,0.003368350716033354,0.0,0.0,0.0,0.0,0.0,0.0,0.0,5.884312968563658e-07,0.0,0.0021544699436287806,0.00028976350607996636,0.0,0.0,0.005193583801662376,0.0,0.006121517729383021,0.0,0.0,0.00014922427191436295
2018-05-20 15:00:00,0.0,0.0,0.0,0.0035570288198869945,0.0,0.0,0.0,0.0,0.0,0.0,0.0,6.126402614699299e-07,0.0,0.0023044343490361678,0.00029271277153028626,0.0,0.0,0.005407255792162764,0.0,0.004723560877826573,0.0,0.0,0.0001558936278036209
2018-05-20 16:00:00,0.0,0.0,0.0,0.0037750525908237316,0.0,0.0,0.0,0.0,0.0,0.0,0.0,6.50191303869858e-07,0.0,0.0024892598312195105,0.0004144607211873825,0.0,0.0,0.005738686983171301,0.0,0.0033708046723471396,0.0,0.0,0.00014574850570350277
2018-05-20 17:00:00,0.0,0.0,0.0,0.004176390149106226,0.0,0.0,0.0,0.0,0.0,0.0,0.0,7.193151595072441e-07,0.0,0.002705939626757286,0.0005154272474665926,0.0,0.0,0.00634878460861152,0.0,0.0019048151013324366,0.0,0.0,0.00035061106442805097
2018-05-20 18:00:00,0.0,0.0,0.0,0.004149515056755345,0.0,0.0,0.0,0.0,0.0,0.0,0.0,7.146863627112161e-07,0.0029079286167201387,0.0026876582839498154,0.0005503318769129791,0.0,0.0,0.0063079301466047065,0.0,0.0006508607559436549,0.0,0.0,0.0006463884731995953
2018-05-20 19:00:00,0.0,0.0,0.0,0.00409519333300613,0.0,0.0,0.0,0.0,0.0,0.0,0.0,7.053303308300143e-07,0.0,0.0026572501197459414,0.00045237560123683444,0.0,0.0,0.006225352391332951,0.0,9.468052543993097e-05,0.0,0.0,0.0007814739558039449
2018-05-20 20:00:00,0.0,0.0,0.0,0.004016844210823912,0.0,0.0,0.0,0.0,0.0,0.0,0.0,6.918359710341951e-07,0.0,0.0026145804316643623,0.00036637494285249626,0.0,0.0,0.006106249126731311,0.0,0.0,0.0,0.0,0.0008363184228946277
2018-05-20 21:00:00,0.0,0.0,0.0,0.0039615179169309326,0.0,0.0,0.0,0.0,0.0,0.0,0.0,6.823069183126505e-07,0.0,0.002583840316980686,0.00030075034690193986,0.0,0.0,0.00602214426330172,0.0,0.0,0.0,0.0,0.0013261887111528099
2018-05-20 22:00:00,0.0,0.0,0.0,0.0038895905628034987,0.0,0.0,0.0,0.0,0.0,0.0,0.0,6.69918603437858e-07,0.0,0.0024291544728672486,0.00030510062627992564,0.0,0.0,0.005912803118791998,0.0,0.0,0.0,0.0,0.00145916767045494
2018-05-20 23:00:00,0.0,0.0,0.0,0.003925809315187612,0.0,0.0,0.0,0.0,0.0,0.0,0.0,6.761566934433876e-07,0.0,0.002445199253901198,0.00027867703354190673,0.0,0.0,0.005967861446551099,0.0,0.0,0.0,0.0,0.0011352580919961523
2018-05-21 00:00:00,0.0,0.0,0.0,0.003926903990292633,0.0,0.0,0.0,0.0,0.0,0.0,0.0,6.763452333952753e-07,0.0,0.0024616179382024586,0.00031129969760971876,0.0,0.0,0.0059695255287393195,0.0,0.0,0.0,0.0,0.0008249630572085432
2018-05-21 01:00:00,0.0,0.0,0.0,0.003940430286708553,0.0,0.0,0.0,0.0,0.0,0.0,0.0,6.786749175762519e-07,0.0,0.002479760057114504,0.0004414916413861446,0.0,0.0,0.005990087674379685,0.0,0.0,0.0,0.0,0.0008640093370570194
2018-05-21 02:00:00,0.0,0.0,0.0,0.003968220643889518,0.0,0.0,0.0,0.0,0.0,0.0,0.0,6.834613538273448e-07,0.0,0.0024811091352795007,0.00036640839958948865,0.0,0.0,0.006032333486106849,0.0,0.0,0.0,0.0,0.0008049013533853993
2018-05-21 03:00:00,0.0,0.0,0.0,0.003907397569001674,0.0,0.0,0.00657415988027454,0.0,0.0,0.0,0.0,6.729855701355283e-07,0.0,0.0024510259991961953,0.0003191691626772151,0.0,0.0,0.00593987263165842,0.0,0.0005125077488349959,0.0,0.0,0.0008611394215199504
2018-05-21 04:00:00,0.0,0.0,0.0,0.003678918006699491,0.0,0.0,0.009670979414389207,0.0,0.0,0.0,0.0,6.336336880234816e-07,0.0,0.0022532449559875744,0.0003928867852767688,0.0,0.0,0.005592546956437001,0.0,0.0012935070761913273,0.0,0.0,0.0009935177411043278
2018-05-21 05:00:00,0.0,0.0,0.0,0.0036456518725469234,0.0,0.0,0.009725625672323334,0.0,0.0,0.0,0.0,6.279041384029166e-07,0.0,0.0022776258667297467,0.0004922096619676383,0.0,0.0,0.005541977083183894,0.0,0.0024493010135202544,0.0,0.0,0.0007008038359256961
2018-05-21 06:00:00,0.0,0.0,0.0,0.003463042004337074,0.0,0.0,0.00905850154046912,0.0,0.0,0.0,0.0,5.964525637680432e-07,0.0,0.002135991520614559,0.00046466932258674255,0.0,0.0,0.005264380719032098,0.0,0.004143391606532874,0.0,0.0,0.0005169675705202078
2018-05-21 07:00:00,0.0,0.0,0.0,0.0033169111481859623,0.0,0.0,0.015183451193341059,0.0,0.0,0.0,0.0,5.712839046273828e-07,0.0,0.0019723051455673994,0.0003667761455730599,0.0,0.0,0.005042238319195735,0.0,0.006347984490383241,0.0,0.0,0.00042851208605702894
2018-05-21 08:00:00,0.0,0.0,0.0,0.003156206168394333,0.0,0.0,0.008381082618506942,0.0,0.0,0.0,0.0,5.455259561808838e-07,0.0,0.0018338854102530478,0.00027576864007174145,0.0,0.0,0.004814894762640404,0.0,0.007430898699816884,0.0,0.0,0.00034365733524249455
2018-05-21 09:00:00,0.0,0.0,0.0,0.003053892716491893,0.0,0.0,4.6950884198756634e-05,0.0,0.0,0.0,0.0,5.334973116284427e-07,0.0,0.0017825180107243848,0.0003088925523410332,0.0,0.0,0.004708728122903088,0.0,0.008044546801324484,0.0,0.0,0.00025764775281379807
2018-05-21 10:00:00,0.0,0.0,0.0,0.0030060567524410014,0.0,0.0,0.0017231760740618741,0.0,0.0,0.0,0.0,5.251406466799694e-07,0.0,0.0017230928592611976,0.00030522141516914526,0.0,0.0,0.004634970931631691,0.0,0.008616225101137659,0.0,0.0,0.00017732200914143367
2018-05-21 11:00:00,0.0,0.0,0.0,0.002991499256966408,0.0,0.0,0.01390113485317657,0.0,0.0,0.0,0.0,5.152370081255697e-07,0.0,0.0016347269274326027,0.00019645458997320613,0.0,0.0,0.004547559916873574,0.0,0.008329290853608333,0.0,0.0,0.00021509295859840007
2018-05-21 12:00:00,0.0,0.0,0.0,0.003028237844968395,0.0,0.0,0.01708818992182697,0.0,0.0,0.0,0.0,5.215646313468762e-07,0.0,0.0016170384890904557,0.0002151667194205075,0.0,0.0,0.004603408478363706,0.0,0.008011346502208146,0.0,0.0,0.00025505809865249124
2018-05-21 13:00:00,0.0,0.0,0.0,0.00321900167648463,0.0,0.0,0.005686003353085823,0.0,0.0,0.0,0.0,5.583526542586234e-07,0.0,0.0017636213562796407,0.00023873931275595042,0.0,0.0,0.0049281051437354536,0.0,0.007511829120854826,0.0,0.0,0.00021541382619435725
2018-05-21 14:00:00,0.0,0.0,0.0,0.0033045659641520236,0.0,0.0,0.0,0.0,0.0,0.0,0.0,5.772884713511309e-07,0.0,0.0019332933194795706,0.0002848047822602376,0.0,0.0,0.005095235535079838,0.0,0.006024510610753475,0.0,0.0,0.00016964967340276485
2018-05-21 15:00:00,0.0,0.0,0.0,0.003511808483089677,0.0,0.0,0.0,0.0,0.0,0.0,0.0,6.134925351387262e-07,0.0,0.0021454566180465085,0.00035328417871095726,0.0,0.0,0.005414778088723961,0.0,0.004800368449179648,0.0,0.0,0.00012122038787803722
2018-05-21 16:00:00,0.0,0.0,0.0,0.004001401361625972,0.0,0.0,0.0,0.0,0.0,0.0,0.0,6.891761918618781e-07,0.02464791795775505,0.002389728301977053,0.0005385281860038254,0.0,0.0,0.0060827735126721275,0.0,0.003693960661942447,0.0,0.0,0.00011795089928504744
2018-05-21 17:00:00,0.0,0.0,0.0,0.00396943571367665,0.0,0.0,0.0,0.0,0.0,0.0,0.0,6.836706298017005e-07,0.0619640658936689,0.002317099528656139,0.0008474671293084928,0.0,0.0,0.006034180587571876,0.0,0.0018697081980710612,0.0,0.0,0.00019793620111193387
2018-05-21 18:00:00,0.0,0.0,0.0,0.0037085205637083277,0.0,0.0,0.0,0.0,0.0,0.0,0.0,6.387322461697294e-07,0.0768868247560301,0.002144886268271394,0.0010081605164548384,0.0,0.0,0.005637547603312263,0.0,0.0005945344181188156,0.0,0.0,0.00023146863046109517
2018-05-21 19:00:00,0.0,0.0,0.0,0.0038012764305321964,0.0,0.0,0.0,0.0,0.0,0.0,0.0,6.547079330087386e-07,0.07835302731184655,0.002216324310326691,0.0008779973533739034,0.0,0.0,0.005778551436437343,0.0,8.296900498724083e-05,0.0,0.0,0.00020233790139714773
2018-05-21 20:00:00,0.0,0.0,0.0,0.003958162810149716,0.0,0.0,0.0,0.0,0.0,0.0,0.0,6.817290558325343e-07,0.07908769225526176,0.002309690441103067,0.0008340960052133563,0.0,0.0,0.0060170439614782925,0.0,0.0,0.0,0.0,0.00018171266001653567
2018-05-21 21:00:00,0.0,0.0,0.0,0.004374945931766432,0.0,0.0,0.0,0.0,0.0,0.0,0.0,7.535131581079921e-07,0.03382125763978046,0.002630088090967078,0.0006922557513056718,0.0,0.0,0.006650621326901287,0.0,0.0,0.0,0.0,0.00022797045206591717
2018-05-21 22:00:00,0.0,0.0,0.0,0.0044600351003569036,0.0,0.0,0.0,0.0,0.0,0.0,0.0,7.681683810856853e-07,0.0,0.002661300666103607,0.0006320941224328797,0.0,0.0,0.0067799705458726845,0.0,0.0,0.0,0.0,0.00026470800493717366
2018-05-21 23:00:00,0.0,0.0,0.0,0.0043900848521113605,0.0,0.0,0.0,0.0,0.0,0.0,0.0,7.561205904871268e-07,0.0,0.0026170013000972395,0.0006166438707012254,0.0,0.0,0.0066736349202307895,0.0,0.0,0.0,0.0,0.00029400976545842334
2018-05-22 00:00:00,0.0,0.0,0.0,0.0043908953834381394,0.0,0.0,0.0,0.0,0.0,0.0,0.0,7.562601913026141e-07,0.0,0.0026147924674298716,0.0005759174351455497,0.0,0.0,0.00667486705818451,0.0,0.0,0.0,0.0,0.00046459848227997565
2018-05-22 01:00:00,0.0,0.0,0.0,0.004498419531428275,0.0,0.0,0.0,0.0,0.0,0.0,0.0,7.747794739608581e-07,0.0,0.00266489948745562,0.0006349001232767271,0.0,0.0,0.00683832105348711,0.0,0.0,0.0,0.0,0.0007404017252949472
2018-05-22 02:00:00,0.0,0.0,0.0,0.0046081973075400235,0.0,0.0,0.004091161092952778,0.0,0.0,0.0,0.0,7.936869073459005e-07,0.0,0.0027117414983543965,0.0006229958482645684,0.0,0.0,0.007005200925927912,0.0,0.0,0.0,0.0,0.0010534486515837746
2018-05-22 03:00:00,0.0,0.0,0.0,0.0042409206867714735,0.0,0.0,0.01697964887751736,0.0,0.0,0.0,0.0,7.304294932587735e-07,0.0024335815692152554,0.0024271895893991534,0.0006023775002403828,0.0,0.0,0.006446881402657983,0.0,0.0006011838267938362,0.0,0.0,0.0015504292720652422
2018-05-22 04:00:00,0.0,0.0,0.0,0.003445764912299316,0.0,0.0,0.026831008246595567,0.0,0.0,0.0,0.0,5.934768661508987e-07,0.06813791929161633,0.0019746258389404664,0.0007628249939541224,0.0,0.0,0.005238116760902047,0.0,0.0013107922868716667,0.0,0.0,0.0013897007954823007
2018-05-22 05:00:00,0.0,0.0,0.0,0.003167479922795384,0.0,0.0,0.032874029965339086,0.0,0.0,0.0,0.0,5.455468106563633e-07,0.08097727286973821,0.0018701410536509,0.0009371926987423781,0.0,0.0,0.004815078827401442,0.0,0.0022240882694592504,0.0,0.0,0.001112565611278775
2018-05-22 06:00:00,0.0,0.0,0.0,0.0031382394745985026,0.0,0.0,0.026067317657379595,0.0,0.0,0.0,0.0,5.405106198533311e-07,0.07732397290273715,0.0018724450902110347,0.0009117907877821728,0.0,0.0,0.004770628644149048,0.0,0.003725283459279263,0.0,0.0,0.0011419145777663336
2018-05-22 07:00:00,0.0,0.0,0.0,0.0029726541482930345,0.0,0.0,0.03031506402743201,0.0,0.0,0.0,0.0,5.138004015332182e-07,0.06583244388375321,0.0017626968456144437,0.000754066606178841,0.0,0.0,0.004534880209374571,0.0,0.005626290972097681,0.0,0.0,0.0010108330779466793
2018-05-22 08:00:00,0.0,0.0,0.0,0.00280006597215958,0.0,0.0,0.02362919759788261,0.0,0.0,0.0,0.0,4.874144883321006e-07,0.05943853891588034,0.0016551210735744934,0.0007325499416675452,0.0,0.0,0.0043019941407281504,0.0,0.006487592651034249,0.0,0.0,0.0009760504167473529
2018-05-22 09:00:00,0.0,0.0,0.0,0.002783144490572889,0.0,0.0,0.022820464946036387,0.0,0.0,0.0,0.0,4.827509487953064e-07,0.05462350301944268,0.0016567201466501662,0.00042841887328927625,0.0,0.0,0.0042608330340261425,0.0,0.007038262913316238,0.0,0.0,0.0010958717353900039
2018-05-22 10:00:00,0.0,0.0,0.0,0.0027821185822011086,0.0,0.0,0.023066651789537956,0.0,0.0,0.0,0.0,4.860199496270569e-07,0.0349028667875268,0.0016494573400141327,0.0004066622175192417,0.0,0.0,0.004289685730777832,0.0,0.007633724460118505,0.0,0.0,0.0011597903575552063
2018-05-22 11:00:00,0.0,0.0,0.0,0.002775627906498474,0.0,0.0,0.022117738647447153,0.0,0.0,0.0,0.0,4.780566850831651e-07,0.026113544090818657,0.0015916355426930549,0.0006647275264502889,0.0,0.0,0.004219400751096332,0.0,0.0074372235999118665,0.0,0.0,0.00126579208829725
2018-05-22 12:00:00,0.0,0.0,0.0,0.0027752091716228048,0.0,0.0,0.022029718227616926,0.0,0.0,0.0,0.0,4.796735562181875e-07,0.043437206301109574,0.0015875239038042948,0.0007539071226558559,0.0,0.0,0.004233671500767685,0.0,0.006986019719737932,0.0,0.0,0.0013782470369308327
2018-05-22 13:00:00,0.0,0.0,0.0,0.002795788955651365,0.0,0.0,0.023493153929971436,0.0,0.0,0.0,0.0,4.884080844312967e-07,0.06032291658013488,0.0016067213610645942,0.0008535312154853511,0.0,0.0,0.004310763770477194,0.0,0.006200514886640956,0.0,0.0,0.0014569233035480972
2018-05-22 14:00:00,0.0,0.0,0.0,0.0029447236956450335,0.0,0.0,0.025488422610301913,0.0,0.0,0.0,0.0,5.144261180595301e-07,0.06901688564555053,0.0016854353419786853,0.0009678121182551103,0.0,0.0,0.004540402878261912,0.0,0.004962865481103386,0.0,0.0,0.001965990064720958
2018-05-22 15:00:00,0.0,0.0,0.0,0.002941417025661024,0.0,0.0,0.02288216644871871,0.0,0.0,0.0,0.0,5.138484620281362e-07,0.06893938565310932,0.0017186965010270343,0.0008496808529403402,0.0,0.0,0.004535304398586192,0.0,0.0034715688156421428,0.0,0.0,0.00201436851784031
2018-05-22 16:00:00,0.0,0.0,0.0,0.0029376090414018016,0.0,0.0,0.016355159012036685,0.0,0.0,0.0,0.0,5.113569544685747e-07,0.08492842457697343,0.0017698966941520897,0.0008846095276831778,0.0,0.0,0.004513313975282421,0.0,0.0022055766193805272,0.0,0.0,0.0012457473443844532
2018-05-22 17:00:00,0.0,0.0,0.0,0.003054921480977546,0.0,0.0,0.01633912004276972,0.0,0.0,0.0,0.0,5.261604529073363e-07,0.09507654042415892,0.0018264787817495332,0.000913796024510272,0.0,0.0,0.004643971895944064,0.0,0.0011593796014474245,0.0,0.0,0.0008053802044789837
2018-05-22 18:00:00,0.0,0.0,0.0,0.0030612107256517036,0.0,0.0,0.016392643948370197,0.0,0.0,0.0,0.0,5.272436728351825e-07,0.08706951107234841,0.0018602669763549031,0.0009322231729932298,0.0,0.0,0.004653532559187087,0.0,0.00038128978699213106,0.0,0.0,0.0007988079896634589
2018-05-22 19:00:00,0.0,0.0,0.0,0.003200328716197191,0.0,0.0,0.01710989426026172,0.0,0.0,0.0,0.0,5.51204480132118e-07,0.08217459761769748,0.001925043641342293,0.0010509151265906524,0.0,0.0,0.004865014275603158,0.0,4.575555616310408e-05,0.0,0.0,0.0008298491765289495
2018-05-22 20:00:00,0.0,0.0,0.0,0.0034860724974312926,0.0,0.0,0.0038498007136096375,0.0,0.0,0.0,0.0,6.004191909800972e-07,0.0652114749737016,0.002058192057758848,0.0011925591819529882,0.0,0.0,0.005299390771940254,0.0,0.0,0.0,0.0,0.000931535346356755
2018-05-22 21:00:00,0.0,0.0,0.0,0.0038023451936097337,0.0,0.0,0.0009880170644107282,0.0,0.0,0.0,0.0,6.548920100360628e-07,0.046708369944136977,0.0022693690874153118,0.0012058731312449866,0.0,0.0,0.005780176128177019,0.0,0.0,0.0,0.0,0.0013474883364805697
2018-05-22 22:00:00,0.0,0.0,0.0,0.004161133673997614,0.0,0.0,0.0011082772284400832,0.0,0.0,0.0,0.0,7.166874802353212e-07,0.01577777379196666,0.00232720605712407,0.0010185609408029498,0.0,0.0,0.006325592313137891,0.0,0.0,0.0,0.0,0.0017810908313535257
2018-05-22 23:00:00,0.0,0.0,0.0,0.004238999798098218,0.0,0.0,0.0011381951368435563,0.0,0.0,0.0,0.0,7.300986514808102e-07,0.012392010284886314,0.0023653033264589805,0.0009710811069246681,0.0,0.0,0.0064439613429872564,0.0,0.0,0.0,0.0,0.0015627097183617432
2018-05-23 00:00:00,0.0,0.0,0.0,0.00431703020896994,0.0,0.0,0.0011404508403828162,0.0,0.0,0.0,0.0,7.435381184459882e-07,0.012824730510181261,0.0024251104301753644,0.0008075376612265635,0.0,0.0,0.006562580115146759,0.0,0.0,0.0,0.0,0.0013734966086746737
2018-05-23 01:00:00,0.0,0.0,0.0,0.00443705128271687,0.0,0.0,0.0011913730673399738,0.0,0.0,0.0,0.0,7.642097929601567e-07,0.005452768994128756,0.002518607282521807,0.0006915905243504483,0.0,0.0,0.006745031447160509,0.0,0.0,0.0,0.0,0.0014063787622899178
2018-05-23 02:00:00,0.0,0.0,0.0,0.004355918445587918,0.0,0.0,0.001150724134750743,0.0,0.0,0.0,0.0,7.502359836183315e-07,0.000715216467240964,0.002460634216382433,0.0007084724774215261,0.0,0.0,0.006621696488206182,0.0,0.0,0.0,0.0,0.0016461516392280225
2018-05-23 03:00:00,0.0,0.0,0.0,0.004224951726708645,0.0,0.0,0.0010978288897376099,0.0,0.0,0.0,0.0,7.276791000616203e-07,0.011800264304021472,0.0023812819069071994,0.0006189489124281648,0.0,0.0,0.00642260601548322,0.0,0.00042017598474192966,0.0,0.0,0.00185352822766024
2018-05-23 04:00:00,0.0,0.0,0.0,0.0033651874446832234,0.0,0.0,0.0009472928737151985,0.0,0.0,0.0,0.0,5.79598710159327e-07,0.07941825904852584,0.0019041961669217036,0.0009278609103917976,0.0,0.0,0.005115626052913134,0.0,0.0008814078922700152,0.0,0.0,0.001449193234448912
2018-05-23 05:00:00,0.0,0.0,0.0,0.0030147178399258312,0.0,0.0,0.004164846526988414,0.0,0.0,0.0,0.0,5.192360307524581e-07,0.09162587178683848,0.001792704783470858,0.0010673640814457667,0.0,0.0,0.004582855896622522,0.0,0.001514493336224959,0.0,0.0,0.0009571343185513118
2018-05-23 06:00:00,0.0,0.0,0.0,0.0030438168026775876,0.0,0.0,0.015139486935530928,0.0,0.0,0.0,0.0,5.242478529927139e-07,0.08503937863305186,0.0018123296661383297,0.0011603373587776985,0.0,0.0,0.004627090999246842,0.0,0.002722105581059617,0.0,0.0,0.0005721526858892699
2018-05-23 07:00:00,0.0,0.0,0.0,0.003115582541276996,0.0,0.0,0.024597308670182828,0.0,0.0,0.0,0.0,5.366083322259186e-07,0.07852717945341169,0.0018800774321105743,0.0010945853015051897,0.0,0.0,0.004736186462165475,0.0,0.004561254162486409,0.0,0.0,0.0005048863141705904
2018-05-23 08:00:00,0.0,0.0,0.0,0.003099761043503662,0.0,0.0,0.0220224743275867,0.0,0.0,0.0,0.0,5.338833370056074e-07,0.07209955549853542,0.0018529167782422252,0.0009221823071320193,0.0,0.0,0.00471213524138333,0.0,0.005727228904940188,0.0,0.0,0.00045208821278243865
2018-05-23 09:00:00,0.0,0.0,0.0,0.002995919351176876,0.0,0.0,0.02805742999213565,0.0,0.0,0.0,0.0,5.159982973391075e-07,0.049094898530528445,0.0017858716271139424,0.0008500646465365631,0.0,0.0,0.004554279170844145,0.0,0.006281363900546732,0.0,0.0,0.0005246615326493579
2018-05-23 10:00:00,0.0,0.0,0.0,0.0029960678562947073,0.0,0.0,0.04715179328653802,0.0,0.0,0.0,0.0,5.160238749261399e-07,0.01771480006544936,0.0017625744663594869,0.0006274421012895996,0.0,0.0,0.0045545049225035284,0.0,0.007044508088043523,0.0,0.0,0.0006591733237422885
2018-05-23 11:00:00,0.0,0.0,0.0,0.00300072127109877,0.0,0.0,0.04662724225696448,0.0,0.0,0.0,0.0,5.168253498105577e-07,0.023883299915441258,0.0017352940980367609,0.0004532519938188481,0.0,0.0,0.004561578861295344,0.0,0.006960927226454238,0.0,0.0,0.0008054377936901776
2018-05-23 12:00:00,0.0,0.0,0.0,0.0030715320052793764,0.0,0.0,0.0479204279849018,0.0,0.0,0.0,0.0,5.290213450919966e-07,0.011116006486039281,0.0017793207097939418,0.00046069662033300347,0.0,0.0,0.0046692225639284705,0.0,0.006432821990835003,0.0,0.0,0.0006668319428082836
2018-05-23 13:00:00,0.0,0.0,0.0,0.003181692851830409,0.0,0.0,0.046015205890035236,0.0,0.0,0.0,0.0,5.479947561190453e-07,0.012661843229320721,0.0018453722924494612,0.00046869264380720605,0.0,0.0,0.004836684765036402,0.0,0.005867532190018722,0.0,0.0,0.0005809612084316011
2018-05-23 14:00:00,0.0,0.0,0.0,0.0031800745915662658,0.0,0.0,0.04999258406489131,0.0,0.0,0.0,0.0,5.477160371539899e-07,0.008456673203734392,0.0018644052863302442,0.0004886505843851633,0.0,0.0,0.004834224749211512,0.0,0.004662544978078873,0.0,0.0,0.0006761452588487657
2018-05-23 15:00:00,0.0,0.0,0.0,0.00333716257185137,0.0,0.0,0.016555187121610603,0.0,0.0,0.0,0.0,5.747718824082058e-07,0.015574000662719913,0.0020564534263725776,0.0006090634828411635,0.0,0.0,0.005073023739685467,0.0,0.0035906302434410156,0.0,0.0,0.000565975033391405
2018-05-23 16:00:00,0.0,0.0,0.0,0.003266935631986716,0.0,0.0,0.017473068880955987,0.0,0.0,0.0,0.0,5.626764361862433e-07,0.07296859964329129,0.0019708241404044926,0.0009343940208936529,0.0,0.0,0.00496626749828929,0.0,0.0023008099624571127,0.0,0.0,0.00023709304557989263
2018-05-23 17:00:00,0.0,0.0,0.0,0.0032021298875084332,0.0,0.0,0.01770196167606437,0.0,0.0,0.0,0.0,5.515147025449651e-07,0.08064895315120643,0.0018901202445975609,0.0009841513040371264,0.0,0.0,0.004867752345632544,0.0,0.0011440505788127006,0.0,0.0,0.00023741522008667424
2018-05-23 18:00:00,0.0,0.0,0.0,0.0032601301164261252,0.0,0.0,0.025625551259104918,0.0,0.0,0.0,0.0,5.615042970095326e-07,0.07298766725990352,0.0019304496132087963,0.0010158538514576992,0.0,0.0,0.00495592202028025,0.0,0.0003960163908303049,0.0,0.0,0.00021273820178238932
2018-05-23 19:00:00,0.0,0.0,0.0,0.0035583292360667975,0.0,0.0,0.007689681312120593,0.0,0.0,0.0,0.0,6.128642369699202e-07,0.05439612947998664,0.0021269245167776854,0.0012561440064634884,0.0,0.0,0.005409232633868726,0.0,6.22843319173793e-05,0.0,0.0,0.00017452007348344844
2018-05-23 20:00:00,0.0,0.0,0.0,0.0038473703155437818,0.0,0.0,0.0,0.0,0.0,0.0,0.0,6.626468537191306e-07,0.029443168350040287,0.002327307667918315,0.0007997448332011386,0.0,0.0,0.005848621553755113,0.0,0.0,0.0,0.0,0.0001846709125799336
2018-05-23 21:00:00,0.0,0.0,0.0,0.004190413642192799,0.0,0.0,0.0,0.0,0.0,0.0,0.0,7.217304777141833e-07,0.008682091481578152,0.002525230654020728,0.0005623621080929787,0.0,0.0,0.006370102573142697,0.0,0.0,0.0,0.0,0.0005300871834734789
2018-05-23 22:00:00,0.0,0.0,0.0,0.004208362569464994,0.0,0.0,0.0,0.0,0.0,0.0,0.0,7.351764864046754e-07,0.012442069895528632,0.0024972801793738337,0.0006521463454248318,0.0,0.0,0.006488779083561208,0.0,0.0,0.0,0.0,0.0010290954467433318
2018-05-23 23:00:00,0.0,0.0,0.0,0.0043599126490936994,0.0,0.0,0.0,0.0,0.0,0.0,0.0,7.509239200967953e-07,0.0,0.002563028065011873,0.0006603220944112363,0.0,0.0,0.006627768319820524,0.0,0.0,0.0,0.0,0.0010241009183407414
2018-05-24 00:00:00,0.0,0.0,0.0,0.0043439126483646165,0.0,0.0,0.0,0.0,0.0,0.0,0.0,7.481681806506086e-07,0.0,0.0025542069544681792,0.0006495833953148736,0.0,0.0,0.006603445745841577,0.0,0.0,0.0,0.0,0.0010605782606773748
2018-05-24 01:00:00,0.0,0.0,0.0,0.004545901102551273,0.0,0.0,0.0,0.0,0.0,0.0,0.0,7.829574009951185e-07,0.0,0.002657885143132068,0.000712958930022781,0.0,0.0,0.0069105006768402834,0.0,0.0,0.0,0.0,0.0007231099855869486
2018-05-24 02:00:00,0.0,0.0,0.0,0.004533523728595519,0.0,0.0,0.0,0.0,0.0,0.0,0.0,7.808255999891302e-07,0.0,0.0026170245750552516,0.0007762589648582713,0.0,0.0,0.006891685078091172,0.0,0.0,0.0,0.0,0.0008928383047891239
2018-05-24 03:00:00,0.0,0.0,0.0,0.004330800040082608,0.0,0.0,0.0,0.0,0.0,0.0,0.0,7.459097475107002e-07,0.012894959900153035,0.0025143765248714887,0.0007209677684538618,0.0,0.0,0.006583512472687636,0.0,0.0003562782633803951,0.0,0.0,0.0010473465515013051
2018-05-24 04:00:00,0.0,0.0,0.0,0.0037995021682853554,0.0,0.0,0.0,0.0,0.0,0.0,0.0,6.544023452438197e-07,0.034112713869810206,0.0022892048464828872,0.0008947867336910459,0.0,0.0,0.0057758542725129414,0.0,0.0008416548681728035,0.0,0.0,0.0007428824353486849
2018-05-24 05:00:00,0.0,0.0,0.0,0.0031133812216944867,0.0,0.0,0.001793269666995574,0.0,0.0,0.0,0.0,5.362291907927463e-07,0.10310938424220434,0.0018881995110480469,0.0011519382250328822,0.0,0.0,0.004732840102418156,0.0,0.0013990259721768723,0.0,0.0,0.0003538359995736366
2018-05-24 06:00:00,0.0,0.0,0.0,0.0030254703195331362,0.0,0.0,0.013004242689819428,0.0,0.0,0.0,0.0,5.210879701804549e-07,0.1056111346197499,0.0018341143626170084,0.0011895919589789436,0.0,0.0,0.004599201394671807,0.0,0.0024580909349250987,0.0,0.0,0.00015852462847559698
2018-05-24 07:00:00,0.0,0.0,0.0,0.0030607028384792723,0.0,0.0,0.024588199823732528,0.0,0.0,0.0,0.0,5.271561975444634e-07,0.10158755661047497,0.0018485624769630686,0.0010222286986258302,0.0,0.0,0.004652760489014493,0.0,0.0038254960193018672,0.0,0.0,0.00011395232462607004
2018-05-24 08:00:00,0.0,0.0,0.0,0.003075827155753573,0.0,0.0,0.04085426238549951,0.0,0.0,0.0,0.0,5.297611147826027e-07,0.06128600566843655,0.00190474765131975,0.0008389337656749801,0.0,0.0,0.004675751883328405,0.0,0.00477012011591555,0.0,0.0,8.119838118724196e-05
2018-05-24 09:00:00,0.0,0.0,0.0,0.0029758250275076017,0.0,0.0,0.053077214431590906,0.0,0.0,0.0,0.0,5.125373774730726e-07,0.04916858762779977,0.0018245314566473012,0.0008552869936339723,0.0,0.0,0.004523732567610909,0.0,0.005344901345311731,0.0,0.0,7.500625491506946e-05
2018-05-24 10:00:00,0.0,0.0,0.0,0.002967292540900789,0.0,0.0,0.06283923330804217,0.0,0.0,0.0,0.0,5.110677956702598e-07,0.025405352130259788,0.0017818075566373066,0.0006965952838590778,0.0,0.0,0.004510761815907045,0.0,0.006185701329628126,0.0,0.0,0.0001208936161246442
2018-05-24 11:00:00,0.0,0.0,0.0,0.0028704027252889636,0.0,0.0,0.060656845467707145,0.0,0.0,0.0,0.0,4.943801035047273e-07,0.01790467182870648,0.001711050994570465,0.0009291290227469055,0.0,0.0,0.0043634737158670615,0.0,0.005954150622485352,0.0,0.0,0.0002404537114268595
2018-05-24 12:00:00,0.0,0.0,0.0,0.00291251677202841,0.0,0.0,0.06167923062129867,0.0,0.0,0.0,0.0,5.016335619141058e-07,0.028944532319728284,0.0017502656732407862,0.00077215488348643,0.0,0.0,0.004427493839035621,0.0,0.00550046407504885,0.0,0.0,0.0002994596607174537
2018-05-24 13:00:00,0.0,0.0,0.0,0.002986818970724146,0.0,0.0,0.06270947356290653,0.0,0.0,0.0,0.0,5.144309050737242e-07,0.026806161137751184,0.0017916123543359895,0.0007174575705365886,0.0,0.0,0.004540445129174652,0.0,0.004767202984950144,0.0,0.0,0.0002459635099292573
2018-05-24 14:00:00,0.0,0.0,0.0,0.003030583162222875,0.0,0.0,0.06372675538643284,0.0,0.0,0.0,0.0,5.21968574032969e-07,0.04048548335790802,0.0018210813527001766,0.0007246257376241948,0.0,0.0,0.004606973737727882,0.0,0.0038134071829831785,0.0,0.0,0.0004578430577823218
2018-05-24 15:00:00,0.0,0.0,0.0,0.0031092359736292624,0.0,0.0,0.029926581272582405,0.0,0.0,0.0,0.0,5.355152393498065e-07,0.05363075454979233,0.001915115336327924,0.0010229630151799036,0.0,0.0,0.0047265386587848285,0.0,0.002923857650567179,0.0,0.0,0.0004620660011139225
2018-05-24 16:00:00,0.0,0.0,0.0,0.003249618123152764,0.0,0.0,0.010913795228613972,0.0,0.0,0.0,0.0,5.596937774344434e-07,0.06545839145517082,0.0020382208583062597,0.0010758095989653815,0.0,0.0,0.004939942100129825,0.0,0.0020596516691197947,0.0,0.0,0.0002850888143966714
2018-05-24 17:00:00,0.0,0.0,0.0,0.003208484303311604,0.0,0.0,0.0012227685335749648,0.0,0.0,0.0,0.0,5.526091471379854e-07,0.0937946994146055,0.0019808045169339965,0.000807627136647717,0.0,0.0,0.004877412079471472,0.0,0.0010160654905651382,0.0,0.0,0.0006558493869107821
2018-05-24 18:00:00,0.0,0.0,0.0,0.0032450948450538945,0.0,0.0,0.0,0.0,0.0,0.0,0.0,5.58914716477248e-07,0.08982232646972693,0.002010151343553247,0.001037040081349543,0.0,0.0,0.00493306599005646,0.0,0.0003339102477520287,0.0,0.0,0.0003278417580297098
2018-05-24 19:00:00,0.0,0.0,0.0,0.0036270578477949553,0.0,0.0,0.0,0.0,0.0,0.0,0.0,6.247016205818252e-07,0.05666242785156687,0.0022833645524042846,0.0011063363635471558,0.0,0.0,0.005513711175559651,0.0,4.353509426619206e-05,0.0,0.0,0.0003667005382054688
2018-05-24 20:00:00,0.0,0.0,0.0,0.003795181991007847,0.0,0.0,0.0,0.0,0.0,0.0,0.0,6.536582650940914e-07,0.050211498563251224,0.002337676218428425,0.000996847335651395,0.0,0.0,0.0057692869083475545,0.0,0.0,0.0,0.0,0.0004667643938732744
2018-05-24 21:00:00,0.0,0.0,0.0,0.004056884847944521,0.0,0.0,0.0,0.0,0.0,0.0,0.0,6.987323184176755e-07,0.03386208753434398,0.002508944479896961,0.0008704315086014943,0.0,0.0,0.006167117333865819,0.0,0.0,0.0,0.0,0.0003522702507722084
2018-05-24 22:00:00,0.0,0.0,0.0,0.004188520488595233,0.0,0.0,0.0,0.0,0.0,0.0,0.0,7.214044128511347e-07,0.01918556024235402,0.0025619816774770632,0.0008064208088482583,0.0,0.0,0.006367224675246942,0.0,0.0,0.0,0.0,0.00027395062985258325
2018-05-24 23:00:00,0.0,0.0,0.0,0.004343010997152358,0.0,0.0,0.0,0.0,0.0,0.0,0.0,7.480128859194147e-07,0.0067339895006358905,0.0026653752270916773,0.0007806097630545088,0.0,0.0,0.006602075091009449,0.0,0.0,0.0,0.0,0.00019841654779765392
2018-05-25 00:00:00,0.0,0.0,0.0,0.004299399335144268,0.0,0.0,0.0,0.0,0.0,0.0,0.0,7.405014876798519e-07,0.0,0.0026443960563134017,0.0006942448914776805,0.0,0.0,0.006535778351809407,0.0,0.0,0.0,0.0,0.00032969528910038634
2018-05-25 01:00:00,0.0,0.0,0.0,0.004440184382177861,0.0,0.0,0.0,0.0,0.0,0.0,0.0,7.647494182964097e-07,0.0,0.0027199663950842924,0.0005942818660122676,0.0,0.0,0.006749794262157439,0.0,0.0,0.0,0.0,0.0004781194563491765
2018-05-25 02:00:00,0.0,0.0,0.0,0.004403444357294171,0.0,0.0,0.0,0.0,0.0,0.0,0.0,7.584215475956403e-07,0.0002534296836930266,0.0026993696373290056,0.0006743528195709688,0.0,0.0,0.0066939435163760625,0.0,0.0,0.0,0.0,0.0004205461557793269
2018-05-25 03:00:00,0.0,0.0,0.0,0.004103765947556691,0.0,0.0,0.008397423380145609,0.0,0.0,0.0,0.0,7.068068240173547e-07,0.021555116843264333,0.0024970081794239395,0.0007746686811569875,0.0,0.0,0.0062383841439640625,0.0,0.0003064837101690395,0.0,0.0,0.0004939958003622145
2018-05-25 04:00:00,0.0,0.0,0.0,0.0034801477279190257,0.0,0.0,0.017543341572069885,0.0,0.0,0.0,0.0,5.99398745960689e-07,0.06369860796766831,0.002112769234020474,0.0009168431969782524,0.0,0.0,0.005290384169552519,0.0,0.0007501035773728734,0.0,0.0,0.0005782589835890839
2018-05-25 05:00:00,0.0,0.0,0.0,0.003081197588036076,0.0,0.0,0.016359562854928632,0.0,0.0,0.0,0.0,5.306860842457019e-07,0.09617074020186063,0.001955206331110422,0.0010701532785959392,0.0,0.0,0.004683915803987024,0.0,0.0013852463127203682,0.0,0.0,0.0002776984929354861
2018-05-25 06:00:00,0.0,0.0,0.0,0.003043329125049067,0.0,0.0,0.023262441053630647,0.0,0.0,0.0,0.0,5.241638584666701e-07,0.0919030261129513,0.0019331332076164705,0.001014507027919339,0.0,0.0,0.004626349650830775,0.0,0.00236406608575855,0.0,0.0,0.0002922515609103062
2018-05-25 07:00:00,0.0,0.0,0.0,0.003041093296781331,0.0,0.0,0.02381166867942018,0.0,0.0,0.0,0.0,5.23778773474699e-07,0.07374123622455794,0.0019879637728453265,0.0008964415376048027,0.0,0.0,0.004622950832332763,0.0,0.003592858673360115,0.0,0.0,0.00017346346495965382
2018-05-25 08:00:00,0.0,0.0,0.0,0.00297099430464411,0.0,0.0,0.023622604780193276,0.0,0.0,0.0,0.0,5.135135103273275e-07,0.05883104212556478,0.0019828852394857335,0.0006670273509856349,0.0,0.0,0.004532348064113581,0.0,0.004374135452030745,0.0,0.0,0.00011595176161528827
2018-05-25 09:00:00,0.0,0.0,0.0,0.003015591204501392,0.0,0.0,0.01686726090572249,0.0,0.0,0.0,0.0,5.212217413931465e-07,0.03591454459780945,0.0020560457632605366,0.000540596011026171,0.0,0.0,0.004600382079667789,0.0,0.005089545488357175,0.0,0.0,8.378973225069617e-05
2018-05-25 10:00:00,0.0,0.0,0.0,0.0029216684806296672,0.0,0.0,0.01618333331456446,0.0,0.0,0.0,0.0,5.103985059684798e-07,0.022051339378334634,0.002008965102167041,0.0005360443249667559,0.0,0.0,0.004504854563569594,0.0,0.005670336655893202,0.0,0.0,7.9390934483979e-05
2018-05-25 11:00:00,0.0,0.0,0.0,0.002935025517839361,0.0,0.0,0.016115502684147538,0.0,0.0,0.0,0.0,5.127319027522668e-07,0.015838082240414355,0.0019708751375512416,0.0005279020714998795,0.0,0.0,0.004525449477205001,0.0,0.005940397227146072,0.0,0.0,0.00010910709165424891
2018-05-25 12:00:00,0.0,0.0,0.0,0.0031108444633990867,0.0,0.0,0.016732430843450708,0.0,0.0,0.0,0.0,5.434464508707779e-07,0.01724082943914673,0.002036519774258915,0.000614028248455457,0.0,0.0,0.004796540733628463,0.0,0.006101772347685243,0.0,0.0,0.00014086239179244463
2018-05-25 13:00:00,0.0,0.0,0.0,0.0031828883749546667,0.0,0.0,0.01724576718224284,0.0,0.0,0.0,0.0,5.560321035777439e-07,0.025367221653209048,0.0021099442613329708,0.00047571230038788155,0.0,0.0,0.004907623611751109,0.0,0.005710169091704422,0.0,0.0,0.00012073162311317025
2018-05-25 14:00:00,0.0,0.0,0.0,0.0032616962451096957,0.0,0.0,0.002772339489343916,0.0,0.0,0.0,0.0,5.697993805471746e-07,0.03004972558472718,0.002156497263133053,0.0006445489039434791,0.0,0.0,0.005029135684687107,0.0,0.004796553050611446,0.0,0.0,0.00012915412414772745
2018-05-25 15:00:00,0.0,0.0,0.0,0.0032723667129055953,0.0,0.0,0.0,0.0,0.0,0.0,0.0,5.716634492658261e-07,0.04054758819049868,0.0022225632573439954,0.0007344881207227967,0.0,0.0,0.005045588237693881,0.0,0.0035932038875736844,0.0,0.0,0.00013924741080148135
2018-05-25 16:00:00,0.0,0.0,0.0,0.0031567209158854695,0.0,0.0,0.0,0.0,0.0,0.0,0.0,5.51460800535507e-07,0.09133431455454875,0.0021159138713155016,0.0009808102674855933,0.0,0.0,0.004867276598328323,0.0,0.002363888425115619,0.0,0.0,0.00012045471789637604
2018-05-25 17:00:00,0.0,0.0,0.0,0.003076557259256862,0.0,0.0,0.0,0.0,0.0,0.0,0.0,5.37456675547516e-07,0.10046663655370958,0.0020328313927600204,0.0010670807005332525,0.0,0.0,0.004743674068886659,0.0,0.001212603660313105,0.0,0.0,0.00013557505450498739
2018-05-25 18:00:00,0.0,0.0,0.0,0.0030691316781638017,0.0,0.0,0.0,0.0,0.0,0.0,0.0,5.36159469680056e-07,0.09812692303133297,0.0020508731891018695,0.0010563727950735268,0.0,0.0,0.004732224733311454,0.0,0.00044749332597411546,0.0,0.0,0.00013664436977245276
2018-05-25 19:00:00,0.0,0.0,0.0,0.0032088858719751183,0.0,0.0,0.0,0.0,0.0,0.0,0.0,5.605737152377013e-07,0.1009258434881339,0.002085518500491428,0.0010829984161919268,0.0,0.0,0.004947708564534226,0.0,7.859341704652e-05,0.0,0.0,0.00010980446465136169
2018-05-25 20:00:00,0.0,0.0,0.0,0.003441573475814622,0.0,0.0,0.0,0.0,0.0,0.0,0.0,5.948494999981796e-07,0.10425560464095628,0.0021768851014423458,0.0010046221070069636,0.0,0.0,0.005250231835258114,0.0,0.0,0.0,0.0,9.149773218401887e-05
2018-05-25 21:00:00,0.0,0.0,0.0,0.004127391786689612,0.0,0.0,0.0,0.0,0.0,0.0,0.0,7.108759898849226e-07,0.0218119578984965,0.0026911032935799306,0.001060310032512636,0.0,0.0,0.006274299218585317,0.0,0.0,0.0,0.0,0.00010040696284311554
2018-05-25 22:00:00,0.0,0.0,0.0,0.003946859543360739,0.0,0.0,0.0,0.0,0.0,0.0,0.0,7.150302209232343e-07,0.044778347488014104,0.002645559251539413,0.0009200919276627954,0.0,0.0,0.006310965091295017,0.0,0.0,0.0,0.0,9.045736800358212e-05
2018-05-25 23:00:00,0.0,0.0,0.0,0.0041944231235718265,0.0,0.0,0.0,0.0,0.0,0.0,0.0,7.460639161392776e-07,0.030311985915201067,0.0027760562379569,0.0010162165910870334,0.0,0.0,0.0065848731883674134,0.0,0.0,0.0,0.0,0.00010602939508091029
2018-05-26 00:00:00,0.0,0.0,0.0,0.004321768841438231,0.0,0.0,0.0,0.0,0.0,0.0,0.0,7.549879031230161e-07,0.022942850995773676,0.0027955626480671695,0.0010483136135327742,0.0,0.0,0.006663637649898602,0.0,0.0,0.0,0.0,0.00012136913952612006
2018-05-26 01:00:00,0.0,0.0,0.0,0.00470727573237924,0.0,0.0,0.0,0.0,0.0,0.0,0.0,8.223337168186341e-07,0.006303918489180421,0.0030561390511412495,0.0008810725512861843,0.0,0.0,0.0072580420077020084,0.0,0.0,0.0,0.0,0.00013183967913365133
2018-05-26 02:00:00,0.0,0.0,0.0,0.0046553979055069415,0.0,0.0,0.0,0.0,0.0,0.0,0.0,8.132709619222244e-07,0.007433376041227671,0.0030126434331906645,0.0009409097646897518,0.0,0.0,0.007178052759543579,0.0,0.0,0.0,0.0,0.00011733231251415142
2018-05-26 03:00:00,0.0,0.0,0.0,0.00483837220943363,0.0,0.0,0.0,0.0,0.0,0.0,0.0,8.333307840813143e-07,0.008312877039846619,0.0030956338948982614,0.0006752529482049433,0.0,0.0,0.0073551037899463835,0.0,0.0006396749605723222,0.0,0.0,0.00010288463952054263
2018-05-26 04:00:00,0.0,0.0,0.0,0.004274871682011493,0.0,0.0,0.0,0.0,0.0,0.0,0.0,7.388786845525669e-07,0.03662098190654917,0.002760931306067037,0.0006531116575954186,0.0,0.0,0.006521455245475361,0.0,0.0014754081845081892,0.0,0.0,8.961845491084065e-05
2018-05-26 05:00:00,0.0,0.0,0.0,0.0037726099123107956,0.0,0.0,0.0,0.0,0.0,0.0,0.0,6.590530293260114e-07,0.04140882866598668,0.0025169503043813092,0.0010512649920187498,0.0,0.0,0.005816901915024411,0.0,0.0024520338739896365,0.0,0.0,7.62240845340326e-05
2018-05-26 06:00:00,0.0,0.0,0.0,0.0035614094016232878,0.0,0.0,0.0,0.0,0.0,0.0,0.0,6.221575273793114e-07,0.05157056128530856,0.00235897624031545,0.0009369303560039959,0.0,0.0,0.005491256623401933,0.0,0.004100815781095844,0.0,0.0,6.980376675211445e-05
2018-05-26 07:00:00,0.0,0.0,0.0,0.003448000950938297,0.0,0.0,0.0,0.0,0.0,0.0,0.0,6.023457300526878e-07,0.03068279536942026,0.002277582369543463,0.0008854356417956476,0.0,0.0,0.005316394697758154,0.0,0.0063494504766000446,0.0,0.0,6.83626579847063e-05
2018-05-26 08:00:00,0.0,0.0,0.0,0.003378150390048354,0.0,0.0,0.0,0.0,0.0,0.0,0.0,5.90143242961612e-07,0.018229287402400707,0.002252346546707647,0.0005474144278817835,0.0,0.0,0.00520869369742935,0.0,0.007690427851416825,0.0,0.0,6.799890224462718e-05
2018-05-26 09:00:00,0.0,0.0,0.0,0.0032753654844159858,0.0,0.0,0.0,0.0,0.0,0.0,0.0,5.721873172230537e-07,0.02930401777547336,0.0021220186297266673,0.0004907309800272636,0.0,0.0,0.005050211975675533,0.0,0.008351557616835004,0.0,0.0,7.386639547755346e-05
2018-05-26 10:00:00,0.0,0.0,0.0,0.0032583714054657646,0.0,0.0,0.0,0.0,0.0,0.0,0.0,5.733136478665358e-07,0.0,0.002136847334749588,0.0004431944532907117,0.0,0.0,0.005060153140628104,0.0,0.00924736711445645,0.0,0.0,8.470777953225129e-05
2018-05-26 11:00:00,0.0,0.0,0.0,0.003356537242806975,0.0,0.0,0.0,0.0,0.0,0.0,0.0,5.863675517309288e-07,0.0,0.0021729274747187824,0.00029978803017166106,0.0,0.0,0.005175368874428746,0.0,0.009757085456512134,0.0,0.0,0.00010189356121219897
2018-05-26 12:00:00,0.0,0.0,0.0,0.0033264030471400665,0.0,0.0,0.0,0.0,0.0,0.0,0.0,5.811032828554823e-07,0.0,0.0021451456512925514,0.0003943558507262715,0.0,0.0,0.005128905639544439,0.0,0.00948864370641729,0.0,0.0,9.265659417852234e-05
2018-05-26 13:00:00,0.0,0.0,0.0,0.0033469483402254196,0.0,0.0,0.0,0.0,0.0,0.0,0.0,5.846924261703283e-07,0.0,0.0021617453250692663,0.00047561468375768607,0.0,0.0,0.005160583962368895,0.0,0.008587337492206849,0.0,0.0,8.233136200246442e-05
2018-05-26 14:00:00,0.0,0.0,0.0,0.0036169504875219623,0.0,0.0,0.0,0.0,0.0,0.0,0.0,6.318602323407042e-07,0.0,0.002344967804446256,0.0005206753669713512,0.0,0.0,0.0055768941678170795,0.0,0.0073942961011765045,0.0,0.0,8.294233450964109e-05
2018-05-26 15:00:00,0.0,0.0,0.0,0.0036927311431187845,0.0,0.0,0.0,0.0,0.0,0.0,0.0,6.382601706889244e-07,0.015048592078842172,0.0024082838269168304,0.0007637195174568162,0.0,0.0,0.005633380993576565,0.0,0.0056389132051801885,0.0,0.0,8.267802151644386e-05
2018-05-26 16:00:00,0.0,0.0,0.0,0.00338813676347761,0.0,0.0,0.0,0.0,0.0,0.0,0.0,5.83551356420764e-07,0.0861423875367549,0.0021871642664894092,0.001125711340861056,0.0,0.0,0.005150512707832359,0.0,0.003611981681029015,0.0,0.0,7.356637512604658e-05
2018-05-26 17:00:00,0.0,0.0,0.0,0.003454963651787871,0.0,0.0,0.0,0.0,0.0,0.0,0.0,5.95061199157692e-07,0.08762505746750399,0.0022298385207020015,0.0009309834009356983,0.0,0.0,0.005252100324122563,0.0,0.0019764870939385764,0.0,0.0,7.166002762392752e-05
2018-05-26 18:00:00,0.0,0.0,0.0,0.003264152956720901,0.0,0.0,0.0,0.0,0.0,0.0,0.0,5.621971657083366e-07,0.09910745801095348,0.002098293800193468,0.001083267862771649,0.0,0.0,0.004962037384418786,0.0,0.0006436376041075762,0.0,0.0,7.306828152299835e-05
2018-05-26 19:00:00,0.0,0.0,0.0,0.0036151643327932592,0.0,0.0,0.0,0.0,0.0,0.0,0.0,6.161445868183529e-07,0.07508223550856609,0.0023314703036512977,0.001126550362939027,0.0,0.0,0.005438185498761572,0.0,9.906019989237287e-05,0.0,0.0,9.129697065462832e-05
2018-05-26 20:00:00,0.0,0.0,0.0,0.003772670023635397,0.0,0.0,0.0,0.0,0.0,0.0,0.0,6.407562101355304e-07,0.07915191883861736,0.0024124727921068286,0.0009200306751559313,0.0,0.0,0.00565541141600219,0.0,0.0,0.0,0.0,9.077425397737599e-05
2018-05-26 21:00:00,0.0,0.0,0.0,0.004402072725948336,0.0,0.0,0.0,0.0,0.0,0.0,0.0,7.476549549651884e-07,0.030986513847794196,0.002817352326229897,0.0007833646210552626,0.0,0.0,0.006598915938163714,0.0,0.0,0.0,0.0,0.00010560178120395943
2018-05-26 22:00:00,0.0,0.0,0.0,0.004699017523405521,0.0,0.0,0.0,0.0,0.0,0.0,0.0,8.093292098438493e-07,0.01376065818594908,0.0030215803666120977,0.0007155961427617976,0.0,0.0,0.007143262258335049,0.0,0.0,0.0,0.0,0.0001248458354498532
2018-05-26 23:00:00,0.0,0.0,0.0,0.0045307544429394634,0.0,0.0,0.0,0.0,0.0,0.0,0.0,7.80348635653355e-07,0.0,0.0028828289398128482,0.0008145587246581048,0.0,0.0,0.00688747531858061,0.0,0.0,0.0,0.0,0.00015793875402301974
2018-05-27 00:00:00,0.0,0.0,0.0,0.004417368661303929,0.0,0.0,0.0,0.0,0.0,0.0,0.0,7.608197821001321e-07,0.0,0.002852231041917748,0.0005860550365462926,0.0,0.0,0.00671511069756044,0.0,0.0,0.0,0.0,0.0001236231354216607
2018-05-27 01:00:00,0.0,0.0,0.0,0.004604648135971847,0.0,0.0,0.0,0.0,0.0,0.0,0.0,7.930756203680239e-07,0.0,0.002968197116944673,0.0005956575501740379,0.0,0.0,0.006999805614421831,0.0,0.0,0.0,0.0,0.00010100962436072178
2018-05-27 02:00:00,0.0,0.0,0.0,0.004622702644459714,0.0,0.0,0.0,0.0,0.0,0.0,0.0,7.961852153026719e-07,0.0,0.002979835213593773,0.0004239254528544416,0.0,0.0,0.007027251370568043,0.0,0.0,0.0,0.0,0.0001014056761472047
2018-05-27 03:00:00,0.0,0.0,0.0,0.004499821621996028,0.0,0.0,0.0,0.0,0.0,0.0,0.0,7.75020961217647e-07,0.0,0.0028755948806262277,0.0003457722120636267,0.0,0.0,0.006840452456612447,0.0,0.0006403962895457938,0.0,0.0,0.00010845414346218017
2018-05-27 04:00:00,0.0,0.0,0.0,0.004282011966661988,0.0,0.0,0.0,0.0,0.0,0.0,0.0,7.37506796741813e-07,0.0,0.002719436735197026,0.0003287461097078016,0.0,0.0,0.006509346755750743,0.0,0.001627237353795336,0.0,0.0,0.00013743632298044087
2018-05-27 05:00:00,0.0,0.0,0.0,0.0038840423811087204,0.0,0.0,0.0,0.0,0.0,0.0,0.0,6.689630195344697e-07,0.0,0.00254858277447781,0.00041925391827320673,0.0,0.0,0.0059043689904438295,0.0,0.0026825736964465135,0.0,0.0,9.912947391950402e-05
2018-05-27 06:00:00,0.0,0.0,0.0,0.003665424415908295,0.0,0.0,0.0,0.0,0.0,0.0,0.0,6.313096368535086e-07,0.0,0.0023933487934381112,0.00046953676011115967,0.0,0.0,0.005572034528605426,0.0,0.004408684559342561,0.0,0.0,7.958710241085632e-05
2018-05-27 07:00:00,0.0,0.0,0.0,0.0034590458021331667,0.0,0.0,0.0,0.0,0.0,0.0,0.0,5.957642830463914e-07,0.0,0.0022379555944566495,0.0003958920091900176,0.0,0.0,0.0052583058490752056,0.0,0.00680146075851346,0.0,0.0,9.757695532786605e-05
2018-05-27 08:00:00,0.0,0.0,0.0,0.0032958641577634433,0.0,0.0,0.0,0.0,0.0,0.0,0.0,5.676589034343879e-07,0.0,0.0021081815003213713,0.00035984680898522607,0.0,0.0,0.005010243509304547,0.0,0.008027140384327232,0.0,0.0,0.0001313805771050835
2018-05-27 09:00:00,0.0,0.0,0.0,0.0032549895989331602,0.0,0.0,0.0,0.0,0.0,0.0,0.0,5.606189266230534e-07,0.0,0.0020283511063318043,0.0003270882438585118,0.0,0.0,0.004948107607073041,0.0,0.0088113611346756,0.0,0.0,0.00022528705313631163
2018-05-27 10:00:00,0.0,0.0,0.0,0.003177649181280327,0.0,0.0,0.0,0.0,0.0,0.0,0.0,5.47298299748141e-07,0.0,0.001962052911961411,0.00028940287488051197,0.0,0.0,0.004830537735560206,0.0,0.009356597147553835,0.0,0.0,0.00029066807116576973
2018-05-27 11:00:00,0.0,0.0,0.0,0.003278503842729639,0.0,0.0,0.0,0.0,0.0,0.0,0.0,5.646688720120819e-07,0.0,0.0019864800735900664,0.00025864350163343013,0.0,0.0,0.004983853038837881,0.0,0.009645286831425385,0.0,0.0,0.0004061604622214202
2018-05-27 12:00:00,0.0,0.0,0.0,0.003307322823696644,0.0,0.0,0.0,0.0,0.0,0.0,0.0,5.696324719515066e-07,0.0,0.0019872755688067826,0.0002948817091558599,0.0,0.0,0.00502766252412707,0.0,0.009235627060362777,0.0,0.0,0.0004818621876394992
2018-05-27 13:00:00,0.0,0.0,0.0,0.0033392547195961572,0.0,0.0,0.0,0.0,0.0,0.0,0.0,5.751322207710087e-07,0.0,0.0019727585130333773,0.0004631002084931725,0.0,0.0,0.005076204140684135,0.0,0.008326625860412192,0.0,0.0,0.00033337901496651134
2018-05-27 14:00:00,0.0,0.0,0.0,0.0035163140488766263,0.0,0.0,0.0,0.0,0.0,0.0,0.0,6.056278055072388e-07,0.0,0.0021034407413681516,0.00043174693663131157,0.0,0.0,0.005345362793112115,0.0,0.006763464299248117,0.0,0.0,0.0002039925308312243
2018-05-27 15:00:00,0.0,0.0,0.0,0.0039223063711178886,0.0,0.0,0.0,0.0,0.0,0.0,0.0,6.755533683989594e-07,0.003963710156294118,0.0024599673020690087,0.0005349499046598175,0.0,0.0,0.0059625364082762505,0.0,0.005283436449618128,0.0,0.0,0.000150494849920718
2018-05-27 16:00:00,0.0,0.0,0.0,0.0037719355341035684,0.0,0.0,0.0,0.0,0.0,0.0,0.0,6.496544416343368e-07,0.03387798151498642,0.002431705180971176,0.0010512238882490945,0.0,0.0,0.005733948555720174,0.0,0.003281683208962794,0.0,0.0,0.00011823655536632114
2018-05-27 17:00:00,0.0,0.0,0.0,0.0038961989738798878,0.0,0.0,0.0,0.0,0.0,0.0,0.0,6.710567945784822e-07,0.041562874352259624,0.0024909588712230934,0.0009269478091030987,0.0,0.0,0.0059228489662897805,0.0,0.0017293594511358283,0.0,0.0,0.00019895977084282343
2018-05-27 18:00:00,0.0,0.0,0.0,0.0037635574659430193,0.0,0.0,0.0,0.0,0.0,0.0,0.0,6.482114558930365e-07,0.05815140560257901,0.002396646438837303,0.0009369226231685941,0.0,0.0,0.0057212125448857995,0.0,0.0005306134183487458,0.0,0.0,0.00033751495991605877
2018-05-27 19:00:00,0.0,0.0,0.0,0.003835836045816167,0.0,0.0,0.0,0.0,0.0,0.0,0.0,6.606602636801961e-07,0.05780726772182352,0.002426326870284321,0.0009296049114543095,0.0,0.0,0.005831087609007656,0.0,5.1953314113254134e-05,0.0,0.0,0.00040072368497054325
2018-05-27 20:00:00,0.0,0.0,0.0,0.0037981186938207488,0.0,0.0,0.0,0.0,0.0,0.0,0.0,6.541640643074959e-07,0.056878823575161476,0.0023551032562961448,0.0011703179207203523,0.0,0.0,0.00577375116885794,0.0,0.0,0.0,0.0,0.0005201757631066
2018-05-27 21:00:00,0.0,0.0,0.0,0.004216788877263115,0.0,0.0,0.0,0.0,0.0,0.0,0.0,7.262731822375395e-07,0.018608396385810355,0.0026677366739776887,0.0008661837937759765,0.0,0.0,0.006410197171703796,0.0,0.0,0.0,0.0,0.000423188081897452
2018-05-27 22:00:00,0.0,0.0,0.0,0.004444224756761097,0.0,0.0,0.0,0.0,0.0,0.0,0.0,7.654453069907242e-07,0.0,0.0027829812319456744,0.0006940098254214961,0.0,0.0,0.006755936281234023,0.0,0.0,0.0,0.0,0.0003635780024639554
2018-05-27 23:00:00,0.0,0.0,0.0,0.004238009719597635,0.0,0.0,0.0,0.0,0.0,0.0,0.0,7.299281265899007e-07,0.0,0.002656574155905989,0.0006552216545471134,0.0,0.0,0.006442456264457378,0.0,0.0,0.0,0.0,0.00037619402044165433
2018-05-28 00:00:00,0.0,0.0,0.0,0.004224405388884708,0.0,0.0,0.0,0.0,0.0,0.0,0.0,7.275850022726354e-07,0.0,0.0026428032620031414,0.000507938673872216,0.0,0.0,0.006421775494137302,0.0,0.0,0.0,0.0,0.0005629886078394985
2018-05-28 01:00:00,0.0,0.0,0.0,0.004315228805048651,0.0,0.0,0.0,0.0,0.0,0.0,0.0,7.432278559698507e-07,0.0,0.0026827171959195465,0.0004857198155293005,0.0,0.0,0.006559841691512698,0.0,0.0,0.0,0.0,0.0008055470095993759
2018-05-28 02:00:00,0.0,0.0,0.0,0.004350213279014897,0.0,0.0,0.0,0.0,0.0,0.0,0.0,7.492533616273362e-07,0.0,0.0026739587560964014,0.000582729833406143,0.0,0.0,0.006613023717599223,0.0,0.0,0.0,0.0,0.0007635982213137568
2018-05-28 03:00:00,0.0,0.0,0.0,0.004637203171507911,0.0,0.0,9.037124807048186e-05,0.0,0.0,0.0,0.0,7.98682694837443e-07,0.0031868981265719964,0.002830324310489535,0.0006965747218979105,0.0,0.0,0.007049294503430056,0.0,0.0006190759740397799,0.0,0.0,0.0005937145367159427
2018-05-28 04:00:00,0.0,0.0,0.0,0.0038874567184640197,0.0,0.0,0.0045876864404046,0.0,0.0,0.0,0.0,6.695510835159597e-07,0.051596833115995895,0.0024036982351758897,0.0011858515572955154,0.0,0.0,0.005909559332264401,0.0,0.001396891828380892,0.0,0.0,0.0004889961762329865
2018-05-28 05:00:00,0.0,0.0,0.0,0.0033493687842057833,0.0,0.0,0.007151078321337727,0.0,0.0,0.0,0.0,5.768742036170071e-07,0.0873905292227444,0.0021270799606546396,0.0011394576641189842,0.0,0.0,0.0050915791452769985,0.0,0.002229091380931129,0.0,0.0,0.00033137295815535706
2018-05-28 06:00:00,0.0,0.0,0.0,0.003116205500111229,0.0,0.0,0.006754478421919259,0.0,0.0,0.0,0.0,5.367156267355823e-07,0.09468927039173579,0.0019589686617519373,0.0012685692170630626,0.0,0.0,0.00473713345976804,0.0,0.0036372118822747897,0.0,0.0,0.00024280646118132995
2018-05-28 07:00:00,0.0,0.0,0.0,0.0030167661342104133,0.0,0.0,0.014345168369385068,0.0,0.0,0.0,0.0,5.195888160712214e-07,0.07699658022315936,0.001888653075700818,0.0009475631912155407,0.0,0.0,0.0045859696333098495,0.0,0.005707793810909215,0.0,0.0,0.0002885433793613118
2018-05-28 08:00:00,0.0,0.0,0.0,0.002863190829314846,0.0,0.0,0.02440885348879267,0.0,0.0,0.0,0.0,4.93137971922724e-07,0.06014134367870571,0.0017987148458399967,0.0008015711991331782,0.0,0.0,0.004352510474281697,0.0,0.006713210478200112,0.0,0.0,0.0003665871478739605
2018-05-28 09:00:00,0.0,0.0,0.0,0.0028715538906764026,0.0,0.0,0.025443934394903063,0.0,0.0,0.0,0.0,4.945783729873956e-07,0.02784722034906803,0.001818052595104415,0.0006687522421454734,0.0,0.0,0.004365223672368444,0.0,0.007499077565744508,0.0,0.0,0.0005119907009641428
2018-05-28 10:00:00,0.0,0.0,0.0,0.0029703706867786604,0.0,0.0,0.026467452839929167,0.0,0.0,0.0,0.0,5.115979561471495e-07,0.011061636188117053,0.0018477926333137617,0.0004991736525536312,0.0,0.0,0.004515441092620855,0.0,0.00847219722744797,0.0,0.0,0.0006653668506690316
2018-05-28 11:00:00,0.0,0.0,0.0,0.002936668159389879,0.0,0.0,0.024723660712260686,0.0,0.0,0.0,0.0,5.057932449015667e-07,0.009176406099689286,0.0017808072362111218,0.0005087874052919144,0.0,0.0,0.004464207831474742,0.0,0.00838743792868706,0.0,0.0,0.0005512808144533793
2018-05-28 12:00:00,0.0,0.0,0.0,0.0029764150968835555,0.0,0.0,0.024974503524391928,0.0,0.0,0.0,0.0,5.12639007309398e-07,0.011814691476861712,0.001806156136141451,0.0005670198833119941,0.0,0.0,0.004524629567948119,0.0,0.008075338182515048,0.0,0.0,0.0006092801059397373
2018-05-28 13:00:00,0.0,0.0,0.0,0.0029398086772840096,0.0,0.0,0.025170241571463102,0.0,0.0,0.0,0.0,5.063341479420634e-07,0.015968894695486454,0.0017809533002988568,0.0006981542781345866,0.0,0.0,0.004468981923682961,0.0,0.007097591336930156,0.0,0.0,0.0008241006438648102
2018-05-28 14:00:00,0.0,0.0,0.0,0.002962611419850318,0.0,0.0,0.025429626979500592,0.0,0.0,0.0,0.0,5.102615488363013e-07,0.06287659491046131,0.0018291441244039286,0.0007722251324460843,0.0,0.0,0.004503645759165403,0.0,0.005639658391950903,0.0,0.0,0.0006308335723104452
2018-05-28 15:00:00,0.0,0.0,0.0,0.0030973863949050754,0.0,0.0,0.026807801921922884,0.0,0.0,0.0,0.0,5.334743424733719e-07,0.08479009959244481,0.0019680264458845033,0.0008925271352677107,0.0,0.0,0.004708525393659502,0.0,0.004235905062584587,0.0,0.0,0.0004873890304698386
2018-05-28 16:00:00,0.0,0.0,0.0,0.002984719174647073,0.0,0.0,0.025800354870569652,0.0,0.0,0.0,0.0,5.140692494102955e-07,0.08908728723295178,0.001897644510207289,0.0010388629003553562,0.0,0.0,0.004537253101481023,0.0,0.002709071852630456,0.0,0.0,0.0005982569750240134
2018-05-28 17:00:00,0.0,0.0,0.0,0.002976599740500683,0.0,0.0,0.02562704195731596,0.0,0.0,0.0,0.0,5.126708091641491e-07,0.09058828073196036,0.001880019735267463,0.0010450196469590286,0.0,0.0,0.004524910255937662,0.0,0.0014082264743082427,0.0,0.0,0.0007954478836219223
2018-05-28 18:00:00,0.0,0.0,0.0,0.003069006053359295,0.0,0.0,0.026867863377158865,0.0,0.0,0.0,0.0,5.285862910277374e-07,0.07996111204870641,0.0019703693295227364,0.0010122152431698817,0.0,0.0,0.004665382710825728,0.0,0.00046153478745990635,0.0,0.0,0.0009555811633811073
2018-05-28 19:00:00,0.0,0.0,0.0,0.0035535111056228933,0.0,0.0,0.03167890889431675,0.0,0.0,0.0,0.0,6.120343925001633e-07,0.02451759678142804,0.002295885221959012,0.0009179242578791099,0.0,0.0,0.00540190830081735,0.0,5.6282185560785054e-05,0.0,0.0,0.0011508282056536768
2018-05-28 20:00:00,0.0,0.0,0.0,0.003776143085375986,0.0,0.0,0.03222452628688257,0.0,0.0,0.0,0.0,6.503791237896431e-07,0.010885517954301663,0.0023909399247182446,0.000718521084879227,0.0,0.0,0.005740344710247064,0.0,0.0,0.0,0.0,0.0016279640794562348
2018-05-28 21:00:00,0.0,0.0,0.0,0.003937910117327373,0.0,0.0,0.022869477923959654,0.0,0.0,0.0,0.0,6.782408594601067e-07,0.008438894140532841,0.002523749911796904,0.0007775038779941621,0.0,0.0,0.005986256611665931,0.0,0.0,0.0,0.0,0.0016655996434693555
2018-05-28 22:00:00,0.0,0.0,0.0,0.004110081008428958,0.0,0.0,0.0191422423894778,0.0,0.0,0.0,0.0,7.02944179243284e-07,0.0,0.002530720068340674,0.000786796112548177,0.0,0.0,0.006204291855811881,0.0,0.0,0.0,0.0,0.0011926366963094664
2018-05-28 23:00:00,0.0,0.0,0.0,0.004189032231908155,0.0,0.0,0.0196654828140044,0.0,0.0,0.0,0.0,7.214925522992273e-07,0.0,0.002589103893309917,0.0008141609153915259,0.0,0.0,0.006368002607373166,0.0,0.0,0.0,0.0,0.0009800183049841326
2018-05-29 00:00:00,0.0,0.0,0.0,0.004309860141078601,0.0,0.0,0.020245417542665064,0.0,0.0,0.0,0.0,7.396986184695165e-07,0.0,0.002669592863011098,0.0007144807224018591,0.0,0.0,0.006528692106485733,0.0,0.0,0.0,0.0,0.001274596120693655
2018-05-29 01:00:00,0.0,0.0,0.0,0.004337804264973777,0.0,0.0,0.020398710929312825,0.0,0.0,0.0,0.0,7.418915229424035e-07,0.0,0.0026565095233265956,0.0006785716780263437,0.0,0.0,0.0065480470136938035,0.0,0.0,0.0,0.0,0.0016205429464118237
2018-05-29 02:00:00,0.0,0.0,0.0,0.00435981526940673,0.0,0.0,0.020387769419990022,0.0,0.0,0.0,0.0,7.404778820873769e-07,0.0,0.002662505131629623,0.000626640138124073,0.0,0.0,0.006535570005272841,0.0,0.0,0.0,0.0,0.0017145667090312257
2018-05-29 03:00:00,0.0,0.0,0.0,0.0042178384683589695,0.0,0.0,0.019615768850971355,0.0,0.0,0.0,0.0,7.163643189088863e-07,0.0008589376882657218,0.002563735553558168,0.0006409853152075159,0.0,0.0,0.006322740042296313,0.0,0.000343897731841338,0.0,0.0,0.001579400521676974
2018-05-29 04:00:00,0.0,0.0,0.0,0.0036301477308532623,0.0,0.0,0.02661065702261692,0.0,0.0,0.0,0.0,6.165499997829726e-07,0.030509540430172215,0.002257530329586628,0.0007980447384146925,0.0,0.0,0.0054417637350268454,0.0,0.0009158792371004413,0.0,0.0,0.0011769956927495096
2018-05-29 05:00:00,0.0,0.0,0.0,0.0030682370687935465,0.0,0.0,0.026782881326080407,0.0,0.0,0.0,0.0,5.211142092154257e-07,0.09273577251936516,0.0019419281814340398,0.0010212103555111162,0.0,0.0,0.004599432984370933,0.0,0.0016517817377060175,0.0,0.0,0.0007802646055359402
2018-05-29 06:00:00,0.0,0.0,0.0,0.002873092257839397,0.0,0.0,0.025376146532612234,0.0,0.0,0.0,0.0,4.896707532876344e-07,0.0911586480521047,0.0018306637519558539,0.0010186897747828708,0.0,0.0,0.004321908277158218,0.0,0.0027316773238083643,0.0,0.0,0.0006149454471932172
2018-05-29 07:00:00,0.0,0.0,0.0,0.0028437372024319087,0.0,0.0,0.02483534960198716,0.0,0.0,0.0,0.0,4.829847988390577e-07,0.0736609155442627,0.0018142219558797393,0.0009245749882835175,0.0,0.0,0.004262897029951806,0.0,0.004256923370444151,0.0,0.0,0.000704920686908151
2018-05-29 08:00:00,0.0,0.0,0.0,0.002839457194212485,0.0,0.0,0.02489498034302974,0.0,0.0,0.0,0.0,4.822578755118529e-07,0.023262252255287354,0.0018489639256631608,0.0008828887406233817,0.0,0.0,0.004256481094502093,0.0,0.005237409469999078,0.0,0.0,0.0009327714895649192
2018-05-29 09:00:00,0.0,0.0,0.0,0.0027523186163332268,0.0,0.0,0.02303093855981133,0.0,0.0,0.0,0.0,4.7237873421574904e-07,0.015339042746892425,0.0017911151141566859,0.0006718418432666286,0.0,0.0,0.0041692862962582075,0.0,0.005699377205412577,0.0,0.0,0.001362734560422032
2018-05-29 10:00:00,0.0,0.0,0.0,0.0028101094283331366,0.0,0.0,0.015242725204972229,0.0,0.0,0.0,0.0,4.83995565430314e-07,0.0017409661967911993,0.0017926388914265047,0.0005650191400662281,0.0,0.0,0.004271818209065926,0.0,0.006390483887359855,0.0,0.0,0.001782374034584598
2018-05-29 11:00:00,0.0,0.0,0.0,0.002770163876724746,0.0,0.0,0.012734653132497243,0.0,0.0,0.0,0.0,4.771155949771359e-07,0.0009425134724539264,0.0017459483486593705,0.0005407045023861017,0.0,0.0,0.00421109454720016,0.0,0.006498455942561555,0.0,0.0,0.002045466218956012
2018-05-29 12:00:00,0.0,0.0,0.0,0.0027956630695992264,0.0,0.0,0.01271869498962063,0.0,0.0,0.0,0.0,4.815074155051435e-07,0.0,0.0017484753889433669,0.0006024094037872028,0.0,0.0,0.004249857420752135,0.0,0.006356641010360389,0.0,0.0,0.002208584408683035
2018-05-29 13:00:00,0.0,0.0,0.0,0.0029178039394112958,0.0,0.0,0.013432319265928512,0.0,0.0,0.0,0.0,5.025441903548361e-07,0.0,0.001856016970106229,0.0005136016325774124,0.0,0.0,0.004435531183657459,0.0,0.005974187650417361,0.0,0.0,0.0018020132392004675
2018-05-29 14:00:00,0.0,0.0,0.0,0.0029891561009692843,0.0,0.0,0.013780212112331805,0.0,0.0,0.0,0.0,5.148334376808443e-07,0.0017759949745834633,0.0019198638391366566,0.0006305722364598715,0.0,0.0,0.00454399794296812,0.0,0.005007519084542139,0.0,0.0,0.0018024761461814286
2018-05-29 15:00:00,0.0,0.0,0.0,0.00302680949420253,0.0,0.0,0.023011640601850986,0.0,0.0,0.0,0.0,5.21318621198806e-07,0.008756149625088808,0.001962242279525718,0.0006994561884013824,0.0,0.0,0.004601237155514484,0.0,0.003904914249114662,0.0,0.0,0.002030078624459787
2018-05-29 16:00:00,0.0,0.0,0.0,0.0030216175680328142,0.0,0.0,0.026354853326836323,0.0,0.0,0.0,0.0,5.204243965053304e-07,0.01833131274574562,0.0019840880263902114,0.0008934225407242598,0.0,0.0,0.004593344592851872,0.0,0.002584107342968425,0.0,0.0,0.0017506321289077378
2018-05-29 17:00:00,0.0,0.0,0.0,0.003078953638109924,0.0,0.0,0.026561593782666086,0.0,0.0,0.0,0.0,5.302996004303902e-07,0.05083606471138391,0.0019766639532272333,0.0009973288835387654,0.0,0.0,0.004680504639262221,0.0,0.0011860918606566469,0.0,0.0,0.001739864537889023
2018-05-29 18:00:00,0.0,0.0,0.0,0.0031041785174879513,0.0,0.0,0.027041349819084102,0.0,0.0,0.0,0.0,5.346441749278758e-07,0.06002234016965884,0.002016530912953103,0.000965581631481059,0.0,0.0,0.0047188505121887655,0.0,0.00031399339134242693,0.0,0.0,0.0016853892911485246
2018-05-29 19:00:00,0.0,0.0,0.0,0.0033826131911322455,0.0,0.0,0.030345822739968352,0.0,0.0,0.0,0.0,5.826000110768655e-07,0.029539553464215936,0.002227906921242446,0.0008270808346939869,0.0,0.0,0.005142115989652591,0.0,2.714727811575277e-05,0.0,0.0,0.0011291351296989556
2018-05-29 20:00:00,0.0,0.0,0.0,0.0036059385463365306,0.0,0.0,0.020902506638168228,0.0,0.0,0.0,0.0,6.210641649910204e-07,0.016358337135779482,0.002385133562101644,0.000810790508713038,0.0,0.0,0.005481606441265954,0.0,0.0,0.0,0.0,0.0011100902119601027
2018-05-29 21:00:00,0.0,0.0,0.0,0.003703480467630435,0.0,0.0,0.018155914433148096,0.0,0.0,0.0,0.0,6.378641717358842e-07,0.002764615078404516,0.002422959899622307,0.0008489867950505938,0.0,0.0,0.005629885846804169,0.0,0.0,0.0,0.0,0.0017248990895377837
2018-05-29 22:00:00,0.0,0.0,0.0,0.0038555144509503157,0.0,0.0,0.018316842217737293,0.0,0.0,0.0,0.0,6.640495483548924e-07,0.009626322227803802,0.0024078730196681174,0.0008465891594588684,0.0,0.0,0.005861001949185966,0.0,0.0,0.0,0.0,0.0018882796562466567
2018-05-29 23:00:00,0.0,0.0,0.0,0.00413069691263611,0.0,0.0,0.019704684754986396,0.0,0.0,0.0,0.0,7.11445243980569e-07,0.009677104713007709,0.002583870069393625,0.0007190988199456326,0.0,0.0,0.006279323541502834,0.0,0.0,0.0,0.0,0.0018818300814146436
2018-05-30 00:00:00,0.0,0.0,0.0,0.004258299817027897,0.0,0.0,0.02032260948771889,0.0,0.0,0.0,0.0,7.334227652966292e-07,0.0,0.002676233340048196,0.0008975351102657017,0.0,0.0,0.0064733004752886,0.0,0.0,0.0,0.0,0.0015637628397308597
2018-05-30 01:00:00,0.0,0.0,0.0,0.004170920868077681,0.0,0.0,0.021720943656777677,0.0,0.0,0.0,0.0,7.183731649581286e-07,0.003713673792478814,0.0025860179675675234,0.0010438762960210814,0.0,0.0,0.0063404704219636,0.0,0.0,0.0,0.0,0.0014165357321421581
2018-05-30 02:00:00,0.0,0.0,0.0,0.00417396211157715,0.0,0.0,0.03044053125615799,0.0,0.0,0.0,0.0,7.18896969601569e-07,0.003737577670592965,0.0025675564850235408,0.0009365357919061502,0.0,0.0,0.006345093601128172,0.0,0.0,0.0,0.0,0.001642066495545167
2018-05-30 03:00:00,0.0,0.0,0.0,0.0036943814859307024,0.0,0.0,0.026015007195830896,0.0,0.0,0.0,0.0,6.362970203829158e-07,0.03864704151354748,0.0022353711151020567,0.0009875934711401073,0.0,0.0,0.005616053931464157,0.0,0.00040553549625135733,0.0,0.0,0.00165017289323433
2018-05-30 04:00:00,0.0,0.0,0.0,0.003225896690579934,0.0,0.0,0.03556191906194584,0.0,0.0,0.0,0.0,5.556081471543037e-07,0.06957288324471438,0.001968931043710044,0.0009831738176243922,0.0,0.0,0.0049038817081080615,0.0,0.0009609135133340645,0.0,0.0,0.0012198653823371779
2018-05-30 05:00:00,0.0,0.0,0.0,0.002954145138598468,0.0,0.0,0.04074768300490004,0.0,0.0,0.0,0.0,5.088033698272328e-07,0.08058388067731614,0.0018721098977118236,0.0010028732872356318,0.0,0.0,0.004490775650247195,0.0,0.0017434712365651114,0.0,0.0,0.0009423099296506018
2018-05-30 06:00:00,0.0,0.0,0.0,0.002912332972433447,0.0,0.0,0.03993761856472837,0.0,0.0,0.0,0.0,5.016019054284212e-07,0.08615274045038024,0.001843217630031955,0.0009455217981239146,0.0,0.0,0.004427214434095491,0.0,0.0031951651034118345,0.0,0.0,0.00086186402568648
2018-05-30 07:00:00,0.0,0.0,0.0,0.0029105425498396147,0.0,0.0,0.03904333628582548,0.0,0.0,0.0,0.0,5.012935343070251e-07,0.07589156504068435,0.0018493959711616218,0.0009018099554143346,0.0,0.0,0.00442449270384501,0.0,0.005200575711958983,0.0,0.0,0.0007381065117510317
2018-05-30 08:00:00,0.0,0.0,0.0,0.002852543480173977,0.0,0.0,0.038475323388130464,0.0,0.0,0.0,0.0,4.913041395047367e-07,0.0446207916457835,0.0018262773187870684,0.0009444193907208662,0.0,0.0,0.004336324791446838,0.0,0.0063127071891058,0.0,0.0,0.0005238763356171103
2018-05-30 09:00:00,0.0,0.0,0.0,0.0027556195788381423,0.0,0.0,0.03734701432654777,0.0,0.0,0.0,0.0,4.7461057662858385e-07,0.04621122375368987,0.0017633173678048308,0.0008486572952781478,0.0,0.0,0.004188984875625225,0.0,0.0067858143714530274,0.0,0.0,0.0005421494157527213
2018-05-30 10:00:00,0.0,0.0,0.0,0.0028066415183711107,0.0,0.0,0.03847608718514317,0.0,0.0,0.0,0.0,4.833982744401449e-07,0.030139509198357815,0.0017985681154548412,0.000593587199209117,0.0,0.0,0.004266546428268418,0.0,0.007554707241021225,0.0,0.0,0.000758580621768838
2018-05-30 11:00:00,0.0,0.0,0.0,0.0028031997762130705,0.0,0.0,0.03782798089061205,0.0,0.0,0.0,0.0,4.828054904278746e-07,0.02559001259839771,0.0017892370010221207,0.0004254370161443916,0.0,0.0,0.004261314426740867,0.0,0.007528259938859417,0.0,0.0,0.0009874708404470313
2018-05-30 12:00:00,0.0,0.0,0.0,0.00274736234079459,0.0,0.0,0.03701498810719652,0.0,0.0,0.0,0.0,4.7318840190631603e-07,0.015039797460701073,0.0017476400805883242,0.0005820400142299319,0.0,0.0,0.0041764325459987,0.0,0.006988526825773873,0.0,0.0,0.0010964585019903777
2018-05-30 13:00:00,0.0,0.0,0.0,0.002810531099243982,0.0,0.0,0.037415702472089134,0.0,0.0,0.0,0.0,4.840681913746498e-07,0.016142034778632828,0.0017870661252749212,0.000602954778291544,0.0,0.0,0.0042724592166569555,0.0,0.00627457990716382,0.0,0.0,0.0011773828409246208
2018-05-30 14:00:00,0.0,0.0,0.0,0.0029162552084641426,0.0,0.0,0.039765167864225896,0.0,0.0,0.0,0.0,5.040522786489021e-07,0.01964204325323977,0.0018693324606357641,0.000650321807545868,0.0,0.0,0.004448841799488707,0.0,0.005180977082505796,0.0,0.0,0.0011248439188078648
2018-05-30 15:00:00,0.0,0.0,0.0,0.0029189096115113736,0.0,0.0,0.04041682254867127,0.0,0.0,0.0,0.0,5.081018979296334e-07,0.03741247559674053,0.0019000106108187861,0.0008192504865848058,0.0,0.0,0.004484584352972295,0.0,0.0038729444953965173,0.0,0.0,0.0009635190924115088
2018-05-30 16:00:00,0.0,0.0,0.0,0.00291980194550744,0.0,0.0,0.04104531291426536,0.0,0.0,0.0,0.0,5.028883143524591e-07,0.0711016176575522,0.0018878934656932618,0.0009109257843424752,0.0,0.0,0.004438568474211798,0.0,0.0026040857722449077,0.0,0.0,0.0010086707425158836
2018-05-30 17:00:00,0.0,0.0,0.0,0.0028917262506897336,0.0,0.0,0.04030624233058726,0.0,0.0,0.0,0.0,4.980527333422901e-07,0.07813228221646801,0.0018825392843487706,0.0009728265145736699,0.0,0.0,0.004395888903393235,0.0,0.0013614127829350343,0.0,0.0,0.0009976699508456007
2018-05-30 18:00:00,0.0,0.0,0.0,0.0028487913773736534,0.0,0.0,0.04113803726230496,0.0,0.0,0.0,0.0,5.048798690712234e-07,0.07718872569179927,0.0019113250241935054,0.001093505280244772,0.0,0.0,0.004456146237975819,0.0,0.00046015472135683245,0.0,0.0,0.0008229837291744288
2018-05-30 19:00:00,0.0,0.0,0.0,0.0029572971325668917,0.0,0.0,0.042889419282196875,0.0,0.0,0.0,0.0,5.241099088384531e-07,0.08387348632583635,0.001939987083507777,0.0010343453309001889,0.0,0.0,0.004625873483236171,0.0,5.5932992768189805e-05,0.0,0.0,0.000684056183088488
2018-05-30 20:00:00,0.0,0.0,0.0,0.0030709577126386283,0.0,0.0,0.045776319318258055,0.0,0.0,0.0,0.0,5.442535175424647e-07,0.06492029252997529,0.0020561766497673418,0.0010133240349241251,0.0,0.0,0.00480366402638214,0.0,0.0,0.0,0.0,0.0008564330451895371
2018-05-30 21:00:00,0.0,0.0,0.0,0.003466045197974075,0.0,0.0,0.02596407309639339,0.0,0.0,0.0,0.0,6.142732878394866e-07,0.03061421549448713,0.002392065127923063,0.0010044946954310431,0.0,0.0,0.005421669130382412,0.0,0.0,0.0,0.0,0.000952215524286595
2018-05-30 22:00:00,0.0,0.0,0.0,0.00387218898069768,0.0,0.0,0.016857935229388367,0.0,0.0,0.0,0.0,6.837750754493361e-07,0.022069083380712298,0.002481713792650305,0.0011012496718680374,0.0,0.0,0.006035102440686439,0.0,0.0,0.0,0.0,0.0010148108650129242
2018-05-30 23:00:00,0.0,0.0,0.0,0.004154126344457142,0.0,0.0,0.00022809285250667837,0.0,0.0,0.0,0.0,7.257017330584599e-07,0.016232982431174617,0.0026412552579302266,0.0012270375843374476,0.0,0.0,0.0064051534746472375,0.0,0.0,0.0,0.0,0.0009254280155789032
2018-05-31 00:00:00,0.0,0.0,0.0,0.004389939609181073,0.0,0.0,0.0,0.0,0.0,0.0,0.0,7.66896940112446e-07,0.0005049864025645507,0.002832668371795236,0.0009182434235771127,0.0,0.0,0.006768748615158492,0.0,0.0,0.0,0.0,0.0008870192404185625
2018-05-31 01:00:00,0.0,0.0,0.0,0.004403196576433792,0.0,0.0,0.0,0.0,0.0,0.0,0.0,7.692128552562488e-07,0.0,0.002846298076433457,0.000900397363793834,0.0,0.0,0.006789189233190088,0.0,0.0,0.0,0.0,0.0010440518481993192
2018-05-31 02:00:00,0.0,0.0,0.0,0.004500273719072688,0.0,0.0,0.0,0.0,0.0,0.0,0.0,7.861716679672317e-07,0.0,0.00292904858941089,0.0006549265231644149,0.0,0.0,0.006938870284252006,0.0,0.0,0.0,0.0,0.0011503913664155606
2018-05-31 03:00:00,0.0,0.0,0.0,0.004419211967096177,0.0,0.0,0.0,0.0,0.0,0.0,0.0,7.775646844007326e-07,0.0,0.0028217115099029993,0.0008196848903060875,0.0,0.0,0.006862903742922617,0.0,0.0006436978427148826,0.0,0.0,0.0013255594517401909
2018-05-31 04:00:00,0.0,0.0,0.0,0.00406856229470768,0.0,0.0,0.0,0.0,0.0,0.0,0.0,7.210549761470668e-07,0.0028842352793201458,0.00259911474760148,0.0010443789663652728,0.0,0.0,0.006364140493940393,0.0,0.0015797013137782414,0.0,0.0,0.001030047654929928
2018-05-31 05:00:00,0.0,0.0,0.0,0.0033475317612818908,0.0,0.0,0.0,0.0,0.0,0.0,0.0,5.932696268218469e-07,0.07955977453193167,0.002187585557426079,0.0011244442709270111,0.0,0.0,0.005236287635177123,0.0,0.0023478252071581773,0.0,0.0,0.0005849322815691761
2018-05-31 06:00:00,0.0,0.0,0.0,0.0031769752772433327,0.0,0.0,0.0,0.0,0.0,0.0,0.0,5.630425852720293e-07,0.06967377603078655,0.0021179225910736743,0.0009838136175200156,0.0,0.0,0.004969499185609614,0.0,0.003907334457835257,0.0,0.0,0.0003406637601930472
2018-05-31 07:00:00,0.0,0.0,0.0,0.0032190785948506733,0.0,0.0,0.0,0.0,0.0,0.0,0.0,5.705043873716466e-07,0.02514718200457443,0.002192747026377927,0.0007081578368132235,0.0,0.0,0.005035358181762298,0.0,0.006464348335195486,0.0,0.0,0.0003288218867948502
2018-05-31 08:00:00,0.0,0.0,0.0,0.003118742877212013,0.0,0.0,0.0,0.0,0.0,0.0,0.0,5.527222905895102e-07,0.003617837763887594,0.002099400215029418,0.0006348438552655221,0.0,0.0,0.0048784107007212975,0.0,0.007724617102816667,0.0,0.0,0.00046693693824264784
2018-05-31 09:00:00,0.0,0.0,0.0,0.0029366564998834417,0.0,0.0,0.0,0.0,0.0,0.0,0.0,5.204518522992708e-07,0.008956423252373452,0.0019010529753301368,0.0005712380628657575,0.0,0.0,0.00459358692185006,0.0,0.008057692866260551,0.0,0.0,0.0007862042910728093
2018-05-31 10:00:00,0.0,0.0,0.0,0.0029447072644391966,0.0,0.0,0.0,0.0,0.0,0.0,0.0,5.218786570091967e-07,0.0,0.0018760440203797633,0.0005247633279426146,0.0,0.0,0.0046061801164493195,0.0,0.00877477413072227,0.0,0.0,0.0012110930280489702
2018-05-31 11:00:00,0.0,0.0,0.0,0.0029938199821992087,0.0,0.0,0.0,0.0,0.0,0.0,0.0,5.30582706982581e-07,0.0,0.001903049146392825,0.00048453476043320225,0.0,0.0,0.004683003380596099,0.0,0.008680682638263493,0.0,0.0,0.0010946380189507496
2018-05-31 12:00:00,0.0,0.0,0.0,0.0030088396187930577,0.0,0.0,0.0,0.0,0.0,0.0,0.0,5.332445769310891e-07,0.000256797283268001,0.0019055134299076554,0.0006448250390257078,0.0,0.0,0.004706497448162797,0.0,0.008116676800584468,0.0,0.0,0.0010313397234474374
2018-05-31 13:00:00,0.0,0.0,0.0,0.0031424580643671035,0.0,0.0,0.0,0.0,0.0,0.0,0.0,5.569252380854058e-07,0.004740047268747047,0.0019821567258024677,0.0007496329628579431,0.0,0.0,0.004915506552268515,0.0,0.007395237754943701,0.0,0.0,0.0009920036789081807
2018-05-31 14:00:00,0.0,0.0,0.0,0.0032656563411574586,0.0,0.0,0.0,0.0,0.0,0.0,0.0,5.766697912208336e-07,0.019428348644588495,0.0020958863511805863,0.0007493656648805653,0.0,0.0,0.005089774970490075,0.0,0.005814831781345191,0.0,0.0,0.0008723807567357802
2018-05-31 15:00:00,0.0,0.0,0.0,0.0034499692576566094,0.0,0.0,0.0,0.0,0.0,0.0,0.0,6.026895817986935e-07,0.03888034964327821,0.0022295407728861877,0.0008864140118187123,0.0,0.0,0.005319429585378458,0.0,0.004230145061721596,0.0,0.0,0.0008808512434096463
2018-05-31 16:00:00,0.0,0.0,0.0,0.0035657993625902904,0.0,0.0,0.0,0.0,0.0,0.0,0.0,6.229244280505111e-07,0.05779912149915078,0.0023441996623969345,0.000949244275268237,0.0,0.0,0.005498025404948235,0.0,0.002848834807477829,0.0,0.0,0.0008254738177298766
2018-05-31 17:00:00,0.0,0.0,0.0,0.0032780499875294457,0.0,0.0,0.0,0.0,0.0,0.0,0.0,5.809556507569123e-07,0.08917360033349021,0.0021219542977831633,0.0010998897565924737,0.0,0.0,0.005127602616269107,0.0,0.00138535419626099,0.0,0.0,0.0007239323254569826
2018-05-31 18:00:00,0.0,0.0,0.0,0.003532655913327184,0.0,0.0,0.0,0.0,0.0,0.0,0.0,6.215742763177696e-07,0.062371568274449916,0.002329027396252708,0.0010478874373165625,0.0,0.0,0.005486108761142212,0.0,0.0004979714573535122,0.0,0.0,0.0007934493967800002
2018-05-31 19:00:00,0.0,0.0,0.0,0.0036557239781652546,0.0,0.0,0.0,0.0,0.0,0.0,0.0,6.386337358462267e-07,0.05736122722885437,0.0023819708844114956,0.00090028184922773,0.0,0.0,0.005636678136267982,0.0,5.872823956746047e-05,0.0,0.0,0.000736731829572629
2018-05-31 20:00:00,0.0,0.0,0.0,0.003843300705933307,0.0,0.0,0.0,0.0,0.0,0.0,0.0,6.714023001929376e-07,0.05042637557336454,0.0024842555611225624,0.0008413020298507927,0.0,0.0,0.005925898451203663,0.0,0.0,0.0,0.0,0.0007509093976725623
2018-05-31 21:00:00,0.0,0.0,0.0,0.00414330954200435,0.0,0.0,0.0,0.0,0.0,0.0,0.0,7.264064091296236e-07,0.021096239224759592,0.0026901729201013512,0.0007367854948959113,0.0,0.0,0.006411373052443602,0.0,0.0,0.0,0.0,0.0008105350066415946
2018-05-31 22:00:00,0.0,0.0,0.0,0.0039624972552489346,0.0,0.0,0.0,0.0,0.0,0.0,0.0,7.341782898504346e-07,0.017764683328757764,0.002716915494019671,0.0006794847130508315,0.0,0.0,0.00647996884949875,0.0,0.0,0.0,0.0,0.0007012168416881967
2018-05-31 23:00:00,0.0,0.0,0.0,0.0041702613746128605,0.0,0.0,0.0,0.0,0.0,0.0,0.0,7.726731823440084e-07,0.009629040030632053,0.002885197068389408,0.0007154149647264308,0.0,0.0,0.0068197306044724335,0.0,0.0,0.0,0.0,0.0006350565162786108
2018-06-01 00:00:00,0.0,0.0,0.0,0.00420984627383943,0.0,0.0,0.0013238722446142154,0.0,0.0,0.0,0.0,7.800075403879331e-07,0.0,0.002912380873382322,0.000576867118477496,0.0,0.0,0.006884464760075679,0.0,0.0,0.0,0.0,0.0006777557513987255
2018-06-01 01:00:00,0.0,0.0,0.0,0.0041881382592611595,0.0,0.0,0.020243480442561048,0.0,0.0,0.0,0.0,7.759854422027517e-07,0.0,0.0028659689360160585,0.0006097101110533566,0.0,0.0,0.006848965111952183,0.0,0.0,0.0,0.0,0.0009142511753787851
2018-06-01 02:00:00,0.0,0.0,0.0,0.003991243342672844,0.0,0.0,0.028886541531067966,0.0,0.0,0.0,0.0,7.395044142475737e-07,0.0,0.002672744115990548,0.0007280239784966666,0.0,0.0,0.006526978030591597,0.0,0.0,0.0,0.0,0.0010291572838630938
2018-06-01 03:00:00,0.0,0.0,0.0,0.00412893162751028,0.0,0.0,0.03900089927362907,0.0,0.0,0.0,0.0,7.650155358920067e-07,3.007448102100645e-05,0.0027213111329806284,0.000630900244867883,0.0,0.0,0.006752143056385776,0.0,0.0006095050452762975,0.0,0.0,0.0008518342032533537
2018-06-01 04:00:00,0.0,0.0,0.0,0.003539531669396895,0.0,0.0,0.045998985557894494,0.0,0.0,0.0,0.0,6.558105004279712e-07,0.03490799388065208,0.0023395089330237673,0.000796296186087485,0.0,0.0,0.005788282863571419,0.0,0.0013471102930698432,0.0,0.0,0.0005713971095037901
2018-06-01 05:00:00,0.0,0.0,0.0,0.0029759823451901203,0.0,0.0,0.04849826556395903,0.0,0.0,0.0,0.0,5.513951147657027e-07,0.07353237854274086,0.0020219303827385985,0.0008904252631968912,0.0,0.0,0.00486669684576948,0.0,0.0020341325018900505,0.0,0.0,0.00031118497173771985
2018-06-01 06:00:00,0.0,0.0,0.0,0.002916894457847459,0.0,0.0,0.050110508652100545,0.0,0.0,0.0,0.0,5.404472096226404e-07,0.06815779034946656,0.002017397802701699,0.000806035627678683,0.0,0.0,0.0047700689758432765,0.0,0.00340113505142073,0.0,0.0,0.00017127853488889793
2018-06-01 07:00:00,0.0,0.0,0.0,0.0028515940119988974,0.0,0.0,0.0488491943183724,0.0,0.0,0.0,0.0,5.283482309808102e-07,0.06235321392040052,0.001975949896261902,0.0007174544939118648,0.0,0.0,0.004663281556774017,0.0,0.005169078777962407,0.0,0.0,0.00017591529959457914
2018-06-01 08:00:00,0.0,0.0,0.0,0.0029058677540566313,0.0,0.0,0.049975227301483675,0.0,0.0,0.0,0.0,5.384041630259233e-07,0.015096561875306,0.0020255237837435566,0.0007349816724515856,0.0,0.0,0.004752036736960949,0.0,0.006386087116189618,0.0,0.0,0.00017841606250875052
2018-06-01 09:00:00,0.0,0.0,0.0,0.002837372147953675,0.0,0.0,0.046774760835562056,0.0,0.0,0.0,0.0,5.257131796102696e-07,0.014606379532383057,0.001955780162120612,0.0007025340244164505,0.0,0.0,0.004640024194040762,0.0,0.006902047181971627,0.0,0.0,0.0001889248649691872
2018-06-01 10:00:00,0.0,0.0,0.0,0.0027833294316353995,0.0,0.0,0.045358686400007245,0.0,0.0,0.0,0.0,5.157000524105308e-07,0.010385012948573058,0.001888352561958801,0.0005634601361366835,0.0,0.0,0.004551646815906095,0.0,0.007331735645290063,0.0,0.0,0.0004065173502101883
2018-06-01 11:00:00,0.0,0.0,0.0,0.002765557136830364,0.0,0.0,0.04499819745652045,0.0,0.0,0.0,0.0,5.124071711373906e-07,0.006194242441047809,0.0018432417647205167,0.0004611694847403525,0.0,0.0,0.0045225833467596645,0.0,0.007102447081603546,0.0,0.0,0.000979323410555898
2018-06-01 12:00:00,0.0,0.0,0.0,0.0028227671876766562,0.0,0.0,0.045363576980908524,0.0,0.0,0.0,0.0,5.230071475126293e-07,0.000344389818401446,0.0018547638690635808,0.00044410690572446406,0.0,0.0,0.004616140344653135,0.0,0.006788862335577686,0.0,0.0,0.0012931528623685898
2018-06-01 13:00:00,0.0,0.0,0.0,0.002891547037181461,0.0,0.0,0.04607150870147472,0.0,0.0,0.0,0.0,5.357507960334497e-07,3.15923536023353e-05,0.0018937244542821708,0.0005394126808097501,0.0,0.0,0.004728617717772818,0.0,0.006122083494004813,0.0,0.0,0.0010882635011584014
2018-06-01 14:00:00,0.0,0.0,0.0,0.002951354936115373,0.0,0.0,0.048353239000690613,0.0,0.0,0.0,0.0,5.510063970461656e-07,0.0028863682108336924,0.0020002696533651296,0.0005500894097132312,0.0,0.0,0.004863265964267438,0.0,0.0051027168112784205,0.0,0.0,0.0006024669939918471
2018-06-01 15:00:00,0.0,0.0,0.0,0.0029753286198116596,0.0,0.0,0.05391343938396126,0.0,0.0,0.0,0.0,5.597551297353177e-07,0.010248937229947406,0.0020790226682215343,0.0006177434234673603,0.0,0.0,0.004940483604835162,0.0,0.003940831556766668,0.0,0.0,0.0003305346170431681
2018-06-01 16:00:00,0.0,0.0,0.0,0.0029175610848620687,0.0,0.0,0.06306600147219837,0.0,0.0,0.0,0.0,5.488871960876236e-07,0.038705518934366,0.002013543973512209,0.000732210624342501,0.0,0.0,0.004844561575446602,0.0,0.0026930842929071275,0.0,0.0,0.0003113104390378396
2018-06-01 17:00:00,0.0,0.0,0.0,0.0029993574975795915,0.0,0.0,0.054001232197612936,0.0,0.0,0.0,0.0,5.64275735460286e-07,0.05742610593098644,0.0020267870115955717,0.0009250231168274839,0.0,0.0,0.0049803831560526575,0.0,0.0014998279963562703,0.0,0.0,0.00016491670247532886
2018-06-01 18:00:00,0.0,0.0,0.0,0.003064044328477796,0.0,0.0,0.05491841037448868,0.0,0.0,0.0,0.0,5.742368083930791e-07,0.05568574698442653,0.002073882315257937,0.0009956395800388641,0.0,0.0,0.005068301095338541,0.0,0.0005641241668391799,0.0,0.0,0.00016153850298465552
2018-06-01 19:00:00,0.0,0.0,0.0,0.003217401905158361,0.0,0.0,0.05413385973625446,0.0,0.0,0.0,0.0,5.961257450365854e-07,0.05346704964769165,0.0021364773756797598,0.0010453618207568883,0.0,0.0,0.005261496167379512,0.0,9.295968783198668e-05,0.0,0.0,0.00015219060536735294
2018-06-01 20:00:00,0.0,0.0,0.0,0.0033841664018394893,0.0,0.0,0.05127177225825457,0.0,0.0,0.0,0.0,6.270241570970445e-07,0.05103726516315297,0.002236055493191688,0.0010332165003329756,0.0,0.0,0.005534210234818827,0.0,0.0,0.0,0.0,0.00017728262158344204
2018-06-01 21:00:00,0.0,0.0,0.0,0.0038679533711437767,0.0,0.0,0.007802704960365175,0.0,0.0,0.0,0.0,7.166610367958879e-07,0.039147155905341124,0.002612892724659421,0.000807771750778513,0.0,0.0,0.006325358919334002,0.0,0.0,0.0,0.0,0.00024160271616303897
2018-06-01 22:00:00,0.0,0.0,0.0,0.004261645999780493,0.0,0.0,0.0,0.0,0.0,0.0,0.0,7.66381403585778e-07,0.019779147939747922,0.002786717340426333,0.0006995683977465479,0.0,0.0,0.00676419841164557,0.0,0.0,0.0,0.0,0.0003106469379094442
2018-06-01 23:00:00,0.0,0.0,0.0,0.004490128354537056,0.0,0.0,0.0,0.0,0.0,0.0,0.0,8.045121351146803e-07,0.013283415886409501,0.0029301880309535416,0.0005969886396926439,0.0,0.0,0.007100746026757185,0.0,0.0,0.0,0.0,0.0005750563247327369
2018-06-02 00:00:00,0.0,0.0,0.0,0.004352704503643835,0.0,0.0,0.0,0.0,0.0,0.0,0.0,7.714123601186338e-07,0.009628490431234505,0.0027892056542992397,0.0007162649381900834,0.0,0.0,0.006808602396436142,0.0,0.0,0.0,0.0,0.0009332589324940474
2018-06-02 01:00:00,0.0,0.0,0.0,0.004289775030666553,0.0,0.0,0.0,0.0,0.0,0.0,0.0,7.602596220382543e-07,0.0,0.002754952755659037,0.000710482387747922,0.0,0.0,0.006710166639963149,0.0,0.0,0.0,0.0,0.0010336489837606878
2018-06-02 02:00:00,0.0,0.0,0.0,0.004522102573009175,0.0,0.0,0.0,0.0,0.0,0.0,0.0,8.014341004824151e-07,0.0,0.0028729158200094937,0.0006729855333174081,0.0,0.0,0.007073578826622703,0.0,0.0,0.0,0.0,0.0013222658229810553
2018-06-02 03:00:00,0.0,0.0,0.0,0.0041869355977780945,0.0,0.0,0.0,0.0,0.0,0.0,0.0,7.641840645866499e-07,0.0,0.002704288480611621,0.0007161483418931671,0.0,0.0,0.006744804364636852,0.0,0.0004939599478336961,0.0,0.0,0.0013351170135413623
2018-06-02 04:00:00,0.0,0.0,0.0,0.003934873077097053,0.0,0.0,0.0,0.0,0.0,0.0,0.0,7.181785416724176e-07,0.0,0.0026312697776253386,0.0008300479329015765,0.0,0.0,0.006338752647349138,0.0,0.001188960742711249,0.0,0.0,0.0011525547727613019
2018-06-02 05:00:00,0.0,0.0,0.0,0.0037622425005668526,0.0,0.0,0.0,0.0,0.0,0.0,0.0,6.866706446522693e-07,0.0,0.00262325765755804,0.0008187726187279902,0.0,0.0,0.006060659173289358,0.0,0.002196642910008914,0.0,0.0,0.0008397440661829955
2018-06-02 06:00:00,0.0,0.0,0.0,0.0034732503346644795,0.0,0.0,0.0,0.0,0.0,0.0,0.0,6.339248589062046e-07,0.018223489550583866,0.0024571436531232722,0.0006174522433434363,0.0,0.0,0.005595116874774289,0.0,0.0037573348268414236,0.0,0.0,0.0008014492682737488
2018-06-02 07:00:00,0.0,0.0,0.0,0.0033236190085364713,0.0,0.0,0.0,0.0,0.0,0.0,0.0,6.066147003619288e-07,0.021540152141781548,0.0023774616993199067,0.0004972546110111136,0.0,0.0,0.005354073276661587,0.0,0.00587467587818715,0.0,0.0,0.0010186934794475762
2018-06-02 08:00:00,0.0,0.0,0.0,0.003218216320558339,0.0,0.0,0.0,0.0,0.0,0.0,0.0,5.873769899562011e-07,0.012746292883466437,0.0022964044742524677,0.0004893958773036186,0.0,0.0,0.005184278329183381,0.0,0.007180753841050469,0.0,0.0,0.0013363844625641616
2018-06-02 09:00:00,0.0,0.0,0.0,0.0032162032553774158,0.0,0.0,0.0,0.0,0.0,0.0,0.0,5.870095727136114e-07,0.004263414127683075,0.0022455338672933978,0.0004845611219614532,0.0,0.0,0.005181035448918923,0.0,0.008204677560407747,0.0,0.0,0.0017357025979275636
2018-06-02 10:00:00,0.0,0.0,0.0,0.003223341513761346,0.0,0.0,0.0,0.0,0.0,0.0,0.0,5.883124213432384e-07,0.0,0.0021970409198012204,0.0005187149576509344,0.0,0.0,0.005192534588368163,0.0,0.00928695911795097,0.0,0.0,0.001535763268754492
2018-06-02 11:00:00,0.0,0.0,0.0,0.0030910226114163374,0.0,0.0,0.0,0.0,0.0,0.0,0.0,5.641620626252031e-07,0.0,0.002109202809172048,0.00046348803943393346,0.0,0.0,0.00497937986238332,0.0,0.00930408253568302,0.0,0.0,0.0015127334742581157
2018-06-02 12:00:00,0.0,0.0,0.0,0.0031244221412862943,0.0,0.0,0.0,0.0,0.0,0.0,0.0,5.702580218047166e-07,0.0,0.002126250631861001,0.00042263828668948164,0.0,0.0,0.005033183721932355,0.0,0.009232894125848611,0.0,0.0,0.0016694747464635054
2018-06-02 13:00:00,0.0,0.0,0.0,0.003169409234348631,0.0,0.0,0.0,0.0,0.0,0.0,0.0,5.784689003404547e-07,0.0,0.0021355211111606293,0.0003955180238325548,0.0,0.0,0.005105654180231308,0.0,0.00848650130398947,0.0,0.0,0.0018281725027548277
2018-06-02 14:00:00,0.0,0.0,0.0,0.0032103350191879493,0.0,0.0,0.0,0.0,0.0,0.0,0.0,5.859385238573546e-07,0.0,0.002191278770686857,0.0004760154425997368,0.0,0.0,0.005171582209398249,0.0,0.006724605152385465,0.0,0.0,0.0017664303097361177
2018-06-02 15:00:00,0.0,0.0,0.0,0.0033422829591035342,0.0,0.0,0.0,0.0,0.0,0.0,0.0,6.100211758790472e-07,0.0016367239408452317,0.0023264122445157786,0.0005087413280748925,0.0,0.0,0.005384139345820353,0.0,0.005002582898577828,0.0,0.0,0.001723214113559508
2018-06-02 16:00:00,0.0,0.0,0.0,0.0034724408486100917,0.0,0.0,0.0,0.0,0.0,0.0,0.0,6.337771144929404e-07,0.017035770178558264,0.0024892547794064766,0.0006217005069003894,0.0,0.0,0.005593812860192443,0.0,0.0034930185376556818,0.0,0.0,0.0010314137996595555
2018-06-02 17:00:00,0.0,0.0,0.0,0.003504095981383062,0.0,0.0,0.0,0.0,0.0,0.0,0.0,6.395546927390248e-07,0.024155495447077516,0.002487627281823158,0.000861690196392971,0.0,0.0,0.005644806641373028,0.0,0.0019066177616913669,0.0,0.0,0.0008892816945197501
2018-06-02 18:00:00,0.0,0.0,0.0,0.0035345179020408193,0.0,0.0,0.0,0.0,0.0,0.0,0.0,6.451071896518301e-07,0.018468866307620322,0.002518521345417509,0.0006886562491643666,0.0,0.0,0.005693813820595455,0.0,0.0007086308476328701,0.0,0.0,0.0014285666692417692
2018-06-02 19:00:00,0.0,0.0,0.0,0.0035175999272066077,0.0,0.0,0.0,0.0,0.0,0.0,0.0,6.420193831949446e-07,0.03506990278214557,0.0024411961411664193,0.0007539463209657825,0.0,0.0,0.005666560372855977,0.0,0.00010837130385474125,0.0,0.0,0.001262921179754504
2018-06-02 20:00:00,0.0,0.0,0.0,0.0035846129392932886,0.0,0.0,0.0,0.0,0.0,0.0,0.0,6.542503513483051e-07,0.03324959585166451,0.002470549160834003,0.0007856758860148676,0.0,0.0,0.005774512751356753,0.0,0.0,0.0,0.0,0.0014038680026165348
2018-06-02 21:00:00,0.0,0.0,0.0,0.0038446150911925514,0.0,0.0,0.0,0.0,0.0,0.0,0.0,7.017049865103776e-07,0.014254858871741863,0.0026884907183022267,0.0006023610683384691,0.0,0.0,0.006193354552954023,0.0,0.0,0.0,0.0,0.0015925995325744365
2018-06-02 22:00:00,0.0,0.0,0.0,0.004085777875630054,0.0,0.0,0.0,0.0,0.0,0.0,0.0,7.45721129709782e-07,0.010231275404540937,0.0028586217453627554,0.0005603833935450739,0.0,0.0,0.006581847703392075,0.0,0.0,0.0,0.0,0.0013436298882909758
2018-06-02 23:00:00,0.0,0.0,0.0,0.004280492502976942,0.0,0.0,0.0,0.0,0.0,0.0,0.0,7.812597263481882e-07,0.0,0.0030131675978514144,0.0006794382160043679,0.0,0.0,0.006895516743127214,0.0,0.0,0.0,0.0,0.0011940420016288505
2018-06-03 00:00:00,0.0,0.0,0.0,0.0042255083164500565,0.0,0.0,0.0,0.0,0.0,0.0,0.0,7.712242151331593e-07,0.0,0.002962812257858618,0.0006874507034320138,0.0,0.0,0.006806941800281343,0.0,0.0,0.0,0.0,0.0015306812964690525
2018-06-03 01:00:00,0.0,0.0,0.0,0.004111924196645252,0.0,0.0,0.0,0.0,0.0,0.0,0.0,7.504932599231019e-07,0.0,0.0028534587658250667,0.0006326624755812293,0.0,0.0,0.006623967247861804,0.0,0.0,0.0,0.0,0.002045272643575809
2018-06-03 02:00:00,0.0,0.0,0.0,0.004090420170819119,0.0,0.0,0.0,0.0,0.0,0.0,0.0,7.465684243298555e-07,0.0,0.0028008135918005006,0.0005704892232529175,0.0,0.0,0.006589326054114679,0.0,0.0,0.0,0.0,0.0023105315171009196
2018-06-03 03:00:00,0.0,0.0,0.0,0.0040474488588082835,0.0,0.0,0.0,0.0,0.0,0.0,0.0,7.38725458727402e-07,0.0,0.0027337428420174895,0.0005275004387612903,0.0,0.0,0.006520102851121382,0.0,0.0005168271814269976,0.0,0.0,0.0023079819795767606
2018-06-03 04:00:00,0.0,0.0,0.0,0.0040075908438535,0.0,0.0,0.0,0.0,0.0,0.0,0.0,7.314507206371707e-07,0.0,0.0026666244241906017,0.0006438679223754716,0.0,0.0,0.0064558949102647215,0.0,0.001327967245842011,0.0,0.0,0.0019313598427820838
2018-06-03 05:00:00,0.0,0.0,0.0,0.0037875936377635326,0.0,0.0,0.0,0.0,0.0,0.0,0.0,6.912976408437402e-07,0.0,0.002593160560862308,0.0005682075974039708,0.0,0.0,0.006101497742887471,0.0,0.00238726083043051,0.0,0.0,0.0009454683542994535
2018-06-03 06:00:00,0.0,0.0,0.0,0.00350896579138966,0.0,0.0,0.0,0.0,0.0,0.0,0.0,6.404435125256443e-07,0.0,0.0023958935885732197,0.0005749793083297389,0.0,0.0,0.005652651499508625,0.0,0.003995087108531698,0.0,0.0,0.000544308979032734
2018-06-03 07:00:00,0.0,0.0,0.0,0.0032854102452017087,0.0,0.0,0.0,0.0,0.0,0.0,0.0,5.99640977603097e-07,0.0,0.002229299768804653,0.00048314846913588756,0.0,0.0,0.00529252214273814,0.0,0.005932659783733382,0.0,0.0,0.0006211826863444781
2018-06-03 08:00:00,0.0,0.0,0.0,0.0031274649029760793,0.0,0.0,0.0,0.0,0.0,0.0,0.0,5.708133754616732e-07,0.0,0.002113702017858599,0.0003939409415834718,0.0,0.0,0.005038085357471412,0.0,0.007033630575142376,0.0,0.0,0.0007815575503342722
2018-06-03 09:00:00,0.0,0.0,0.0,0.0030473645018735487,0.0,0.0,0.0,0.0,0.0,0.0,0.0,5.561937452667317e-07,0.0,0.0020283721515757624,0.0005682134635001423,0.0,0.0,0.004909050285794595,0.0,0.007802052756465427,0.0,0.0,0.000774921915719569
2018-06-03 10:00:00,0.0,0.0,0.0,0.003020636352219111,0.0,0.0,0.0,0.0,0.0,0.0,0.0,5.513154218330852e-07,0.0,0.001988372570345944,0.0004180429173187382,0.0,0.0,0.004865993463868892,0.0,0.008756296711022493,0.0,0.0,0.0006536086304225843
2018-06-03 11:00:00,0.0,0.0,0.0,0.0030658854541501836,0.0,0.0,0.0,0.0,0.0,0.0,0.0,5.595741212625519e-07,0.0,0.001957140395121073,0.0003799649488141835,0.0,0.0,0.004938885996623052,0.0,0.00905674863039085,0.0,0.0,0.0006954963163068897
2018-06-03 12:00:00,0.0,0.0,0.0,0.0031574233858348184,0.0,0.0,0.0,0.0,0.0,0.0,0.0,5.762812874142692e-07,0.0,0.0020118221066699085,0.00026803160039272226,0.0,0.0,0.005086345977016348,0.0,0.008819825783806648,0.0,0.0,0.0008410505919457049
2018-06-03 13:00:00,0.0,0.0,0.0,0.003181312892837566,0.0,0.0,0.0,0.0,0.0,0.0,0.0,5.8064151224601e-07,0.0,0.0020173651034362584,0.00026770593474907776,0.0,0.0,0.005124829982164808,0.0,0.007827520424825363,0.0,0.0,0.0012028463525720402
2018-06-03 14:00:00,0.0,0.0,0.0,0.0032296353071141755,0.0,0.0,0.0,0.0,0.0,0.0,0.0,5.894611413256013e-07,0.0,0.0020398708671209857,0.00027508652861333265,0.0,0.0,0.005202673365018756,0.0,0.006428547288088584,0.0,0.0,0.001343670871086948
2018-06-03 15:00:00,0.0,0.0,0.0,0.003499280191763603,0.0,0.0,0.0,0.0,0.0,0.0,0.0,6.386757325545058e-07,0.0,0.0022048028612601705,0.0003920880562810356,0.0,0.0,0.005637048805579772,0.0,0.00529679440055707,0.0,0.0,0.0010813807980603266
2018-06-03 16:00:00,0.0,0.0,0.0,0.0036580265289787254,0.0,0.0,0.0,0.0,0.0,0.0,0.0,6.777654313111702e-07,0.016632819208465103,0.0024135932073874465,0.0006225773902324195,0.0,0.0,0.005982060410773214,0.0,0.003957365554057623,0.0,0.0,0.0008481232764864431
2018-06-03 17:00:00,0.0,0.0,0.0,0.0036715887428329383,0.0,0.0,0.0,0.0,0.0,0.0,0.0,6.802782615625685e-07,0.02790659956030354,0.0024246087732671877,0.0009073072196429879,0.0,0.0,0.006004239031386548,0.0,0.0022165346376863387,0.0,0.0,0.0008303864412636436
2018-06-03 18:00:00,0.0,0.0,0.0,0.003631925200001048,0.0,0.0,0.0,0.0,0.0,0.0,0.0,6.729293322965222e-07,0.025700415891826048,0.0024137814127218257,0.0010094299372209238,0.0,0.0,0.005939376267968618,0.0,0.0008095193896795324,0.0,0.0,0.0007067907015559372
2018-06-03 19:00:00,0.0,0.0,0.0,0.003567696854224979,0.0,0.0,0.0,0.0,0.0,0.0,0.0,6.610289941955095e-07,0.04949785573334959,0.002380220022787072,0.0008015089288573681,0.0,0.0,0.005834342080416199,0.0,0.00012086141948067931,0.0,0.0,0.0005412646103692418
2018-06-03 20:00:00,0.0,0.0,0.0,0.0036972596209657086,0.0,0.0,0.0,0.0,0.0,0.0,0.0,6.850346059061537e-07,0.03839580369639196,0.002514415968771977,0.0008318701949667494,0.0,0.0,0.006046219247377683,0.0,0.0,0.0,0.0,0.00022283246534462526
2018-06-03 21:00:00,0.0,0.0,0.0,0.004194812977519382,0.0,0.0,0.0,0.0,0.0,0.0,0.0,7.772221454533506e-07,0.016866001343027202,0.002869861717657271,0.0007467614814614919,0.0,0.0,0.006859880442261919,0.0,0.0,0.0,0.0,0.00013065194468763069
2018-06-03 22:00:00,0.0,0.0,0.0,0.0045164161110698995,0.0,0.0,0.0,0.0,0.0,0.0,0.0,8.368093258073281e-07,0.0,0.0029777855551972,0.0006202982971386824,0.0,0.0,0.007385805926386352,0.0,0.0,0.0,0.0,0.00016065520582143363
2018-06-03 23:00:00,0.0,0.0,0.0,0.0044254017670066785,0.0,0.0,0.0,0.0,0.0,0.0,0.0,8.199460319873312e-07,0.0,0.00290176082420354,0.0006327790386461157,0.0,0.0,0.007236967939531979,0.0,0.0,0.0,0.0,0.00022800247027254724
2018-06-04 00:00:00,0.0,0.0,0.0,0.004134013409796132,0.0,0.0,0.0,0.0,0.0,0.0,0.0,7.659570972326678e-07,0.0,0.0026955340517185993,0.0005977242171690395,0.0,0.0,0.0067604534194702255,0.0,0.0,0.0,0.0,0.00028482762722231546
2018-06-04 01:00:00,0.0,0.0,0.0,0.004132426043239918,0.0,0.0,0.000288783526666077,0.0,0.0,0.0,0.0,7.656629872337114e-07,0.0,0.002680406701237547,0.000557147804947371,0.0,0.0,0.006757857560047644,0.0,0.0,0.0,0.0,0.0002829212496169459
2018-06-04 02:00:00,0.0,0.0,0.0,0.004147255013210064,0.0,0.0,0.009969801152593868,0.0,0.0,0.0,0.0,7.684105242316244e-07,0.0,0.0026530666775179445,0.0006173225341853821,0.0,0.0,0.006782107737975063,0.0,0.0,0.0,0.0,0.0002443309371349527
2018-06-04 03:00:00,0.0,0.0,0.0,0.004345042457050666,0.0,0.0,0.016710413048925538,0.0,0.0,0.0,0.0,8.050569211674019e-07,0.0,0.002730809004981467,0.0005926558622613413,0.0,0.0,0.007105554391019763,0.0,0.0007086902550551613,0.0,0.0,0.00026586050323758407
2018-06-04 04:00:00,0.0,0.0,0.0,0.0035701853994308487,0.0,0.0,0.040118448976941064,0.0,0.0,0.0,0.0,6.614900761208132e-07,0.0023144148197093515,0.002263001623401592,0.0009561154954678472,0.0,0.0,0.005838411659364989,0.0,0.0015113622481236957,0.0,0.0,0.0002005982868723668
2018-06-04 05:00:00,0.0,0.0,0.0,0.002871254076191101,0.0,0.0,0.05131286893186992,0.0,0.0,0.0,0.0,5.319908814048229e-07,0.07903831560920126,0.0018603431443401787,0.0011362250185215585,0.0,0.0,0.004695432141452874,0.0,0.002171450096710539,0.0,0.0,7.312809293509017e-05
2018-06-04 06:00:00,0.0,0.0,0.0,0.002796489745617231,0.0,0.0,0.06787768487589227,0.0,0.0,0.0,0.0,5.181384179640405e-07,0.07023804829865714,0.0018004309687941898,0.0011093489814680679,0.0,0.0,0.004573168199810884,0.0,0.003703986674501103,0.0,0.0,3.683518561855672e-05
2018-06-04 07:00:00,0.0,0.0,0.0,0.0027104814806821432,0.0,0.0,0.07647936091899533,0.0,0.0,0.0,0.0,5.022026590737599e-07,0.06236723720715424,0.0017372965198302313,0.0006695398427869186,0.0,0.0,0.0044325167768122856,0.0,0.00585332854138105,0.0,0.0,3.4126103368657836e-05
2018-06-04 08:00:00,0.0,0.0,0.0,0.0025954521899414023,0.0,0.0,0.07335459430334933,0.0,0.0,0.0,0.0,4.808898347312631e-07,0.04069271224296587,0.0016764686155801712,0.0007377092597757598,0.0,0.0,0.0042444065592487125,0.0,0.006897308451409692,0.0,0.0,3.535561963208827e-05
2018-06-04 09:00:00,0.0,0.0,0.0,0.0025681652788572843,0.0,0.0,0.07011269371523453,0.0,0.0,0.0,0.0,4.758340690298482e-07,0.027722452845615645,0.0016359983007915534,0.0006901332902458472,0.0,0.0,0.004199783604976655,0.0,0.007532351595075136,0.0,0.0,3.587296665681473e-05
2018-06-04 10:00:00,0.0,0.0,0.0,0.002593634695793577,0.0,0.0,0.08101839888346744,0.0,0.0,0.0,0.0,4.805530862973064e-07,0.01670019428634134,0.0015861791970369682,0.0006514214435056826,0.0,0.0,0.004241434366537046,0.0,0.008219081640633287,0.0,0.0,4.148324540994679e-05
2018-06-04 11:00:00,0.0,0.0,0.0,0.0025469909574053783,0.0,0.0,0.0970221566243219,0.0,0.0,0.0,0.0,4.7191085442276904e-07,0.01547690362462518,0.001524262592155661,0.0006012017906913256,0.0,0.0,0.004165156718299101,0.0,0.007799119907327201,0.0,0.0,4.275691843481524e-05
2018-06-04 12:00:00,0.0,0.0,0.0,0.0025834617093568103,0.0,0.0,0.08438962351351895,0.0,0.0,0.0,0.0,4.786682179166599e-07,0.019264439945504818,0.0015464212174270402,0.0005533546616034509,0.0,0.0,0.0042247982325613566,0.0,0.007287947797771002,0.0,0.0,7.28385141654698e-05
2018-06-04 13:00:00,0.0,0.0,0.0,0.0027091602409324046,0.0,0.0,0.07185416297718841,0.0,0.0,0.0,0.0,5.019578575060968e-07,0.018697104524813938,0.0016193963749893663,0.0007192273171617962,0.0,0.0,0.004430356121076895,0.0,0.006672313220294452,0.0,0.0,0.00013111099889959887
2018-06-04 14:00:00,0.0,0.0,0.0,0.002725388711175311,0.0,0.0,0.07126247038581675,0.0,0.0,0.0,0.0,5.049646963156487e-07,0.022213602138431758,0.00163659361256402,0.000758794574297753,0.0,0.0,0.0044568949360905205,0.0,0.00532776781513883,0.0,0.0,0.00022204271390991408
2018-06-04 15:00:00,0.0,0.0,0.0,0.0028900975018209436,0.0,0.0,0.06291263444000879,0.0,0.0,0.0,0.0,5.354822236349067e-07,0.017198674565596275,0.0018131386353637073,0.0008237673816067249,0.0,0.0,0.0047262472570816574,0.0,0.004207865904883724,0.0,0.0,0.0001646877630331779
2018-06-04 16:00:00,0.0,0.0,0.0,0.0029098301397565605,0.0,0.0,0.03909659645441469,0.0,0.0,0.0,0.0,5.391383206466127e-07,0.07192434958144031,0.001868439993215012,0.0009636172248342561,0.0,0.0,0.004758516523381301,0.0,0.0029972385413293847,0.0,0.0,0.00014830552576334738
2018-06-04 17:00:00,0.0,0.0,0.0,0.0028927846779592263,0.0,0.0,0.038173509939874124,0.0,0.0,0.0,0.0,5.359801082401561e-07,0.0865158151238008,0.001835996877479332,0.0009640697848762755,0.0,0.0,0.004730641662061022,0.0,0.0016641690566999978,0.0,0.0,0.00024371686366115021
2018-06-04 18:00:00,0.0,0.0,0.0,0.002928845087784762,0.0,0.0,0.03886768743259294,0.0,0.0,0.0,0.0,5.426614428409428e-07,0.08666096074607071,0.0018658563583588016,0.0009632442055259486,0.0,0.0,0.0047896121337907115,0.0,0.0006212439800268489,0.0,0.0,0.0003213947808913963
2018-06-04 19:00:00,0.0,0.0,0.0,0.0031042815536211563,0.0,0.0,0.041687561025537126,0.0,0.0,0.0,0.0,5.751666122248588e-07,0.07363302849991661,0.0020115261366171443,0.0009616033359639497,0.0,0.0,0.005076507684867774,0.0,9.94828195264679e-05,0.0,0.0,0.00013000012767601913
2018-06-04 20:00:00,0.0,0.0,0.0,0.0032378631777642023,0.0,0.0,0.014081498552153524,0.0,0.0,0.0,0.0,5.999168447300983e-07,0.1028737592256707,0.0020589700921440084,0.0010654237376345017,0.0,0.0,0.005294956987808176,0.0,0.0,0.0,0.0,5.584558156266197e-05
2018-06-04 21:00:00,0.0,0.0,0.0,0.0035618980611248304,0.0,0.0,0.009251292762357633,0.0,0.0,0.0,0.0,6.599545838610105e-07,0.09922397223525767,0.0021558762986395204,0.0010857536934403239,0.0,0.0,0.005824859171979133,0.0,0.0,0.0,0.0,7.483410373401887e-05
2018-06-04 22:00:00,0.0,0.0,0.0,0.003771907377709669,0.0,0.0,0.010108054884112422,0.0,0.0,0.0,0.0,7.096172468146148e-07,0.051894740132512475,0.002313735469764421,0.0008581961360331809,0.0,0.0,0.006263189361486739,0.0,0.0,0.0,0.0,6.275263688550194e-05
2018-06-04 23:00:00,0.0,0.0,0.0,0.004109729582460914,0.0,0.0,0.011236931280302127,0.0,0.0,0.0,0.0,7.731724826258354e-07,0.01082827164844838,0.0025578788077169827,0.0008218283662241263,0.0,0.0,0.0068241375044278164,0.0,0.0,0.0,0.0,6.150574996126013e-05
2018-06-05 00:00:00,0.0,0.0,0.0,0.004230891482901061,0.0,0.0,0.013559629765276587,0.0,0.0,0.0,0.0,7.959669379502847e-07,0.0,0.0026533987341239014,0.0007201218300040275,0.0,0.0,0.00702532482157637,0.0,0.0,0.0,0.0,7.800044901170981e-05
2018-06-05 01:00:00,0.0,0.0,0.0,0.004234126868986367,0.0,0.0,0.026278727864667277,0.0,0.0,0.0,0.0,7.96575618264071e-07,0.0,0.0026495494433854284,0.0006711972357127285,0.0,0.0,0.007030697126270154,0.0,0.0,0.0,0.0,7.476818075189449e-05
2018-06-05 02:00:00,0.0,0.0,0.0,0.004083871596179041,0.0,0.0,0.03810620822725595,0.0,0.0,0.0,0.0,7.683077626854815e-07,0.0,0.002518305314053388,0.0007848109687692756,0.0,0.0,0.0067812007489954935,0.0,0.0,0.0,0.0,3.5039160155501065e-05
2018-06-05 03:00:00,0.0,0.0,0.0,0.0038199474623235945,0.0,0.0,0.045925526009772275,0.0,0.0,0.0,0.0,7.186551337950672e-07,0.01863922503888921,0.002340458511505416,0.0008523057553670216,0.0,0.0,0.006342959121650245,0.0,0.000616293929453792,0.0,0.0,5.065364701233658e-05
2018-06-05 04:00:00,0.0,0.0,0.0,0.003242268814471476,0.0,0.0,0.05252340233480953,0.0,0.0,0.0,0.0,6.099751767911065e-07,0.05776060979815525,0.0020203048404474153,0.0010694886056352943,0.0,0.0,0.005383733350899114,0.0,0.0013543216102140378,0.0,0.0,6.168870401132116e-05
2018-06-05 05:00:00,0.0,0.0,0.0,0.0028742200010967115,0.0,0.0,0.07681333626188559,0.0,0.0,0.0,0.0,5.407333424916191e-07,0.04776016145941613,0.001878990960549954,0.001053081802260632,0.0,0.0,0.004772594427907757,0.0,0.002174095541668948,0.0,0.0,5.541268155359672e-05
2018-06-05 06:00:00,0.0,0.0,0.0,0.0027373283595870626,0.0,0.0,0.08976838683252258,0.0,0.0,0.0,0.0,5.14979616317411e-07,0.04470603489811229,0.0017844919398827355,0.0009864285359458323,0.0,0.0,0.004545288137767542,0.0,0.003651158636445103,0.0,0.0,4.93608267320946e-05
2018-06-05 07:00:00,0.0,0.0,0.0,0.0026513122059642533,0.0,0.0,0.09284857850394075,0.0,0.0,0.0,0.0,4.987972077895367e-07,0.03483020134100854,0.001718024139957824,0.0009164290375958886,0.0,0.0,0.004402459747688274,0.0,0.005685778837673907,0.0,0.0,5.098206276930996e-05
2018-06-05 08:00:00,0.0,0.0,0.0,0.0026120344475707266,0.0,0.0,0.09144836301625271,0.0,0.0,0.0,0.0,4.914077965497547e-07,0.01742514681028454,0.0017009771468619774,0.0008333925625924875,0.0,0.0,0.004337239684235189,0.0,0.0068161776923984715,0.0,0.0,3.968843577668336e-05
2018-06-05 09:00:00,0.0,0.0,0.0,0.00255244818958328,0.0,0.0,0.08997802048494669,0.0,0.0,0.0,0.0,4.801977025291768e-07,0.012931191095903958,0.001646331971215093,0.0007956069388001361,0.0,0.0,0.004238297695541821,0.0,0.00726342087887008,0.0,0.0,3.38108685962302e-05
2018-06-05 10:00:00,0.0,0.0,0.0,0.002519904417440725,0.0,0.0,0.08767451874047606,0.0,0.0,0.0,0.0,4.7407517096192907e-07,0.02858443855755228,0.001576609816311184,0.0008163954714068907,0.0,0.0,0.004184259304071652,0.0,0.0076275166394154,0.0,0.0,3.472806226783693e-05
2018-06-05 11:00:00,0.0,0.0,0.0,0.0025646952166378276,0.0,0.0,0.09526872491122623,0.0,0.0,0.0,0.0,4.825017627167281e-07,0.018650510605742302,0.0015821387950420323,0.0007593616780331164,0.0,0.0,0.004258633679932949,0.0,0.007410314488226842,0.0,0.0,0.00010745268688577244
2018-06-05 12:00:00,0.0,0.0,0.0,0.002578315977517183,0.0,0.0,0.09523193690041591,0.0,0.0,0.0,0.0,4.850642664759263e-07,0.013829768465808055,0.00159664761809863,0.0007574959830132773,0.0,0.0,0.004281250726454047,0.0,0.006843770311095007,0.0,0.0,0.00047364466972954613
2018-06-05 13:00:00,0.0,0.0,0.0,0.0026316584724896106,0.0,0.0,0.09070999789843259,0.0,0.0,0.0,0.0,4.950997076016151e-07,0.00884615297019139,0.0016583935559814327,0.0007386622693578594,0.0,0.0,0.0043698250506807815,0.0,0.006045828967573862,0.0,0.0,0.0004424000129187699
2018-06-05 14:00:00,0.0,0.0,0.0,0.0026448846463046224,0.0,0.0,0.09139108758823179,0.0,0.0,0.0,0.0,4.975879768268789e-07,0.016578203456182536,0.0017011152523840384,0.0006791329352319274,0.0,0.0,0.004391786891955276,0.0,0.004870004908026285,0.0,0.0,0.000672971284239227
2018-06-05 15:00:00,0.0,0.0,0.0,0.0027527660593388657,0.0,0.0,0.07498688332644268,0.0,0.0,0.0,0.0,5.178839447905234e-07,0.018236736782283474,0.0018377192661628925,0.0008053626522329541,0.0,0.0,0.004570922181016513,0.0,0.0038123587040366693,0.0,0.0,0.0007867437948106424
2018-06-05 16:00:00,0.0,0.0,0.0,0.002831132732948286,0.0,0.0,0.07631138088210149,0.0,0.0,0.0,0.0,5.326272397869405e-07,0.03220906879428613,0.0019164400084316616,0.0009259324762592821,0.0,0.0,0.00470104873697231,0.0,0.002713648925263746,0.0,0.0,0.0003875007659608513
2018-06-05 17:00:00,0.0,0.0,0.0,0.0029076172675156498,0.0,0.0,0.05302348486077793,0.0,0.0,0.0,0.0,5.470164438178587e-07,0.06299727768708774,0.0019483149905815023,0.000975051478974118,0.0,0.0,0.004828050032404822,0.0,0.0015103053446158116,0.0,0.0,0.00015828148385141165
2018-06-05 18:00:00,0.0,0.0,0.0,0.0030059021973471373,0.0,0.0,0.04825355924241849,0.0,0.0,0.0,0.0,5.655070042495779e-07,0.06513230391855816,0.0020350389400205036,0.0010483844652725604,0.0,0.0,0.004991250520983317,0.0,0.0005741041945001534,0.0,0.0,0.00017979823795336838
2018-06-05 19:00:00,0.0,0.0,0.0,0.0029697499127464013,0.0,0.0,0.03433426182878916,0.0,0.0,0.0,0.0,5.587055952817867e-07,0.08642274408349312,0.0019796166323653988,0.0009541728252944148,0.0,0.0,0.0049312202546934105,0.0,8.663590522600855e-05,0.0,0.0,0.00035293183081932454
2018-06-05 20:00:00,0.0,0.0,0.0,0.003284108610569854,0.0,0.0,0.028763905897740336,0.0,0.0,0.0,0.0,6.178465898300565e-07,0.08138008530422586,0.0021542464360684134,0.0008776836787066883,0.0,0.0,0.0054532076352780835,0.0,0.0,0.0,0.0,0.0007190183338338534
2018-06-05 21:00:00,0.0,0.0,0.0,0.0037395004767245992,0.0,0.0,0.0005837597836018508,0.0,0.0,0.0,0.0,7.035204651198365e-07,0.044990978567426725,0.002446247025523636,0.0008385879971362814,0.0,0.0,0.006209378242293326,0.0,0.0,0.0,0.0,0.00092997116894753
2018-06-05 22:00:00,0.0,0.0,0.0,0.004099974421252411,0.0,0.0,0.0,0.0,0.0,0.0,0.0,7.713372226510229e-07,0.010446273831717444,0.002652524064613748,0.0005531072573340181,0.0,0.0,0.0068079392217600745,0.0,0.0,0.0,0.0,0.0012614282570044264
2018-06-05 23:00:00,0.0,0.0,0.0,0.004198232069729684,0.0,0.0,0.0,0.0,0.0,0.0,0.0,7.898226505814561e-07,0.0,0.002731590031475802,0.0005697707883369201,0.0,0.0,0.006971094410104397,0.0,0.0,0.0,0.0,0.0013781805020908597
2018-06-06 00:00:00,0.0,0.0,0.0,0.004309925046278993,0.0,0.0,0.0039043175490005265,0.0,0.0,0.0,0.0,8.108356963884231e-07,0.0,0.002778498628903387,0.0006510877760894507,0.0,0.0,0.007156558736882536,0.0,0.0,0.0,0.0,0.0013692482727329072
2018-06-06 01:00:00,0.0,0.0,0.0,0.0041354668125127385,0.0,0.0,0.028133143126253736,0.0,0.0,0.0,0.0,7.870963655717422e-07,0.0,0.0026791789036110783,0.000515829982301787,0.0,0.0,0.00694703180544552,0.0,0.0,0.0,0.0,0.0012318965679576437
2018-06-06 02:00:00,0.0,0.0,0.0,0.003943365661222602,0.0,0.0,0.04272220158278707,0.0,0.0,0.0,0.0,7.534658538881131e-07,0.0,0.002543445091471688,0.0004951692193410554,0.0,0.0,0.006650203812687773,0.0,0.0,0.0,0.0,0.0012542962103607414
2018-06-06 03:00:00,0.0,0.0,0.0,0.003931329464224864,0.0,0.0,0.047719816146931084,0.0,0.0,0.0,0.0,7.511660764321074e-07,5.16775466955439e-05,0.002501770127017457,0.000497684921369182,0.0,0.0,0.0066299056283343075,0.0,0.0005776087688973279,0.0,0.0,0.0011801277482968602
2018-06-06 04:00:00,0.0,0.0,0.0,0.00332552021196582,0.0,0.0,0.07009180864252433,0.0,0.0,0.0,0.0,6.354130307444399e-07,0.010547599714343539,0.002144332074816632,0.0006316137717438888,0.0,0.0,0.005608251704948075,0.0,0.0013184795641504544,0.0,0.0,0.0007978099351238157
2018-06-06 05:00:00,0.0,0.0,0.0,0.0029290270888282484,0.0,0.0,0.0749980364473109,0.0,0.0,0.0,0.0,5.59654388191116e-07,0.041675910493641284,0.001982881261506689,0.0007268155850590375,0.0,0.0,0.0049395944446988535,0.0,0.002200374438358777,0.0,0.0,0.0003857354453685128
2018-06-06 06:00:00,0.0,0.0,0.0,0.002798221809172464,0.0,0.0,0.07152775644447712,0.0,0.0,0.0,0.0,5.346611919734558e-07,0.046041536255207,0.0018753905437190197,0.0008459245602482499,0.0,0.0,0.004719000707211954,0.0,0.003720825878554068,0.0,0.0,0.00018668311198524152
2018-06-06 07:00:00,0.0,0.0,0.0,0.0027665179113018977,0.0,0.0,0.07390065816698357,0.0,0.0,0.0,0.0,5.286034721136086e-07,0.0193103646907221,0.0018487270202048123,0.0007268556664906116,0.0,0.0,0.004665534353693388,0.0,0.005915868150099857,0.0,0.0,0.00013523438051882107
2018-06-06 08:00:00,0.0,0.0,0.0,0.002613307672467105,0.0,0.0,0.07588484390285877,0.0,0.0,0.0,0.0,4.99329320704513e-07,0.014280649058342896,0.0016855664831586482,0.0007159833157129073,0.0,0.0,0.004407156256916522,0.0,0.0068915652757572405,0.0,0.0,0.00013145389769260942
2018-06-06 09:00:00,0.0,0.0,0.0,0.0024563304713788384,0.0,0.0,0.07546288840558592,0.0,0.0,0.0,0.0,4.693354091527584e-07,0.030960157807750868,0.0015446297634026235,0.0006906497244299207,0.0,0.0,0.004142425448042312,0.0,0.007168565562584082,0.0,0.0,0.00016274640229916223
2018-06-06 10:00:00,0.0,0.0,0.0,0.0024856033628786306,0.0,0.0,0.08178977960090149,0.0,0.0,0.0,0.0,4.749286323241614e-07,0.003136645913802153,0.0015727684047987605,0.0005482864125588396,0.0,0.0,0.004191792083395107,0.0,0.007876375435150249,0.0,0.0,0.00021956664293959233
2018-06-06 11:00:00,0.0,0.0,0.0,0.0025082670428341015,0.0,0.0,0.08220414170253641,0.0,0.0,0.0,0.0,4.792590217521104e-07,0.0077435477912370446,0.0015721298684020534,0.0006736060380050563,0.0,0.0,0.004230012756748204,0.0,0.007644221421963423,0.0,0.0,0.00017216893277471147
2018-06-06 12:00:00,0.0,0.0,0.0,0.002462989398455214,0.0,0.0,0.08079124109158037,0.0,0.0,0.0,0.0,4.7060774213088366e-07,0.011317772181775198,0.001542239079250728,0.0007602727402897051,0.0,0.0,0.004153655251726811,0.0,0.006840841590194003,0.0,0.0,0.0003454899074586688
2018-06-06 13:00:00,0.0,0.0,0.0,0.002582701526654989,0.0,0.0,0.07877444550724516,0.0,0.0,0.0,0.0,4.93481350272727e-07,0.009156734677411639,0.001614756652184598,0.0006492660052308575,0.0,0.0,0.004355541183637138,0.0,0.006170557061918898,0.0,0.0,0.0009294397046541697
2018-06-06 14:00:00,0.0,0.0,0.0,0.0026214526184972042,0.0,0.0,0.07848873560506099,0.0,0.0,0.0,0.0,4.950838263631469e-07,0.0,0.0016292844357209567,0.0006961070080577317,0.0,0.0,0.004369684880463292,0.0,0.004938664871479157,0.0,0.0,0.0016056103795729325
2018-06-06 15:00:00,0.0,0.0,0.0,0.00276778690120489,0.0,0.0,0.05656177660639272,0.0,0.0,0.0,0.0,5.207098488709885e-07,0.02117649863965573,0.0017347294515428627,0.0008960913289889051,0.0,0.0,0.004595864038690915,0.0,0.00393921289170336,0.0,0.0,0.0016020058604146107
2018-06-06 16:00:00,0.0,0.0,0.0,0.0028452409298187565,0.0,0.0,0.05307714388564953,0.0,0.0,0.0,0.0,5.352814459532705e-07,0.045237442107785755,0.0018102745237673994,0.0010610121365640978,0.0,0.0,0.004724475162836072,0.0,0.002859206865024571,0.0,0.0,0.0015256346756467344
2018-06-06 17:00:00,0.0,0.0,0.0,0.0028999500308346127,0.0,0.0,0.05361072764342124,0.0,0.0,0.0,0.0,5.455739896853882e-07,0.04576411534794465,0.0018640292721974717,0.0009059219663256405,0.0,0.0,0.004815318713630546,0.0,0.0016391567266585345,0.0,0.0,0.001822241179904913
2018-06-06 18:00:00,0.0,0.0,0.0,0.0029601509617329875,0.0,0.0,0.0559419098619946,0.0,0.0,0.0,0.0,5.568997234752039e-07,0.04003678738467837,0.0019127335445990423,0.001019538550802677,0.0,0.0,0.004915281356452183,0.0,0.0006455065944701141,0.0,0.0,0.0015814170073856688
2018-06-06 19:00:00,0.0,0.0,0.0,0.0033072008118721526,0.0,0.0,0.03055409522134785,0.0,0.0,0.0,0.0,6.221909765474674e-07,0.026037377640555828,0.0021653967773917807,0.0008488718905063006,0.0,0.0,0.0054915518508292325,0.0,0.00012451237677616625,0.0,0.0,0.0008941146595994374
2018-06-06 20:00:00,0.0,0.0,0.0,0.003598206711299754,0.0,0.0,0.0,0.0,0.0,0.0,0.0,6.769385576728593e-07,0.01776349434730798,0.002389961577346447,0.0007896423105741924,0.0,0.0,0.005974762298730406,0.0,0.0,0.0,0.0,0.0005223727745340232
2018-06-06 21:00:00,0.0,0.0,0.0,0.003877305875803167,0.0,0.0,0.0,0.0,0.0,0.0,0.0,7.294460985190587e-07,0.012782401224377588,0.002559256089741686,0.0006149198122571056,0.0,0.0,0.006438201811653718,0.0,0.0,0.0,0.0,0.0004787069628298702
2018-06-06 22:00:00,0.0,0.0,0.0,0.003781617821170875,0.0,0.0,0.0,0.0,0.0,0.0,0.0,7.225604079089168e-07,0.0,0.002499278210089629,0.0007948636659698373,0.0,0.0,0.006377427662815709,0.0,0.0,0.0,0.0,0.0003790738547759102
2018-06-06 23:00:00,0.0,0.0,0.0,0.003930290727229476,0.0,0.0,0.0,0.0,0.0,0.0,0.0,7.509676031165609e-07,0.0,0.0025969495349698222,0.0007402911558074009,0.0,0.0,0.006628153872773054,0.0,0.0,0.0,0.0,0.00034827567418697415
2018-06-07 00:00:00,0.0,0.0,0.0,0.0040994476874128185,0.0,0.0,0.0,0.0,0.0,0.0,0.0,7.832887227882639e-07,0.0,0.002710624558841959,0.0006016216215372191,0.0,0.0,0.006913424973197751,0.0,0.0,0.0,0.0,0.0005664105713366011
2018-06-07 01:00:00,0.0,0.0,0.0,0.004169799075188138,0.0,0.0,0.0,0.0,0.0,0.0,0.0,7.967308869232303e-07,0.0,0.0027641974658815056,0.0005149556828938745,0.0,0.0,0.0070320675509865545,0.0,0.0,0.0,0.0,0.001063421406523906
2018-06-07 02:00:00,0.0,0.0,0.0,0.004171598113514073,0.0,0.0,0.0,0.0,0.0,0.0,0.0,7.970746323592058e-07,0.0,0.0027688500892819688,0.0004931866774290674,0.0,0.0,0.007035101500298422,0.0,0.0,0.0,0.0,0.0012691482841571222
2018-06-07 03:00:00,0.0,0.0,0.0,0.004056968350492354,0.0,0.0,0.0,0.0,0.0,0.0,0.0,7.751721207241645e-07,0.005386236627621559,0.0026626159409954414,0.0005482551849170266,0.0,0.0,0.006841786613324897,0.0,0.00045656966936864524,0.0,0.0,0.0010889195331860823
2018-06-07 04:00:00,0.0,0.0,0.0,0.003559287647585296,0.0,0.0,0.0,0.0,0.0,0.0,0.0,6.800793882730626e-07,0.02744393744641943,0.002372178212610557,0.0007572911029498247,0.0,0.0,0.0060024837455945135,0.0,0.0010575758230941157,0.0,0.0,0.00073829289154356
2018-06-07 05:00:00,0.0,0.0,0.0,0.0032234042039494142,0.0,0.0,0.006566299210292076,0.0,0.0,0.0,0.0,6.159015444188546e-07,0.037468804041016185,0.0022809825541947977,0.0010856778955041784,0.0,0.0,0.005436040369711004,0.0,0.0019132046276784677,0.0,0.0,0.0004843026339081954
2018-06-07 06:00:00,0.0,0.0,0.0,0.0030129740508709458,0.0,0.0,0.025788211983976,0.0,0.0,0.0,0.0,5.756942827560047e-07,0.04065809287772717,0.0020697998103224482,0.001240180622834146,0.0,0.0,0.005081164984943103,0.0,0.003257106407868054,0.0,0.0,0.00032571975310407707
2018-06-07 07:00:00,0.0,0.0,0.0,0.002917226785083832,0.0,0.0,0.048087361296497294,0.0,0.0,0.0,0.0,5.573996832763884e-07,0.01739863225314379,0.0019986050009194053,0.000906462696966564,0.0,0.0,0.004919694077425365,0.0,0.005117602954363955,0.0,0.0,0.00022653288434954197
2018-06-07 08:00:00,0.0,0.0,0.0,0.0026950424849523794,0.0,0.0,0.05456324227558909,0.0,0.0,0.0,0.0,5.149465359395081e-07,0.028999108839653925,0.0017754360855026872,0.0008154732849622225,0.0,0.0,0.004544996165338906,0.0,0.0059879581020362595,0.0,0.0,0.0001571966056869379
2018-06-07 09:00:00,0.0,0.0,0.0,0.0026196878228446517,0.0,0.0,0.05938099836496313,0.0,0.0,0.0,0.0,5.005483873255533e-07,0.02672229330690613,0.0016698218637651386,0.0007169459478336737,0.0,0.0,0.004417915923660978,0.0,0.006719018419185134,0.0,0.0,0.00010820988328310706
2018-06-07 10:00:00,0.0,0.0,0.0,0.0025950803021493386,0.0,0.0,0.07443293783013831,0.0,0.0,0.0,0.0,4.958465848082044e-07,0.020155600970750358,0.0016328277384060875,0.0006442734327963254,0.0,0.0,0.004376417102093913,0.0,0.007627226645273138,0.0,0.0,0.00012074778737919353
2018-06-07 11:00:00,0.0,0.0,0.0,0.0025568099420657524,0.0,0.0,0.07125926227959198,0.0,0.0,0.0,0.0,4.885341993952715e-07,0.01840355256450774,0.001591655277551692,0.0006971187242882809,0.0,0.0,0.004311876880261711,0.0,0.007785854641034956,0.0,0.0,0.0001533829065194385
2018-06-07 12:00:00,0.0,0.0,0.0,0.0025601564297800384,0.0,0.0,0.07045462872805122,0.0,0.0,0.0,0.0,4.891736187237821e-07,0.018110337786347047,0.001605417527012596,0.0007124228848322394,0.0,0.0,0.00431752049215789,0.0,0.007458640318988664,0.0,0.0,0.00019684660113990335
2018-06-07 13:00:00,0.0,0.0,0.0,0.002614274757358661,0.0,0.0,0.07149178029619017,0.0,0.0,0.0,0.0,4.995141033258061e-07,0.026141786038125624,0.0016526242352331371,0.0008047506726017935,0.0,0.0,0.004408787176335501,0.0,0.006816863575343354,0.0,0.0,0.00019058513385534042
2018-06-07 14:00:00,0.0,0.0,0.0,0.0027615469232991578,0.0,0.0,0.07611623784606615,0.0,0.0,0.0,0.0,5.276536566407541e-07,0.015178874902306128,0.0017622602229924076,0.0009887649031360135,0.0,0.0,0.004657151138387304,0.0,0.005640344769430071,0.0,0.0,0.00023162611160984327
2018-06-07 15:00:00,0.0,0.0,0.0,0.002852268367389105,0.0,0.0,0.0631387177447997,0.0,0.0,0.0,0.0,5.449879634765047e-07,0.0332457820597356,0.0018827983037121793,0.0011234363902599667,0.0,0.0,0.004810146357499817,0.0,0.004122346432991029,0.0,0.0,0.00023671234574934005
2018-06-07 16:00:00,0.0,0.0,0.0,0.0028813881833216026,0.0,0.0,0.022183999018634,0.0,0.0,0.0,0.0,5.50551938228428e-07,0.07028705323328406,0.0019468070330666547,0.0012544795939249014,0.0,0.0,0.004859254841869744,0.0,0.0027399314734598496,0.0,0.0,0.00016111350907624017
2018-06-07 17:00:00,0.0,0.0,0.0,0.002806290803091938,0.0,0.0,0.01538361278723166,0.0,0.0,0.0,0.0,5.362029489181236e-07,0.09251723679818165,0.0018991865323565197,0.0012561394282935862,0.0,0.0,0.004732608487655832,0.0,0.0014343395564333351,0.0,0.0,0.00025851520697776263
2018-06-07 18:00:00,0.0,0.0,0.0,0.0028935151089877,0.0,0.0,0.016021630696509227,0.0,0.0,0.0,0.0,5.528690513716233e-07,0.08331387188500576,0.0019909998523066196,0.001140405358254098,0.0,0.0,0.004879706033625535,0.0,0.0005383841053725421,0.0,0.0,0.0005573018826731624
2018-06-07 19:00:00,0.0,0.0,0.0,0.0030421571187752893,0.0,0.0,0.01668390047185013,0.0,0.0,0.0,0.0,5.812703431741005e-07,0.07398596619785716,0.0020318633762623295,0.0011470009544382908,0.0,0.0,0.005130380139234226,0.0,8.275073157100945e-05,0.0,0.0,0.0007994436951901079
2018-06-07 20:00:00,0.0,0.0,0.0,0.0033104907581222804,0.0,0.0,0.0027854628324749386,0.0,0.0,0.0,0.0,6.276379052719988e-07,0.07510105245667546,0.0021616855700129912,0.0010882289872190243,0.0,0.0,0.005539627269223306,0.0,0.0,0.0,0.0,0.00115615984023229
2018-06-07 21:00:00,0.0,0.0,0.0,0.0037782431996406397,0.0,0.0,0.0,0.0,0.0,0.0,0.0,7.108092189562247e-07,0.017702212139369365,0.0024565335270628724,0.0007647419781517371,0.0,0.0,0.006273709888249626,0.0,0.0,0.0,0.0,0.0017661159428493005
2018-06-07 22:00:00,0.0,0.0,0.0,0.0038463012151141447,0.0,0.0,0.0,0.0,0.0,0.0,0.0,7.236131233811792e-07,0.00854828080997207,0.00245523694261517,0.0007665008757133011,0.0,0.0,0.006386719089110859,0.0,0.0,0.0,0.0,0.0020263110884989237
2018-06-07 23:00:00,0.0,0.0,0.0,0.003907399377137289,0.0,0.0,0.0,0.0,0.0,0.0,0.0,7.35107655239653e-07,0.014304873601019199,0.0025034284344780332,0.000914303525311407,0.0,0.0,0.0064881715692674926,0.0,0.0,0.0,0.0,0.0014785257019663974
2018-06-08 00:00:00,0.0,0.0,0.0,0.004126782187190698,0.0,0.0,0.0,0.0,0.0,0.0,0.0,7.763806267310906e-07,0.0030902783692035836,0.00267101348005852,0.0008974175460375796,0.0,0.0,0.00685245307048874,0.0,0.0,0.0,0.0,0.0012288736705131772
2018-06-08 01:00:00,0.0,0.0,0.0,0.004201713873650715,0.0,0.0,0.0,0.0,0.0,0.0,0.0,7.904776900256883e-07,0.005073068281210962,0.0027071591769766987,0.0007878184915055007,0.0,0.0,0.006976875887509133,0.0,0.0,0.0,0.0,0.0017391927823820286
2018-06-08 02:00:00,0.0,0.0,0.0,0.004251348725435738,0.0,0.0,0.0,0.0,0.0,0.0,0.0,7.998156040682982e-07,0.0052273238523909684,0.0027251818235574927,0.0007582204280475129,0.0,0.0,0.007059293731991753,0.0,0.0,0.0,0.0,0.001903492723540338
2018-06-08 03:00:00,0.0,0.0,0.0,0.004038768802798213,0.0,0.0,0.0,0.0,0.0,0.0,0.0,7.598224747773819e-07,0.0203790319586742,0.0025699822623092713,0.0007568689665118178,0.0,0.0,0.006706308311989879,0.0,0.0006162705383023251,0.0,0.0,0.0014650776827702307
2018-06-08 04:00:00,0.0,0.0,0.0,0.003385250546552113,0.0,0.0,0.007598601803083887,0.0,0.0,0.0,0.0,6.368746451246728e-07,0.039965269873582336,0.0021798964386528833,0.0010512803704292666,0.0,0.0,0.0056211521349728,0.0,0.0013555125228162386,0.0,0.0,0.0012392543131754332
2018-06-08 05:00:00,0.0,0.0,0.0,0.0031057104116696413,0.0,0.0,0.017100963881733697,0.0,0.0,0.0,0.0,5.842841435493304e-07,0.03564870285933835,0.002119705440023134,0.0012570044430715904,0.0,0.0,0.0051569803980815385,0.0,0.002283507403514877,0.0,0.0,0.0008228248392212515
2018-06-08 06:00:00,0.0,0.0,0.0,0.0028846012410362106,0.0,0.0,0.016027226074703506,0.0,0.0,0.0,0.0,5.468932592628315e-07,0.04026875803147392,0.0019781685336857113,0.001306497910698262,0.0,0.0,0.004826962786853774,0.0,0.003666861511916767,0.0,0.0,0.000694891413499606
2018-06-08 07:00:00,0.0,0.0,0.0,0.0027477843729363134,0.0,0.0,0.015274113912210513,0.0,0.0,0.0,0.0,5.250240217928403e-07,0.032435561706663625,0.001905355669397237,0.0011276611551953783,0.0,0.0,0.004633941582703616,0.0,0.00541228106495097,0.0,0.0,0.0006967502215192749
2018-06-08 08:00:00,0.0,0.0,0.0,0.002683830894877247,0.0,0.0,0.014892827546782686,0.0,0.0,0.0,0.0,5.128043175871821e-07,0.035284147151686235,0.0018198277135051738,0.0008121478883379611,0.0,0.0,0.004526088621512288,0.0,0.006505090286978827,0.0,0.0,0.0007112880453242552
2018-06-08 09:00:00,0.0,0.0,0.0,0.002577584994290474,0.0,0.0,0.014080350838349359,0.0,0.0,0.0,0.0,4.925037253811565e-07,0.039657045659498825,0.0016837763027553623,0.0009856221515267475,0.0,0.0,0.004346912518187004,0.0,0.007054917245495221,0.0,0.0,0.0005962553182452797
2018-06-08 10:00:00,0.0,0.0,0.0,0.0025691566544482785,0.0,0.0,0.014126884681721557,0.0,0.0,0.0,0.0,4.908933075752435e-07,0.02834893638879525,0.0016926756370989377,0.0007746223654786365,0.0,0.0,0.004332698726576358,0.0,0.007892882195157562,0.0,0.0,0.0005442805562251536
2018-06-08 11:00:00,0.0,0.0,0.0,0.002682793133965955,0.0,0.0,0.014695521717319856,0.0,0.0,0.0,0.0,5.066685091817768e-07,0.017343841614654885,0.0017401208350630423,0.000591156407584255,0.0,0.0,0.004471933046656462,0.0,0.00840062319344208,0.0,0.0,0.0006203897779044087
2018-06-08 12:00:00,0.0,0.0,0.0,0.002720194656047959,0.0,0.0,0.014753011931794778,0.0,0.0,0.0,0.0,5.117562149144478e-07,0.018463558480690867,0.00174462078839917,0.0006130854656625986,0.0,0.0,0.0045168379084848335,0.0,0.008124495326737945,0.0,0.0,0.0007001030109986708
2018-06-08 13:00:00,0.0,0.0,0.0,0.0026814767120871283,0.0,0.0,0.014572671284964806,0.0,0.0,0.0,0.0,5.0838275940834e-07,0.02729043188146204,0.0017254846985404794,0.0008147841734201626,0.0,0.0,0.004487063278947366,0.0,0.007211938701645298,0.0,0.0,0.0007222854072573906
2018-06-08 14:00:00,0.0,0.0,0.0,0.002805822913151662,0.0,0.0,0.01556303204306347,0.0,0.0,0.0,0.0,5.361135483593972e-07,0.018098868017003163,0.0018725723244021953,0.0009488875781340141,0.0,0.0,0.004731819424776034,0.0,0.005957013418486186,0.0,0.0,0.0008211480405443352
2018-06-08 15:00:00,0.0,0.0,0.0,0.0028348364068197904,0.0,0.0,0.015826108785372967,0.0,0.0,0.0,0.0,5.416572079281515e-07,0.023944835350341427,0.0019671296490576464,0.0009497753770624808,0.0,0.0,0.0047807486042605865,0.0,0.004355592263555685,0.0,0.0,0.0009229756488153612
2018-06-08 16:00:00,0.0,0.0,0.0,0.0028300872374956098,0.0,0.0,0.015738409856880117,0.0,0.0,0.0,0.0,5.407497757426733e-07,0.053862683921105915,0.0019615337887521436,0.0009937904056996415,0.0,0.0,0.004772739470271988,0.0,0.0030257208299751797,0.0,0.0,0.0011694501679626232
2018-06-08 17:00:00,0.0,0.0,0.0,0.0029748763320176326,0.0,0.0,0.016493573472445153,0.0,0.0,0.0,0.0,5.684148842083942e-07,0.05678592618927958,0.0020616403833063645,0.0008654365825988059,0.0,0.0,0.005016915910183329,0.0,0.0018064179174835046,0.0,0.0,0.0011189755685491267
2018-06-08 18:00:00,0.0,0.0,0.0,0.0031652559310075662,0.0,0.0,0.017255635583434493,0.0,0.0,0.0,0.0,5.977857492767582e-07,0.05279930357547449,0.002124936792808551,0.000975188378075448,0.0,0.0,0.005276147616373663,0.0,0.0007229971772563396,0.0,0.0,0.0008998846344595645
2018-06-08 19:00:00,0.0,0.0,0.0,0.0034496921912537423,0.0,0.0,0.0028607268762175335,0.0,0.0,0.0,0.0,6.391648877813445e-07,0.02805430555965688,0.0022584866040367265,0.000966888380432958,0.0,0.0,0.005641366163742365,0.0,0.00012314258256994803,0.0,0.0,0.0012309744409999145
2018-06-08 20:00:00,0.0,0.0,0.0,0.0034704059891959723,0.0,0.0,0.0,0.0,0.0,0.0,0.0,6.430027758024375e-07,0.026901989534430758,0.0022326357774460175,0.000851874534373581,0.0,0.0,0.005675239945040929,0.0,0.0,0.0,0.0,0.0022484145179543754
2018-06-08 21:00:00,0.0,0.0,0.0,0.003609476605948239,0.0,0.0,0.0,0.0,0.0,0.0,0.0,6.68770018275697e-07,0.012797072449760062,0.0023672186268727173,0.000655064673871637,0.0,0.0,0.005902665532084939,0.0,0.0,0.0,0.0,0.0022993988790308093
2018-06-08 22:00:00,0.0,0.0,0.0,0.0038863838595681274,0.0,0.0,0.0,0.0,0.0,0.0,0.0,6.693663010506547e-07,0.015716211761055976,0.002228579223084939,0.0007135902076341683,0.0,0.0,0.0059079284142222,0.0,0.0,0.0,0.0,0.0036546735941118498
2018-06-08 23:00:00,0.0,0.0,0.0,0.003951685072995064,0.0,0.0,0.0,0.0,0.0,0.0,0.0,6.806133711459297e-07,0.0,0.0022726432129812446,0.0006798366950547027,0.0,0.0,0.0060071967593544945,0.0,0.0,0.0,0.0,0.00387443774554975
2018-06-09 00:00:00,0.0,0.0,0.0,0.004334734533009906,0.0,0.0,0.0,0.0,0.0,0.0,0.0,7.465873998148521e-07,0.0,0.002525151783148187,0.0005924687015072706,0.0,0.0,0.006589493534620957,0.0,0.0,0.0,0.0,0.002538561192169163
2018-06-09 01:00:00,0.0,0.0,0.0,0.00473535902532573,0.0,0.0,0.0,0.0,0.0,0.0,0.0,8.155884414570793e-07,0.0,0.002815036014509682,0.0007972746260836452,0.0,0.0,0.007198507185127683,0.0,0.0,0.0,0.0,0.0005756920904925126
2018-06-09 02:00:00,0.0,0.0,0.0,0.004907896481200469,0.0,0.0,0.0,0.0,0.0,0.0,0.0,8.453052071716217e-07,0.0,0.0029132746293982223,0.0007881911742588618,0.0,0.0,0.007460791862841751,0.0,0.0,0.0,0.0,0.0004807047669955312
2018-06-09 03:00:00,0.0,0.0,0.0,0.004828690121253145,0.0,0.0,0.0,0.0,0.0,0.0,0.0,8.316632021372761e-07,0.0,0.0028553559764019393,0.0007284924939873687,0.0,0.0,0.007340385458989531,0.0,0.000689552006998269,0.0,0.0,0.0008349021239838349
2018-06-09 04:00:00,0.0,0.0,0.0,0.004592646852686947,0.0,0.0,0.0,0.0,0.0,0.0,0.0,7.910085948526475e-07,0.0,0.002734249384372695,0.0006420967974838594,0.0,0.0,0.006981561733969459,0.0,0.0016796221029242644,0.0,0.0,0.0008454088110880215
2018-06-09 05:00:00,0.0,0.0,0.0,0.003972508204164935,0.0,0.0,0.0,0.0,0.0,0.0,0.0,6.841998162298741e-07,0.022385388160906926,0.002484087204475195,0.0007889871127253303,0.0,0.0,0.006038851267184101,0.0,0.00259485853780209,0.0,0.0,0.0006329969684904506
2018-06-09 06:00:00,0.0,0.0,0.0,0.003658362597424546,0.0,0.0,0.0,0.0,0.0,0.0,0.0,6.300933536740896e-07,0.04091448627214657,0.0022692651063307323,0.0009280367009320824,0.0,0.0,0.005561299428938546,0.0,0.003968795107656382,0.0,0.0,0.00017427643044764423
2018-06-09 07:00:00,0.0,0.0,0.0,0.0034054266113336183,0.0,0.0,0.0,0.0,0.0,0.0,0.0,5.865292510197786e-07,0.04299700310236739,0.0020769289218886986,0.0011421161977955298,0.0,0.0,0.005176796056857343,0.0,0.0057146107992189004,0.0,0.0,2.70513472119736e-05
2018-06-09 08:00:00,0.0,0.0,0.0,0.003437626596515951,0.0,0.0,0.0,0.0,0.0,0.0,0.0,5.920751738504118e-07,0.038265423886685176,0.0020660854025471103,0.000863370478509972,0.0,0.0,0.005225745212234232,0.0,0.006888762159794149,0.0,0.0,2.6228142667120763e-05
2018-06-09 09:00:00,0.0,0.0,0.0,0.0033498087278072976,0.0,0.0,0.0,0.0,0.0,0.0,0.0,5.769499767346036e-07,0.04179011219012029,0.00197468594967456,0.0006063924105375241,0.0,0.0,0.005092247930296174,0.0,0.007195773570624696,0.0,0.0,6.272969803105908e-05
2018-06-09 10:00:00,0.0,0.0,0.0,0.0033252852931642952,0.0,0.0,0.0,0.0,0.0,0.0,0.0,5.809080177311e-07,0.024406830145032754,0.00194274202579,0.0005985510401742185,0.0,0.0,0.005127182199964595,0.0,0.007697713246281525,0.0,0.0,0.00017500137314740768
2018-06-09 11:00:00,0.0,0.0,0.0,0.0035394974552572945,0.0,0.0,0.0,0.0,0.0,0.0,0.0,6.096207695415497e-07,0.00047331987416331144,0.0020522098219223814,0.0005177337920373625,0.0,0.0,0.005380605298804806,0.0,0.008139832574962574,0.0,0.0,0.0003248726368262171
2018-06-09 12:00:00,0.0,0.0,0.0,0.003554821444075171,0.0,0.0,0.0,0.0,0.0,0.0,0.0,6.12260076949929e-07,0.00048740375431520505,0.0020538124675456124,0.0006582350776503453,0.0,0.0,0.005403900225973018,0.0,0.007813134336965214,0.0,0.0,0.00035585840471359556
2018-06-09 13:00:00,0.0,0.0,0.0,0.003481081232215388,0.0,0.0,0.0,0.0,0.0,0.0,0.0,5.995595268666545e-07,0.0012197492470604335,0.0020022036349783452,0.0007970631158879539,0.0,0.0,0.0052918032461946015,0.0,0.006907632311436975,0.0,0.0,0.0002947612068558946
2018-06-09 14:00:00,0.0,0.0,0.0,0.0035025513980923586,0.0,0.0,0.0,0.0,0.0,0.0,0.0,6.032574131371088e-07,0.009403158489384895,0.002004182560586572,0.0010372800423012172,0.0,0.0,0.005324441350825036,0.0,0.00580092897559567,0.0,0.0,0.00015830883656256557
2018-06-09 15:00:00,0.0,0.0,0.0,0.0035233948400304814,0.0,0.0,0.0,0.0,0.0,0.0,0.0,6.068473564199722e-07,0.05527558821319285,0.0020349706849946427,0.0010225837291011376,0.0,0.0,0.005356126734288447,0.0,0.00455442729044822,0.0,0.0,3.26019790936681e-05
2018-06-09 16:00:00,0.0,0.0,0.0,0.0035676615722746692,0.0,0.0,0.0,0.0,0.0,0.0,0.0,6.144715798349965e-07,0.09761544497177718,0.0021732067200739705,0.0008717644220070462,0.0,0.0,0.005423419285585545,0.0,0.0033553935677901234,0.0,0.0,2.5444424071746657e-05
2018-06-09 17:00:00,0.0,0.0,0.0,0.0037103668287691077,0.0,0.0,0.0,0.0,0.0,0.0,0.0,6.390502352462461e-07,0.07494041866223487,0.0022210200662177585,0.0012860842865889885,0.0,0.0,0.0056403542230922185,0.0,0.0020259993140547138,0.0,0.0,3.2002841351361935e-05
2018-06-09 18:00:00,0.0,0.0,0.0,0.0037505233037913865,0.0,0.0,0.0,0.0,0.0,0.0,0.0,6.459665338210046e-07,0.07152331665256491,0.002240290738386701,0.0013835393568421067,0.0,0.0,0.0057013985224645125,0.0,0.000798014168283383,0.0,0.0,3.4073382799752404e-05
2018-06-09 19:00:00,0.0,0.0,0.0,0.003783937102209977,0.0,0.0,0.0,0.0,0.0,0.0,0.0,6.517215162055778e-07,0.07763053301553707,0.0022545350996163046,0.0012818441660284086,0.0,0.0,0.0057521928691470405,0.0,0.00013625429823342126,0.0,0.0,6.409911692042966e-05
2018-06-09 20:00:00,0.0,0.0,0.0,0.003781172656016319,0.0,0.0,0.0,0.0,0.0,0.0,0.0,6.512453853883538e-07,0.08444153637901392,0.0022106525962527286,0.0013362587025531293,0.0,0.0,0.00574799046639753,0.0,0.0,0.0,0.0,6.152879842571604e-05
2018-06-09 21:00:00,0.0,0.0,0.0,0.004207975858051639,0.0,0.0,0.0,0.0,0.0,0.0,0.0,7.2475528326414e-07,0.04753850251754589,0.0024385368995888048,0.001458849465940096,0.0,0.0,0.006396799965329962,0.0,0.0,0.0,0.0,3.10984299797466e-05
2018-06-09 22:00:00,0.0,0.0,0.0,0.004674615935223464,0.0,0.0,0.0,0.0,0.0,0.0,0.0,8.051264338414295e-07,0.02729135893534247,0.002740341298421649,0.0010149712932937876,0.0,0.0,0.007106167920415238,0.0,0.0,0.0,0.0,2.1297354543018157e-05
2018-06-09 23:00:00,0.0,0.0,0.0,0.004856948873047156,0.0,0.0,0.0,0.0,0.0,0.0,0.0,8.36530311729165e-07,0.029062902800427542,0.0027500546511384305,0.001041762341171833,0.0,0.0,0.007383343305848447,0.0,0.0,0.0,0.0,2.1327319650748993e-05
2018-06-10 00:00:00,0.0,0.0,0.0,0.004922766743767778,0.0,0.0,0.0,0.0,0.0,0.0,0.0,8.47866367625658e-07,0.02518197421987456,0.0028119808047283685,0.000791355356431561,0.0,0.0,0.007483397053147915,0.0,0.0,0.0,0.0,3.692724913216473e-05
2018-06-10 01:00:00,0.0,0.0,0.0,0.0051084388274821625,0.0,0.0,0.0,0.0,0.0,0.0,0.0,8.798453589901589e-07,0.025898288429865097,0.0029242275301064563,0.0005938707832271532,0.0,0.0,0.007765648477284375,0.0,0.0,0.0,0.0,4.3016910910497086e-05
2018-06-10 02:00:00,0.0,0.0,0.0,0.005199136128427196,0.0,0.0,0.0,0.0,0.0,0.0,0.0,8.954664913956444e-07,0.012496994321223401,0.0029604414706414024,0.0006614370747755192,0.0,0.0,0.007903522959247145,0.0,0.0,0.0,0.0,5.8269802884841755e-05
2018-06-10 03:00:00,0.0,0.0,0.0,0.005356356588286354,0.0,0.0,0.0,0.0,0.0,0.0,0.0,9.225451540980729e-07,0.0004896088828105869,0.0030424356935555602,0.0005977215203903813,0.0,0.0,0.008142523339976965,0.0,0.000729033969986477,0.0,0.0,0.0001315861205814721
2018-06-10 04:00:00,0.0,0.0,0.0,0.005195040624091779,0.0,0.0,0.0,0.0,0.0,0.0,0.0,8.94761107499716e-07,0.0008529954471713538,0.002958109448440355,0.00043382483599093704,0.0,0.0,0.007897297134082137,0.0,0.0018757696243388421,0.0,0.0,0.0001871729699872126
2018-06-10 05:00:00,0.0,0.0,0.0,0.004563744593574256,0.0,0.0,0.0,0.0,0.0,0.0,0.0,7.860306516094344e-07,0.00572434196317943,0.002660879384518878,0.0007971588469521704,0.0,0.0,0.006937625652507332,0.0,0.0030859228826776177,0.0,0.0,0.00017536660779128577
2018-06-10 06:00:00,0.0,0.0,0.0,0.004256374919331898,0.0,0.0,0.0,0.0,0.0,0.0,0.0,7.330912330298153e-07,0.00884757580825351,0.002469066442199214,0.0006207724737981656,0.0,0.0,0.006470374321258636,0.0,0.005078029162829996,0.0,0.0,7.971986824646127e-05
2018-06-10 07:00:00,0.0,0.0,0.0,0.004063109990908921,0.0,0.0,0.0,0.0,0.0,0.0,0.0,6.998044978703905e-07,0.009938308313525338,0.002306346661498192,0.0006915025093576232,0.0,0.0,0.006176580552202174,0.0,0.007784284068387088,0.0,0.0,6.959472576103551e-05
2018-06-10 08:00:00,0.0,0.0,0.0,0.0037937460767114147,0.0,0.0,0.0,0.0,0.0,0.0,0.0,6.534109522511096e-07,0.0,0.00214238545033321,0.0006347232165925627,0.0,0.0,0.00576710408771562,0.0,0.009020631819961359,0.0,0.0,7.054386460675962e-05
2018-06-10 09:00:00,0.0,0.0,0.0,0.0036876388391830577,0.0,0.0,0.0,0.0,0.0,0.0,0.0,6.351357093349473e-07,0.0,0.002053846700205285,0.0007069956793256773,0.0,0.0,0.005605804024160378,0.0,0.009817397702921282,0.0,0.0,6.007692842839468e-05
2018-06-10 10:00:00,0.0,0.0,0.0,0.0034405366780757398,0.0,0.0,0.0,0.0,0.0,0.0,0.0,5.925763879866931e-07,0.0,0.0018754250844617865,0.0006172373995543029,0.0,0.0,0.00523016900415907,0.0,0.010072062964690808,0.0,0.0,5.073903142106475e-05
2018-06-10 11:00:00,0.0,0.0,0.0,0.003364238606201935,0.0,0.0,0.0,0.0,0.0,0.0,0.0,5.794352881898398e-07,0.0,0.0018340364323164513,0.0004902039687243795,0.0,0.0,0.005114183665844161,0.0,0.009771011045001757,0.0,0.0,6.266392909006105e-05
2018-06-10 12:00:00,0.0,0.0,0.0,0.0034860325005090695,0.0,0.0,0.0,0.0,0.0,0.0,0.0,6.004123021618924e-07,0.0,0.0019137254561786901,0.0003111295370755846,0.0,0.0,0.005299329970186793,0.0,0.009537161643310147,0.0,0.0,0.0001319428793170668
2018-06-10 13:00:00,0.0,0.0,0.0,0.003618081261845569,0.0,0.0,0.0,0.0,0.0,0.0,0.0,6.231555499027256e-07,0.0,0.001975017412333893,0.0002914627269785344,0.0,0.0,0.005500065321441942,0.0,0.008694412381405099,0.0,0.0,0.0001817981433625072
2018-06-10 14:00:00,0.0,0.0,0.0,0.003815400769768662,0.0,0.0,0.0,0.0,0.0,0.0,0.0,6.571406203219644e-07,0.0,0.002084611646005189,0.00033150350505563173,0.0,0.0,0.005800022703332861,0.0,0.007273751607417135,0.0,0.0,0.00015369932724052803
2018-06-10 15:00:00,0.0,0.0,0.0,0.003915990167232411,0.0,0.0,0.0,0.0,0.0,0.0,0.0,6.744655051861956e-07,0.0,0.0021335393078029704,0.0007390458172511368,0.0,0.0,0.005952934762696862,0.0,0.005541996641563207,0.0,0.0,0.00014230657558990934
2018-06-10 16:00:00,0.0,0.0,0.0,0.0038377897577035417,0.0,0.0,0.0,0.0,0.0,0.0,0.0,6.609967587220204e-07,0.006619747273505162,0.0021982462743966443,0.0010607613395304195,0.0,0.0,0.005834057565241961,0.0,0.003796325244284533,0.0,0.0,0.0001274432097894104
2018-06-10 17:00:00,0.0,0.0,0.0,0.003790541430978552,0.0,0.0,0.0,0.0,0.0,0.0,0.0,6.621855614385515e-07,0.04884905223128596,0.0022324968548944816,0.0011660526306220306,0.0,0.0,0.005844550118178783,0.0,0.002137728288484418,0.0,0.0,0.00017803316998414584
2018-06-10 18:00:00,0.0,0.0,0.0,0.003722671127225812,0.0,0.0,0.0,0.0,0.0,0.0,0.0,6.550076397605077e-07,0.06868121660434529,0.002239971779077721,0.0013199970290986216,0.0,0.0,0.0057811966936484275,0.0,0.0008105309170626525,0.0,0.0,0.00015665487401606544
2018-06-10 19:00:00,0.0,0.0,0.0,0.003750204450378922,0.0,0.0,0.0,0.0,0.0,0.0,0.0,6.646336923566469e-07,0.04809556550845976,0.0023102239215033334,0.001441075892356269,0.0,0.0,0.005866157692671328,0.0,0.00013697120554605137,0.0,0.0,0.00016914845123412706
2018-06-10 20:00:00,0.0,0.0,0.0,0.0036886220835406517,0.0,0.0,0.0,0.0,0.0,0.0,0.0,6.537196964939292e-07,0.07146302828298744,0.002222910992581661,0.0013251801832307286,0.0,0.0,0.00576982911119233,0.0,0.0,0.0,0.0,0.00021752577515747666
2018-06-10 21:00:00,0.0,0.0,0.0,0.004042487244486934,0.0,0.0,0.0,0.0,0.0,0.0,0.0,7.164337995856534e-07,0.06428575268324736,0.002414581107087318,0.0010920196333276545,0.0,0.0,0.006323353289279119,0.0,0.0,0.0,0.0,0.00027498422837390755
2018-06-10 22:00:00,0.0,0.0,0.0,0.004681130121487331,0.0,0.0,0.0,0.0,0.0,0.0,0.0,8.296179150263883e-07,0.006392372609367093,0.002738494472117009,0.0006784277712408884,0.0,0.0,0.007322333444989587,0.0,0.0,0.0,0.0,0.0004289700496999976
2018-06-10 23:00:00,0.0,0.0,0.0,0.004829326473073182,0.0,0.0,0.0,0.0,0.0,0.0,0.0,8.558821599899757e-07,0.006897563628520581,0.002839159785871662,0.000735717779280261,0.0,0.0,0.007554145651332985,0.0,0.0,0.0,0.0,0.0004304033373059544
2018-06-11 00:00:00,0.0,0.0,0.0,0.004802637938757972,0.0,0.0,0.0,0.0,0.0,0.0,0.0,8.511522581032365e-07,0.0,0.0028157105855165787,0.0006617588292320013,0.0,0.0,0.007512398820473277,0.0,0.0,0.0,0.0,0.0006103605006908996
2018-06-11 01:00:00,0.0,0.0,0.0,0.004794936333662836,0.0,0.0,0.0010042725611248444,0.0,0.0,0.0,0.0,8.497873335240084e-07,0.0,0.0027712082079033393,0.0006201401624000157,0.0,0.0,0.0075003517892853686,0.0,0.0,0.0,0.0,0.001083327957261055
2018-06-11 02:00:00,0.0,0.0,0.0,0.004647350404091301,0.0,0.0,0.014590067771277065,0.0,0.0,0.0,0.0,8.236312712055642e-07,0.0,0.0026731121767907067,0.0005377271744855151,0.0,0.0,0.007269494419362874,0.0,0.0,0.0,0.0,0.0011859883719497473
2018-06-11 03:00:00,0.0,0.0,0.0,0.00433252293205175,0.0,0.0,0.01775266267277629,0.0,0.0,0.0,0.0,7.678356611353417e-07,0.016526476954816717,0.0024546289212532416,0.000744770904577381,0.0,0.0,0.006777033909167898,0.0,0.0006656568118775444,0.0,0.0,0.0009642886954763247
2018-06-11 04:00:00,0.0,0.0,0.0,0.003423598492400028,0.0,0.0,0.04110852986542243,0.0,0.0,0.0,0.0,6.067506284678876e-07,0.0663761864618101,0.0019398278530634253,0.00120553143941209,0.0,0.0,0.005355272998724417,0.0,0.0014089187438639063,0.0,0.0,0.0005617290745482695
2018-06-11 05:00:00,0.0,0.0,0.0,0.003078137566019914,0.0,0.0,0.05067057360826069,0.0,0.0,0.0,0.0,5.455259741582371e-07,0.08777251134385497,0.0018508408024229773,0.0010648407822846516,0.0,0.0,0.0048148949213112505,0.0,0.0023333419910985314,0.0,0.0,0.0003444857932314322
2018-06-11 06:00:00,0.0,0.0,0.0,0.0029863195139576268,0.0,0.0,0.05311154293329706,0.0,0.0,0.0,0.0,5.292534290811316e-07,0.08051456977541871,0.0017980213255285697,0.0008698252626809982,0.0,0.0,0.004671270972388448,0.0,0.00392923545848547,0.0,0.0,0.00022772505293023438
2018-06-11 07:00:00,0.0,0.0,0.0,0.002811533213517623,0.0,0.0,0.05130598573401702,0.0,0.0,0.0,0.0,4.982767541366334e-07,0.06353001387276452,0.0016895836705479632,0.0009556726210937539,0.0,0.0,0.004397866144874021,0.0,0.0059086187102296295,0.0,0.0,7.357971502533742e-05
2018-06-11 08:00:00,0.0,0.0,0.0,0.002695118566025873,0.0,0.0,0.051025164823693,0.0,0.0,0.0,0.0,4.776450531105677e-07,0.05350122214774352,0.0015847083585557617,0.0008801273265407823,0.0,0.0,0.0042157676249241684,0.0,0.00695559173523869,0.0,0.0,4.9154211861991096e-05
2018-06-11 09:00:00,0.0,0.0,0.0,0.0026370422224463747,0.0,0.0,0.06548443311150767,0.0,0.0,0.0,0.0,4.673524156870493e-07,0.05899465775670843,0.001515868610205572,0.0007849576062679102,0.0,0.0,0.004124923247195196,0.0,0.007519064377479767,0.0,0.0,4.7441176106574665e-05
2018-06-11 10:00:00,0.0,0.0,0.0,0.002706877182276124,0.0,0.0,0.0661236059697882,0.0,0.0,0.0,0.0,4.832306569308405e-07,0.036564252658609964,0.0015650206431645196,0.0007145724924457499,0.0,0.0,0.004265067010729192,0.0,0.008404129618636652,0.0,0.0,4.6291002360398106e-05
2018-06-11 11:00:00,0.0,0.0,0.0,0.0027619446303207666,0.0,0.0,0.06903531187403156,0.0,0.0,0.0,0.0,4.894883684406132e-07,0.027988780297516735,0.0015440657047068142,0.0006642379196670551,0.0,0.0,0.004320298520858343,0.0,0.008598782806286929,0.0,0.0,5.760390072766408e-05
2018-06-11 12:00:00,0.0,0.0,0.0,0.0027587062721401764,0.0,0.0,0.07029437307877494,0.0,0.0,0.0,0.0,4.88914447209593e-07,0.025245899459083225,0.0015481978261335007,0.000686217948585608,0.0,0.0,0.0043152330050967224,0.0,0.008290801398852018,0.0,0.0,5.2523416617139616e-05
2018-06-11 13:00:00,0.0,0.0,0.0,0.002816272397935463,0.0,0.0,0.06838524350708497,0.0,0.0,0.0,0.0,4.991166607817418e-07,0.02756806421268484,0.0015769943264637616,0.0008664368295748711,0.0,0.0,0.0044052792882099505,0.0,0.007498220945793992,0.0,0.0,6.534293569274845e-05
2018-06-11 14:00:00,0.0,0.0,0.0,0.002912756919259699,0.0,0.0,0.07103516891993318,0.0,0.0,0.0,0.0,5.199842271344455e-07,0.03045309676461322,0.0016888383367773911,0.0009631065817386784,0.0,0.0,0.004589459591277634,0.0,0.005992703646778816,0.0,0.0,0.00010264352053140368
2018-06-11 15:00:00,0.0,0.0,0.0,0.0029859534020463957,0.0,0.0,0.055404949050775976,0.0,0.0,0.0,0.0,5.369707290140744e-07,0.03986534215799023,0.0018224676070726828,0.0010581817736428772,0.0,0.0,0.00473938503113826,0.0,0.004493745438739524,0.0,0.0,0.0001220342376061013
2018-06-11 16:00:00,0.0,0.0,0.0,0.0030435324795717177,0.0,0.0,0.051842348201904885,0.0,0.0,0.0,0.0,5.473253042775531e-07,0.06799779645548011,0.0018735292635861692,0.0010774419698630327,0.0,0.0,0.004830776081629282,0.0,0.0031314524852998726,0.0,0.0,0.00013306215097037602
2018-06-11 17:00:00,0.0,0.0,0.0,0.003137686127339859,0.0,0.0,0.05353124922846223,0.0,0.0,0.0,0.0,5.642571669270989e-07,0.06834895846457192,0.00191272578118862,0.001056691807265779,0.0,0.0,0.004980219267364723,0.0,0.0017692918740004522,0.0,0.0,0.00022485870526837078
2018-06-11 18:00:00,0.0,0.0,0.0,0.003240080594554043,0.0,0.0,0.05252060578644405,0.0,0.0,0.0,0.0,5.742264875382958e-07,0.06519409670668816,0.001986252915971143,0.0007672894145453872,0.0,0.0,0.005068210001910118,0.0,0.0006365590139183625,0.0,0.0,0.0006871235400581882
2018-06-11 19:00:00,0.0,0.0,0.0,0.003351954626716467,0.0,0.0,0.04233200896399829,0.0,0.0,0.0,0.0,5.940534735223333e-07,0.04420248249296175,0.0020248181980330677,0.0007437584689597782,0.0,0.0,0.005243205984946044,0.0,8.893962859428148e-05,0.0,0.0,0.001530973597439543
2018-06-11 20:00:00,0.0,0.0,0.0,0.003563120994374439,0.0,0.0,0.003032737753448491,0.0,0.0,0.0,0.0,6.314776418563767e-07,0.024706888298823452,0.0021330248670464566,0.000974828797208022,0.0,0.0,0.005573517366221567,0.0,0.0,0.0,0.0,0.0020749416113839065
2018-06-11 21:00:00,0.0,0.0,0.0,0.003782100628901359,0.0,0.0,0.0,0.0,0.0,0.0,0.0,6.70286524137936e-07,0.010237157254057236,0.0022062709421806505,0.0005994054799542583,0.0,0.0,0.005916050442648548,0.0,0.0,0.0,0.0,0.002745501374896811
2018-06-11 22:00:00,0.0,0.0,0.0,0.0038542701641969064,0.0,0.0,0.0,0.0,0.0,0.0,0.0,6.830768414003181e-07,0.0,0.0022092304482122494,0.000464808938872708,0.0,0.0,0.006028939721153807,0.0,0.0,0.0,0.0,0.0032857564451045465
2018-06-11 23:00:00,0.0,0.0,0.0,0.00396589095779236,0.0,0.0,0.0,0.0,0.0,0.0,0.0,7.028589469288926e-07,0.0,0.002276749649605975,0.0004940774347913192,0.0,0.0,0.006203539582488272,0.0,0.0,0.0,0.0,0.0029210644350077973
2018-06-12 00:00:00,0.0,0.0,0.0,0.004154562940391702,0.0,0.0,0.0,0.0,0.0,0.0,0.0,7.362965256258564e-07,0.0,0.002407308359570709,0.0004556767248155879,0.0,0.0,0.0064986647194670965,0.0,0.0,0.0,0.0,0.002442015820933489
2018-06-12 01:00:00,0.0,0.0,0.0,0.0042662152302896895,0.0,0.0,0.0,0.0,0.0,0.0,0.0,7.560842131177948e-07,0.0,0.0024966195196510343,0.0005178491358250129,0.0,0.0,0.0066733138480561454,0.0,0.0,0.0,0.0,0.0019663753155996925
2018-06-12 02:00:00,0.0,0.0,0.0,0.004274932747913337,0.0,0.0,0.0,0.0,0.0,0.0,0.0,7.521786141319181e-07,0.0,0.002507493360551278,0.000501896469912863,0.0,0.0,0.006638842439520938,0.0,0.0,0.0,0.0,0.0018306412381744578
2018-06-12 03:00:00,0.0,0.0,0.0,0.004011741646228274,0.0,0.0,0.010395696671136902,0.0,0.0,0.0,0.0,7.109848805294398e-07,0.0,0.0023157872764003945,0.0004721784635146804,0.0,0.0,0.00627526030391599,0.0,0.000623940755365175,0.0,0.0,0.001935659399839948
2018-06-12 04:00:00,0.0,0.0,0.0,0.003509073405452919,0.0,0.0,0.018577181176876623,0.0,0.0,0.0,0.0,6.218990044612196e-07,0.0273698128644512,0.002073403846389497,0.0007509730693847094,0.0,0.0,0.005488974860948214,0.0,0.0014219926637579125,0.0,0.0,0.001761071525883152
2018-06-12 05:00:00,0.0,0.0,0.0,0.0030618641463956986,0.0,0.0,0.03329251892567587,0.0,0.0,0.0,0.0,5.426419012722858e-07,0.05892562504067201,0.0019107332552780213,0.0008606090965186865,0.0,0.0,0.004789439656944258,0.0,0.0022085615388345446,0.0,0.0,0.0014799420060962324
2018-06-12 06:00:00,0.0,0.0,0.0,0.0027978231525180833,0.0,0.0,0.03611309372627334,0.0,0.0,0.0,0.0,4.958469750178875e-07,0.06330306063546168,0.0017580570232234775,0.0008732093820443727,0.0,0.0,0.004376420546143712,0.0,0.0034052901237059596,0.0,0.0,0.002012288236249037
2018-06-12 07:00:00,0.0,0.0,0.0,0.002688483145240084,0.0,0.0,0.035839936215216465,0.0,0.0,0.0,0.0,4.764690840999305e-07,0.056300918529997655,0.0017282770489007299,0.0008142254901417001,0.0,0.0,0.00420538834422049,0.0,0.005126584835300198,0.0,0.0,0.0020498077481262747
2018-06-12 08:00:00,0.0,0.0,0.0,0.002740387294091631,0.0,0.0,0.03670283163715655,0.0,0.0,0.0,0.0,4.856678482090039e-07,0.043330870627212706,0.0016704831800797451,0.0008363589915102324,0.0,0.0,0.004286578030301817,0.0,0.0062927170848214075,0.0,0.0,0.001990543720601028
2018-06-12 09:00:00,0.0,0.0,0.0,0.002746719562009002,0.0,0.0,0.03544735207643743,0.0,0.0,0.0,0.0,4.867900906527428e-07,0.05138713133081616,0.0016224452173460176,0.0008275980829964115,0.0,0.0,0.004296483112183896,0.0,0.006922999228189516,0.0,0.0,0.0016027546713785752
2018-06-12 10:00:00,0.0,0.0,0.0,0.002816273167367946,0.0,0.0,0.049735873292518634,0.0,0.0,0.0,0.0,4.991167971451745e-07,0.04077327681599362,0.0016246603581097083,0.0007963441438890055,0.0,0.0,0.004405280491774273,0.0,0.007785472625131166,0.0,0.0,0.0010602288560492119
2018-06-12 11:00:00,0.0,0.0,0.0,0.002816547696976019,0.0,0.0,0.06001394506697218,0.0,0.0,0.0,0.0,4.99165450926452e-07,0.03238337614089927,0.0016097375756779155,0.0008543161101760805,0.0,0.0,0.0044057099174212135,0.0,0.00756205769762185,0.0,0.0,0.0006130495828053943
2018-06-12 12:00:00,0.0,0.0,0.0,0.002812079099770128,0.0,0.0,0.06076459713170476,0.0,0.0,0.0,0.0,4.983734993675695e-07,0.03463407971948487,0.0016140631876921945,0.0008531561448392545,0.0,0.0,0.004398720032943811,0.0,0.006971750578161276,0.0,0.0,0.0005063968013617024
2018-06-12 13:00:00,0.0,0.0,0.0,0.0029132974359749385,0.0,0.0,0.05756406051160901,0.0,0.0,0.0,0.0,5.163120190979277e-07,0.027807419106348805,0.0017067202741791738,0.0007753057943719459,0.0,0.0,0.004557048126631409,0.0,0.006233029302136517,0.0,0.0,0.00048137985560835455
2018-06-12 14:00:00,0.0,0.0,0.0,0.0030737649006156494,0.0,0.0,0.059810167287698786,0.0,0.0,0.0,0.0,5.447510242077661e-07,0.02907674098217904,0.0018169973814855407,0.0008088217022604501,0.0,0.0,0.00480805509560625,0.0,0.0051100675530001425,0.0,0.0,0.0005333602143230196
2018-06-12 15:00:00,0.0,0.0,0.0,0.003094483970255036,0.0,0.0,0.052484122428707806,0.0,0.0,0.0,0.0,5.484229818140319e-07,0.034845930329551994,0.0018949510489310966,0.0009183256959910835,0.0,0.0,0.004840464349917119,0.0,0.0036971444108844145,0.0,0.0,0.0005857814373799058
2018-06-12 16:00:00,0.0,0.0,0.0,0.0030987857442614283,0.0,0.0,0.051963292998509165,0.0,0.0,0.0,0.0,5.49185367966409e-07,0.04521425387707218,0.0019791644961476905,0.0009331026654834164,0.0,0.0,0.004847193285636125,0.0,0.002476465228943993,0.0,0.0,0.00044076314391770614
2018-06-12 17:00:00,0.0,0.0,0.0,0.003184156466119889,0.0,0.0,0.043838277940085685,0.0,0.0,0.0,0.0,5.643152785722717e-07,0.05635418050349475,0.002017865381292911,0.0010798227383697894,0.0,0.0,0.004980732169551725,0.0,0.0013642483598245937,0.0,0.0,0.0005663208377657181
2018-06-12 18:00:00,0.0,0.0,0.0,0.0031983415317983917,0.0,0.0,0.029317709314036704,0.0,0.0,0.0,0.0,5.668292408649868e-07,0.06429298161815508,0.002008991001179214,0.0009711595940110694,0.0,0.0,0.005002920781733278,0.0,0.0005196772686262108,0.0,0.0,0.0012969856760291568
2018-06-12 19:00:00,0.0,0.0,0.0,0.0035492870915322878,0.0,0.0,0.013246369245299606,0.0,0.0,0.0,0.0,6.290259147446047e-07,0.04679854022991101,0.002223752799398492,0.0008984995022219767,0.0,0.0,0.005551878051178636,0.0,9.87695187901485e-05,0.0,0.0,0.0008176090717712881
2018-06-12 20:00:00,0.0,0.0,0.0,0.0035191357921912263,0.0,0.0,0.0025091517028924424,0.0,0.0,0.0,0.0,6.236823209017742e-07,0.05542374031715603,0.002188022213076262,0.0008089076380396484,0.0,0.0,0.005504714682110655,0.0,0.0,0.0,0.0,0.0015107563996926544
2018-06-12 21:00:00,0.0,0.0,0.0,0.003810843340799245,0.0,0.0,0.0,0.0,0.0,0.0,0.0,6.753804796781748e-07,0.002223623218878637,0.002335382903806776,0.0006130568125561714,0.0,0.0,0.005961010466225659,0.0,0.0,0.0,0.0,0.002099718707557457
2018-06-12 22:00:00,0.0,0.0,0.0,0.00427824731729532,0.0,0.0,0.0,0.0,0.0,0.0,0.0,7.31705541299168e-07,0.0,0.0026037737921196223,0.0006773875392448267,0.0,0.0,0.006458143996045081,0.0,0.0,0.0,0.0,0.0002451727394418228
2018-06-12 23:00:00,0.0,0.0,0.0,0.0044216228077455155,0.0,0.0,0.0,0.0,0.0,0.0,0.0,7.509753716042585e-07,0.0,0.0026797130658577496,0.000753457026709334,0.0,0.0,0.0066282224386227705,0.0,0.0,0.0,0.0,0.00011032852256702277
2018-06-13 00:00:00,0.0,0.0,0.0,0.004364143657247128,0.0,0.0,0.0,0.0,0.0,0.0,0.0,7.41213022285495e-07,0.0,0.002672227020718692,0.0005584494989586398,0.0,0.0,0.006542058464070485,0.0,0.0,0.0,0.0,0.00011441337386652413
2018-06-13 01:00:00,0.0,0.0,0.0,0.00449050926043808,0.0,0.0,0.0,0.0,0.0,0.0,0.0,7.522275502041296e-07,0.0,0.0027047529183800005,0.0006782879073955122,0.0,0.0,0.006639274356710441,0.0,0.0,0.0,0.0,0.00013282684819336172
2018-06-13 02:00:00,0.0,0.0,0.0,0.004455439766562166,0.0,0.0,0.0,0.0,0.0,0.0,0.0,7.463528847853114e-07,0.0,0.0027014487865620112,0.0005885740744718019,0.0,0.0,0.006587423669429938,0.0,0.0,0.0,0.0,0.00021915458083514286
2018-06-13 03:00:00,0.0,0.0,0.0,0.004324494553277558,0.0,0.0,0.0,0.0,0.0,0.0,0.0,7.244176005475437e-07,0.0,0.002606896138990784,0.0006723456819630532,0.0,0.0,0.006393819526498128,0.0,0.00037343437365847505,0.0,0.0,0.0003673198876269518
2018-06-13 04:00:00,0.0,0.0,0.0,0.0037634398445827713,0.0,0.0,0.012316948416137893,0.0,0.0,0.0,0.0,6.304325345840457e-07,0.026654889973836023,0.0022841698940007657,0.0009999240639873288,0.0,0.0,0.005564293091052019,0.0,0.0008089132167509164,0.0,0.0,0.00039551424692830384
2018-06-13 05:00:00,0.0,0.0,0.0,0.00324158233016361,0.0,0.0,0.029594656581119257,0.0,0.0,0.0,0.0,5.430135856720363e-07,0.07280423017182514,0.0020402249906622963,0.001139957360142831,0.0,0.0,0.004792720199784498,0.0,0.0012707474064324925,0.0,0.0,0.0001624009964343137
2018-06-13 06:00:00,0.0,0.0,0.0,0.0032059519644246936,0.0,0.0,0.03157850304447416,0.0,0.0,0.0,0.0,5.370449658166465e-07,0.07812132315597357,0.002028103524904844,0.0011564293962175514,0.0,0.0,0.004740040256408205,0.0,0.0020890810294807026,0.0,0.0,7.97247066077253e-05
2018-06-13 07:00:00,0.0,0.0,0.0,0.0031700255876546683,0.0,0.0,0.030697207491343453,0.0,0.0,0.0,0.0,5.310267596805368e-07,0.06847280683381009,0.002015196309495732,0.0010800058549019743,0.0,0.0,0.004686922657003571,0.0,0.003194505523876809,0.0,0.0,6.120678773115957e-05
2018-06-13 08:00:00,0.0,0.0,0.0,0.0030653921844653155,0.0,0.0,0.02960651221882449,0.0,0.0,0.0,0.0,5.13499097674787e-07,0.06523365571308501,0.0019497950157803248,0.001102706138718004,0.0,0.0,0.0045322208558580485,0.0,0.0038180571958020527,0.0,0.0,6.090687420470517e-05
2018-06-13 09:00:00,0.0,0.0,0.0,0.0029969112956993336,0.0,0.0,0.029027152797283125,0.0,0.0,0.0,0.0,5.020275232486805e-07,0.05771250011682311,0.001921709276870812,0.0011502800891190369,0.0,0.0,0.004430971001478645,0.0,0.004139813073076594,0.0,0.0,6.033172890985228e-05
2018-06-13 10:00:00,0.0,0.0,0.0,0.002993169044652541,0.0,0.0,0.0291295895962151,0.0,0.0,0.0,0.0,5.01400640155046e-07,0.057379264755257106,0.0019210072859992715,0.000995362921996932,0.0,0.0,0.004425438036291324,0.0,0.004462044425814651,0.0,0.0,0.00013666483849869777
2018-06-13 11:00:00,0.0,0.0,0.0,0.003066287933317473,0.0,0.0,0.029976797078739945,0.0,0.0,0.0,0.0,5.136491490221015e-07,0.0461605198329126,0.001996474961093214,0.0008583512194204904,0.0,0.0,0.004533545231789433,0.0,0.004672383924937108,0.0,0.0,0.000275893710574353
2018-06-13 12:00:00,0.0,0.0,0.0,0.0031178854574853278,0.0,0.0,0.00465557735917903,0.0,0.0,0.0,0.0,5.222925070357084e-07,0.05818395100381442,0.002022089694739777,0.0008539458418626231,0.0,0.0,0.0046098328195014705,0.0,0.004614440202095635,0.0,0.0,0.0004984544699130301
2018-06-13 13:00:00,0.0,0.0,0.0,0.0029684195534684633,0.0,0.0,0.0,0.0,0.0,0.0,0.0,4.972547297376647e-07,0.05405566250958474,0.00192213234863988,0.0010240639606693069,0.0,0.0,0.00438884560264293,0.0,0.003952712005367971,0.0,0.0,0.0011234093309068207
2018-06-13 14:00:00,0.0,0.0,0.0,0.00295835327835286,0.0,0.0,0.0,0.0,0.0,0.0,0.0,5.007127873642486e-07,0.0339846757287922,0.001968537333129071,0.0009815577214381602,0.0,0.0,0.004419366943317005,0.0,0.0030669202217446278,0.0,0.0,0.0020950152628547445
2018-06-13 15:00:00,0.0,0.0,0.0,0.002874206972615059,0.0,0.0,0.0,0.0,0.0,0.0,0.0,4.881598325271201e-07,0.05717377284787688,0.0018996058221867665,0.0008992470070001481,0.0,0.0,0.004308572661548843,0.0,0.002119457352510425,0.0,0.0,0.002960732684068305
2018-06-13 16:00:00,0.0,0.0,0.0,0.002867685275866193,0.0,0.0,0.0,0.0,0.0,0.0,0.0,4.870521772945455e-07,0.05829339714450586,0.001957750264842654,0.0009596824012613695,0.0,0.0,0.004298796328603163,0.0,0.0014092978323916679,0.0,0.0,0.0029576770773448837
2018-06-13 17:00:00,0.0,0.0,0.0,0.0027926691435879534,0.0,0.0,0.0,0.0,0.0,0.0,0.0,4.743113194096801e-07,0.069620414584537,0.0019051784145912116,0.0008624487723068413,0.0,0.0,0.004186343586059335,0.0,0.0008042362914205328,0.0,0.0,0.003052571221232493
2018-06-13 18:00:00,0.0,0.0,0.0,0.00275863378572878,0.0,0.0,0.0,0.0,0.0,0.0,0.0,4.685307007030816e-07,0.06247723384516339,0.0019143786559572384,0.0009042572775628993,0.0,0.0,0.004135322969313478,0.0,0.0003392396421738678,0.0,0.0,0.003450340972892964
2018-06-13 19:00:00,0.0,0.0,0.0,0.002769960960531635,0.0,0.0,0.0,0.0,0.0,0.0,0.0,4.7045452588597564e-07,0.062391618758920867,0.0019519737736685937,0.0009097541988971855,0.0,0.0,0.0041523029419296325,0.0,6.336956764054196e-05,0.0,0.0,0.003446201014101874
2018-06-13 20:00:00,0.0,0.0,0.0,0.0029393935568062077,0.0,0.0,0.0,0.0,0.0,0.0,0.0,4.9750378082242e-07,0.047579704036402826,0.0020876578123671216,0.000772628503401262,0.0,0.0,0.004391043765260183,0.0,0.0,0.0,0.0,0.003780436190745482
2018-06-13 21:00:00,0.0,0.0,0.0,0.003405577430814302,0.0,0.0,0.0,0.0,0.0,0.0,0.0,5.70485220992952e-07,0.004233106926471896,0.002437343825023195,0.0005793078405656631,0.0,0.0,0.005035189016399312,0.0,0.0,0.0,0.0,0.004167000931829235
2018-06-13 22:00:00,0.0,0.0,0.0,0.003273787083335913,0.0,0.0,0.0,0.0,0.0,0.0,0.0,5.719115797263361e-07,0.006064824385069942,0.002458929169130962,0.0005533112918937011,0.0,0.0,0.005047778274742026,0.0,0.0,0.0,0.0,0.004285023128336374
2018-06-13 23:00:00,0.0,0.0,0.0,0.003393792311754223,0.0,0.0,0.0,0.0,0.0,0.0,0.0,5.928757957895873e-07,0.0,0.002517512200458432,0.0004769223307371815,0.0,0.0,0.00523281162280208,0.0,0.0,0.0,0.0,0.004445649142838761
2018-06-14 00:00:00,0.0,0.0,0.0,0.0033117173403104266,0.0,0.0,0.0,0.0,0.0,0.0,0.0,5.785377752098906e-07,0.0,0.0024559761977153067,0.0004640268509748364,0.0,0.0,0.005106262080266799,0.0,0.0,0.0,0.0,0.004695598064597851
2018-06-14 01:00:00,0.0,0.0,0.0,0.0032770244053142304,0.0,0.0,0.0,0.0,0.0,0.0,0.0,5.724771210641116e-07,0.0,0.002408180246620384,0.0005055015346841745,0.0,0.0,0.005052769828295913,0.0,0.0,0.0,0.0,0.004861190387424272
2018-06-14 02:00:00,0.0,0.0,0.0,0.0033160056102410603,0.0,0.0,0.0,0.0,0.0,0.0,0.0,5.792869110479557e-07,0.0,0.0024232472886203914,0.0004144836615451931,0.0,0.0,0.005112874066703627,0.0,0.0,0.0,0.0,0.00504327170277046
2018-06-14 03:00:00,0.0,0.0,0.0,0.003326782662932347,0.0,0.0,0.0,0.0,0.0,0.0,0.0,5.811695995284745e-07,0.0,0.0023913131079049024,0.0004184144534844555,0.0,0.0,0.00512949096055043,0.0,0.00038875341401778293,0.0,0.0,0.005025728225804088
2018-06-14 04:00:00,0.0,0.0,0.0,0.003186399117642759,0.0,0.0,0.0,0.0,0.0,0.0,0.0,5.566454099246898e-07,0.00035559846525539654,0.0022739733565630927,0.0004881010784500734,0.0,0.0,0.004913036746514627,0.0,0.0008985784908121472,0.0,0.0,0.0047713900127947136
2018-06-14 05:00:00,0.0,0.0,0.0,0.002738873296900091,0.0,0.0,0.0,0.0,0.0,0.0,0.0,4.784652495800951e-07,0.05251625086028085,0.002013416489809178,0.0006174348834358812,0.0,0.0,0.0042230068032633825,0.0,0.0013760846771553646,0.0,0.0,0.004019053227586911
2018-06-14 06:00:00,0.0,0.0,0.0,0.002609105219666513,0.0,0.0,0.0,0.0,0.0,0.0,0.0,4.5579552056000233e-07,0.06008021397030997,0.0018932885662626797,0.000851309546142633,0.0,0.0,0.0040229203393791066,0.0,0.0022944953375823394,0.0,0.0,0.003537341788653608
2018-06-14 07:00:00,0.0,0.0,0.0,0.0026264598665303746,0.0,0.0,0.0,0.0,0.0,0.0,0.0,4.5882727652056115e-07,0.03331532058242389,0.0019360367066631333,0.0006400293008880998,0.0,0.0,0.004049679076943664,0.0,0.003650883737700944,0.0,0.0,0.0034418233195834284
2018-06-14 08:00:00,0.0,0.0,0.0,0.0026447017285843063,0.0,0.0,0.0,0.0,0.0,0.0,0.0,4.620140238192837e-07,0.012373414275355306,0.001966289833330911,0.000613060327973073,0.0,0.0,0.004077805791547487,0.0,0.004386153782502409,0.0,0.0,0.0032476502837152223
2018-06-14 09:00:00,0.0,0.0,0.0,0.0026219278239252284,0.0,0.0,0.0,0.0,0.0,0.0,0.0,4.580355550128035e-07,0.00623922043627957,0.001942438625407508,0.0006950434227214953,0.0,0.0,0.004042691222932354,0.0,0.004748458672574599,0.0,0.0,0.0028873321381686513
2018-06-14 10:00:00,0.0,0.0,0.0,0.002706342976988227,0.0,0.0,0.0,0.0,0.0,0.0,0.0,4.727823917227539e-07,0.0005343514875240359,0.0020482395659774002,0.0004038699541655869,0.0,0.0,0.0041728490385885345,0.0,0.0054176615471701085,0.0,0.0,0.0026939696525230743
2018-06-14 11:00:00,0.0,0.0,0.0,0.002727681170284964,0.0,0.0,0.0,0.0,0.0,0.0,0.0,4.7651005009704493e-07,0.0,0.002078247781235495,0.0003690467543393343,0.0,0.0,0.004205749916319339,0.0,0.005557181931392244,0.0,0.0,0.0024483355525334654
2018-06-14 12:00:00,0.0,0.0,0.0,0.002701848038692956,0.0,0.0,0.0,0.0,0.0,0.0,0.0,4.719971521223212e-07,0.0,0.0020672524502098905,0.0004104818054504543,0.0,0.0,0.004165918394873596,0.0,0.005306148305491422,0.0,0.0,0.0024367211527935593
2018-06-14 13:00:00,0.0,0.0,0.0,0.002731623182230602,0.0,0.0,0.0,0.0,0.0,0.0,0.0,4.771986966772107e-07,0.0,0.0020989831773465368,0.0004796492155353184,0.0,0.0,0.004211828015398917,0.0,0.004742582237289095,0.0,0.0,0.0024016763163595047
2018-06-14 14:00:00,0.0,0.0,0.0,0.002815346941850304,0.0,0.0,0.0,0.0,0.0,0.0,0.0,4.91824750970253e-07,0.0003915284355665187,0.002165109879297215,0.0005510074033180483,0.0,0.0,0.004340919787139131,0.0,0.0038580224390034772,0.0,0.0,0.002397622128767107
2018-06-14 15:00:00,0.0,0.0,0.0,0.002941800619174197,0.0,0.0,0.0,0.0,0.0,0.0,0.0,5.066772274790112e-07,0.0007419686091632411,0.002236387869060132,0.0005314072684189292,0.0,0.0,0.004472009995669094,0.0,0.0029203623074976243,0.0,0.0,0.0025426835128990375
2018-06-14 16:00:00,0.0,0.0,0.0,0.002930107845648167,0.0,0.0,0.0,0.0,0.0,0.0,0.0,5.100512025589807e-07,0.027750941835200844,0.0022557081931453287,0.000658128219391634,0.0,0.0,0.004501789211044205,0.0,0.0020678898449591958,0.0,0.0,0.002386088267525222
2018-06-14 17:00:00,0.0,0.0,0.0,0.002958850290296955,0.0,0.0,0.0,0.0,0.0,0.0,0.0,5.168939520566335e-07,0.05532699566495245,0.002214214074279122,0.0007693532750878964,0.0,0.0,0.004562184355115745,0.0,0.0012512541718960992,0.0,0.0,0.002486859216406581
2018-06-14 18:00:00,0.0,0.0,0.0,0.00305020706761273,0.0,0.0,0.0,0.0,0.0,0.0,0.0,5.328534501862836e-07,0.049001830791692444,0.0023031196150990487,0.0006463029115281615,0.0,0.0,0.004703045304238654,0.0,0.0005444895344284651,0.0,0.0,0.0029362224216195115
2018-06-14 19:00:00,0.0,0.0,0.0,0.003160593569599534,0.0,0.0,0.0,0.0,0.0,0.0,0.0,5.462842847278537e-07,0.025824485181473063,0.002363494777264513,0.0006257349530020488,0.0,0.0,0.004821587885319165,0.0,0.00010300036216369602,0.0,0.0,0.0034875678233380796
2018-06-14 20:00:00,0.0,0.0,0.0,0.003196434515490741,0.0,0.0,0.0,0.0,0.0,0.0,0.0,5.505337675065478e-07,0.014641300460310012,0.002345554953678397,0.0006587492100751881,0.0,0.0,0.004859094464324692,0.0,0.0,0.0,0.0,0.0038730418005980816
2018-06-14 21:00:00,0.0,0.0,0.0,0.0033456704408420064,0.0,0.0,0.0,0.0,0.0,0.0,0.0,5.762372242277139e-07,0.005838857682044214,0.0024575661941748004,0.0004614281766844489,0.0,0.0,0.00508595706865412,0.0,0.0,0.0,0.0,0.004324571548375111
2018-06-14 22:00:00,0.0,0.0,0.0,0.0036975177851737272,0.0,0.0,0.0,0.0,0.0,0.0,0.0,6.110194726337014e-07,0.0019156388841497568,0.0025182729375179025,0.00036720000505910275,0.0,0.0,0.005392950464266843,0.0,0.0,0.0,0.0,0.004524898205406581
2018-06-14 23:00:00,0.0,0.0,0.0,0.0037631168642064386,0.0,0.0,0.0,0.0,0.0,0.0,0.0,6.218598030944624e-07,0.0,0.0026025241769302857,0.00042299033553952833,0.0,0.0,0.005488628863744324,0.0,0.0,0.0,0.0,0.004159647346558272
2018-06-15 00:00:00,0.0,0.0,0.0,0.003849790444947828,0.0,0.0,0.0,0.0,0.0,0.0,0.0,6.361827215150942e-07,0.0,0.0026730712161979874,0.0003469681955931028,0.0,0.0,0.0056150451123349945,0.0,0.0,0.0,0.0,0.004052488256750372
2018-06-15 01:00:00,0.0,0.0,0.0,0.0037958497526526204,0.0,0.0,0.0,0.0,0.0,0.0,0.0,6.272689541515204e-07,0.0,0.0026311522416845976,0.0003899245384455865,0.0,0.0,0.005536370850720145,0.0,0.0,0.0,0.0,0.004123021635055728
2018-06-15 02:00:00,0.0,0.0,0.0,0.00382346196554993,0.0,0.0,0.0,0.0,0.0,0.0,0.0,6.33973710197398e-07,0.0,0.002661422638267246,0.00032296674425123383,0.0,0.0,0.00559554804367368,0.0,0.0,0.0,0.0,0.0041749634587587665
2018-06-15 03:00:00,0.0,0.0,0.0,0.0038148473153018256,0.0,0.0,0.0,0.0,0.0,0.0,0.0,6.368630180656698e-07,0.0015397458189559004,0.0026426995603521606,0.00038839369251212404,0.0,0.0,0.0056210495127879834,0.0,0.0005739933680533657,0.0,0.0,0.0038680292630522794
2018-06-15 04:00:00,0.0,0.0,0.0,0.0032220720664192007,0.0,0.0,0.0,0.0,0.0,0.0,0.0,5.360735874124673e-07,0.05177418370480964,0.0021769497605548084,0.000700607544994185,0.0,0.0,0.004731466723402427,0.0,0.0012300786681222588,0.0,0.0,0.0031590730997763006
2018-06-15 05:00:00,0.0,0.0,0.0,0.0027690475173609936,0.0,0.0,0.0,0.0,0.0,0.0,0.0,4.6227379848208857e-07,0.07947517186713038,0.0019583653224628356,0.0007295215615635439,0.0,0.0,0.004080098602089743,0.0,0.0019040724056569149,0.0,0.0,0.002609770440429313
2018-06-15 06:00:00,0.0,0.0,0.0,0.002736662635019918,0.0,0.0,0.0,0.0,0.0,0.0,0.0,4.537699550602496e-07,0.08246838683144786,0.0019077241037414904,0.0009278645045721789,0.0,0.0,0.004005042391307812,0.0,0.003225402721514602,0.0,0.0,0.002274398998841593
2018-06-15 07:00:00,0.0,0.0,0.0,0.0028529849838948382,0.0,0.0,0.0,0.0,0.0,0.0,0.0,4.71459363165548e-07,0.08066051935382418,0.0019817659377996118,0.0007026524067676324,0.0,0.0,0.004161171788040255,0.0,0.0054033006022194355,0.0,0.0,0.002221397340079699
2018-06-15 08:00:00,0.0,0.0,0.0,0.002834900170773066,0.0,0.0,0.0,0.0,0.0,0.0,0.0,4.6847082501147797e-07,0.07018582117968535,0.0019475255467686938,0.0006771262043085076,0.0,0.0,0.004134794497385341,0.0,0.006515686628226691,0.0,0.0,0.0020558344558158463
2018-06-15 09:00:00,0.0,0.0,0.0,0.0028360528585894703,0.0,0.0,0.0,0.0,0.0,0.0,0.0,4.6866130812545113e-07,0.02507524155847966,0.0019551531723769598,0.0007222592787288573,0.0,0.0,0.00413647573021661,0.0,0.007068410155341211,0.0,0.0,0.002044005873767683
2018-06-15 10:00:00,0.0,0.0,0.0,0.0028230051847547505,0.0,0.0,0.0,0.0,0.0,0.0,0.0,4.665051635850369e-07,0.021525831718526626,0.0018939521492141555,0.0006664161334878207,0.0,0.0,0.00411744527174344,0.0,0.007449265908355337,0.0,0.0,0.0021159890469365557
2018-06-15 11:00:00,0.0,0.0,0.0,0.002903287969022352,0.0,0.0,0.0,0.0,0.0,0.0,0.0,4.79771994836384e-07,0.011627754822051039,0.0019473140988721075,0.0005108423849369076,0.0,0.0,0.004234540334930067,0.0,0.0074333606799576,0.0,0.0,0.0022987964176788772
2018-06-15 12:00:00,0.0,0.0,0.0,0.0029831095992664497,0.0,0.0,0.0,0.0,0.0,0.0,0.0,4.946336795324732e-07,0.001084067741339324,0.0020161808303155123,0.00044310359799219594,0.0,0.0,0.0043657118163168964,0.0,0.007171159503241567,0.0,0.0,0.0022106054514635333
2018-06-15 13:00:00,0.0,0.0,0.0,0.0029229418688296155,0.0,0.0,0.0,0.0,0.0,0.0,0.0,4.896365364948121e-07,0.009585858936029751,0.0019775329285229765,0.0006605334703148026,0.0,0.0,0.00432160627455928,0.0,0.006182667278122742,0.0,0.0,0.002064687960077675
2018-06-15 14:00:00,0.0,0.0,0.0,0.0030548700510612922,0.0,0.0,0.0,0.0,0.0,0.0,0.0,5.117364827519849e-07,0.011889449042034874,0.0020774079339255873,0.0007308965881569803,0.0,0.0,0.004516663749428566,0.0,0.00515257754763248,0.0,0.0,0.001851615261325033
2018-06-15 15:00:00,0.0,0.0,0.0,0.0031369711755382685,0.0,0.0,0.0,0.0,0.0,0.0,0.0,5.201456880851293e-07,0.04263939167725312,0.002136788855497813,0.0008545166721169894,0.0,0.0,0.004590884670097462,0.0,0.003948722524427529,0.0,0.0,0.0017050664549815586
2018-06-15 16:00:00,0.0,0.0,0.0,0.0031662706061329794,0.0,0.0,0.0,0.0,0.0,0.0,0.0,5.23230206960063e-07,0.06599163802168069,0.002182257565710809,0.0010290515105477167,0.0,0.0,0.004618109101140408,0.0,0.0028058952900682716,0.0,0.0,0.0013067070198777464
2018-06-15 17:00:00,0.0,0.0,0.0,0.0031617318204879715,0.0,0.0,0.0,0.0,0.0,0.0,0.0,5.224801669136486e-07,0.07816961263219617,0.002142477963972698,0.00109814919815686,0.0,0.0,0.0046114891340236575,0.0,0.0015947631383561327,0.0,0.0,0.001148694138859779
2018-06-15 18:00:00,0.0,0.0,0.0,0.0031955879226729035,0.0,0.0,0.0,0.0,0.0,0.0,0.0,5.28074930456212e-07,0.08617398378104796,0.0021682162608987515,0.0009308619799308712,0.0,0.0,0.004660869364925754,0.0,0.0006300752371043313,0.0,0.0,0.0013374117122338747
2018-06-15 19:00:00,0.0,0.0,0.0,0.003359972986937003,0.0,0.0,0.0,0.0,0.0,0.0,0.0,5.552397694404247e-07,0.07222248042759011,0.0022715091923565965,0.0009216815036113968,0.0,0.0,0.004900630350578447,0.0,0.0001156546701316388,0.0,0.0,0.001534608922122044
2018-06-15 20:00:00,0.0,0.0,0.0,0.0034660181576532693,0.0,0.0,0.0,0.0,0.0,0.0,0.0,5.727638675113579e-07,0.057164107820728643,0.002317741069563011,0.000997354607789043,0.0,0.0,0.00505530069589517,0.0,0.0,0.0,0.0,0.0016843282496697217
2018-06-15 21:00:00,0.0,0.0,0.0,0.004030908030787072,0.0,0.0,0.0,0.0,0.0,0.0,0.0,6.661126307714965e-07,0.029230552284886434,0.0026411245425965774,0.0007261478876475764,0.0,0.0,0.005879211027251006,0.0,0.0,0.0,0.0,0.0019665578857296054
2018-06-15 22:00:00,0.0,0.0,0.0,0.004302848393072243,0.0,0.0,0.0,0.0,0.0,0.0,0.0,7.207915445440466e-07,0.015386413059801927,0.0028023565354147496,0.0005916959382021933,0.0,0.0,0.006361815406689593,0.0,0.0,0.0,0.0,0.002118147598258902
2018-06-15 23:00:00,0.0,0.0,0.0,0.004411459823472163,0.0,0.0,0.0,0.0,0.0,0.0,0.0,7.389855856818058e-07,0.005403520467123154,0.002834277748575588,0.0005017898604825952,0.0,0.0,0.006522398771042679,0.0,0.0,0.0,0.0,0.0025608957481578357
2018-06-16 00:00:00,0.0,0.0,0.0,0.004458867480879876,0.0,0.0,0.0,0.0,0.0,0.0,0.0,7.469270782663775e-07,0.002371093092039204,0.002838473307764875,0.0003732815307814266,0.0,0.0,0.006592491588111723,0.0,0.0,0.0,0.0,0.002992978176896172
2018-06-16 01:00:00,0.0,0.0,0.0,0.004461984066245825,0.0,0.0,0.0,0.0,0.0,0.0,0.0,7.474491529886108e-07,0.0,0.002838899632863313,0.0003587844494095182,0.0,0.0,0.0065970994987295545,0.0,0.0,0.0,0.0,0.003058072615066044
2018-06-16 02:00:00,0.0,0.0,0.0,0.004478987975153607,0.0,0.0,0.0,0.0,0.0,0.0,0.0,7.502975623782283e-07,0.0,0.0028454189622907056,0.00037516214808234485,0.0,0.0,0.006622239991673171,0.0,0.0,0.0,0.0,0.0027671801283741474
2018-06-16 03:00:00,0.0,0.0,0.0,0.004485420589011322,0.0,0.0,0.0,0.0,0.0,0.0,0.0,7.513751215330948e-07,0.0,0.00279431866398989,0.00034200184095561437,0.0,0.0,0.006631750692075998,0.0,0.0006271568645070317,0.0,0.0,0.002658630128627958
2018-06-16 04:00:00,0.0,0.0,0.0,0.004422010475726666,0.0,0.0,0.0,0.0,0.0,0.0,0.0,7.407529779391565e-07,0.0,0.002792308598386387,0.0003678713399556113,0.0,0.0,0.006537998042950884,0.0,0.0016462101093785394,0.0,0.0,0.0021365816980719065
2018-06-16 05:00:00,0.0,0.0,0.0,0.004036076857021547,0.0,0.0,0.0,0.0,0.0,0.0,0.0,6.761033171317218e-07,0.0017808024208845932,0.002756692581715746,0.0004914477618063767,0.0,0.0,0.005967390339135261,0.0,0.0028145863333563018,0.0,0.0,0.0014953334010552144
2018-06-16 06:00:00,0.0,0.0,0.0,0.0036133780592793076,0.0,0.0,0.0,0.0,0.0,0.0,0.0,6.052949382466828e-07,0.02087460622816615,0.0024310409155891295,0.000709553158739661,0.0,0.0,0.0053424248562250675,0.0,0.004430797778019997,0.0,0.0,0.0010364384594714095
2018-06-16 07:00:00,0.0,0.0,0.0,0.0033442547747994425,0.0,0.0,0.0,0.0,0.0,0.0,0.0,5.602127577530993e-07,0.03365148532481822,0.0021721104953405295,0.0009393128320336161,0.0,0.0,0.004944522699072732,0.0,0.006489116858404863,0.0,0.0,0.0009485045485204627
2018-06-16 08:00:00,0.0,0.0,0.0,0.00310171892353415,0.0,0.0,0.0,0.0,0.0,0.0,0.0,5.195843704917031e-07,0.0610023364493139,0.0019660445534258743,0.0006254529416000749,0.0,0.0,0.004585930395951302,0.0,0.0074012294723834054,0.0,0.0,0.0007848364139889987
2018-06-16 09:00:00,0.0,0.0,0.0,0.0031994405089454414,0.0,0.0,0.0,0.0,0.0,0.0,0.0,5.359541995094542e-07,0.03174129760197866,0.001966705456212525,0.0005726252276468157,0.0,0.0,0.004730412987677431,0.0,0.00848368171617233,0.0,0.0,0.0006660009707994063
2018-06-16 10:00:00,0.0,0.0,0.0,0.003256460575987675,0.0,0.0,0.0,0.0,0.0,0.0,0.0,5.455059146615727e-07,0.009548415017743608,0.001939382937472014,0.0005792640320790418,0.0,0.0,0.004814717873153712,0.0,0.009428106534307775,0.0,0.0,0.0004732369762576442
2018-06-16 11:00:00,0.0,0.0,0.0,0.003390989611725406,0.0,0.0,0.0,0.0,0.0,0.0,0.0,5.680415428309365e-07,0.0,0.001980492390866943,0.0004631842566133863,0.0,0.0,0.005013620742606735,0.0,0.010004484117226459,0.0,0.0,0.0003317470679570211
2018-06-16 12:00:00,0.0,0.0,0.0,0.0033875706828373226,0.0,0.0,0.0,0.0,0.0,0.0,0.0,5.674688210409018e-07,0.0,0.0019821413779896172,0.0004388987615025753,0.0,0.0,0.005008565813293026,0.0,0.009674259817096114,0.0,0.0,0.0003313969033496918
2018-06-16 13:00:00,0.0,0.0,0.0,0.003568133333871652,0.0,0.0,0.0,0.0,0.0,0.0,0.0,5.977157691638117e-07,0.0,0.00211705985814406,0.00023141991607104843,0.0,0.0,0.005275529961291448,0.0,0.008951037935298459,0.0,0.0,0.000481852526724045
2018-06-16 14:00:00,0.0,0.0,0.0,0.0036450092056867864,0.0,0.0,0.0,0.0,0.0,0.0,0.0,6.10593628972448e-07,0.0,0.0021700936530522834,0.0003528124205056299,0.0,0.0,0.005389191903576851,0.0,0.007428308679132254,0.0,0.0,0.0007038675350637107
2018-06-16 15:00:00,0.0,0.0,0.0,0.003858297977643718,0.0,0.0,0.0,0.0,0.0,0.0,0.0,6.39749919306988e-07,0.004080588824349538,0.0023059869458025325,0.00061317129573616,0.0,0.0,0.005646529740648073,0.0,0.005911977022999043,0.0,0.0,0.0008254126594105713
2018-06-16 16:00:00,0.0,0.0,0.0,0.003942842661265999,0.0,0.0,0.0,0.0,0.0,0.0,0.0,6.515597175014579e-07,0.0326325896559066,0.0024095350892083846,0.0009023162652007368,0.0,0.0,0.005750764809264202,0.0,0.003957129093581218,0.0,0.0,0.0008293935451277662
2018-06-16 17:00:00,0.0,0.0,0.0,0.0038934340117358366,0.0,0.0,0.0,0.0,0.0,0.0,0.0,6.433948759148897e-07,0.04022266720639237,0.0023918528693222347,0.0011412926080024088,0.0,0.0,0.005678700680055433,0.0,0.0018712757643036299,0.0,0.0,0.0009331602854795709
2018-06-16 18:00:00,0.0,0.0,0.0,0.003961958246047966,0.0,0.0,0.0,0.0,0.0,0.0,0.0,6.54718591971081e-07,0.04146466022029264,0.002444863016855186,0.0009210732991143837,0.0,0.0,0.0057786455140543215,0.0,0.0005648314533338868,0.0,0.0,0.001161699307520516
2018-06-16 19:00:00,0.0,0.0,0.0,0.003932434142506059,0.0,0.0,0.0,0.0,0.0,0.0,0.0,6.498396966623162e-07,0.04521758714171032,0.0024021023907820536,0.0009378316009586224,0.0,0.0,0.005735583644672156,0.0,6.757950413451697e-05,0.0,0.0,0.0012987479358504668
2018-06-16 20:00:00,0.0,0.0,0.0,0.004059153366866948,0.0,0.0,0.0,0.0,0.0,0.0,0.0,6.707802081459962e-07,0.04316089859764636,0.0024534181904955895,0.001042605679828865,0.0,0.0,0.005920407772520529,0.0,0.0,0.0,0.0,0.0013547740456502778
2018-06-16 21:00:00,0.0,0.0,0.0,0.004392433913982864,0.0,0.0,0.0,0.0,0.0,0.0,0.0,7.258552384688784e-07,0.030154363434980305,0.002628327992831712,0.0008473674800875883,0.0,0.0,0.006406508336663035,0.0,1.2655440968466181e-05,0.0,0.0,0.0014904940481964073
2018-06-16 22:00:00,0.0,0.0,0.0,0.004734173393360676,0.0,0.0,0.0,0.0,0.0,0.0,0.0,7.823281180057474e-07,0.008004008697106919,0.0027528068731432686,0.0007120789701464333,0.0,0.0,0.00690494652980949,0.0,8.248412590481687e-06,0.0,0.0,0.0013519333363206116
2018-06-16 23:00:00,0.0,0.0,0.0,0.004954771029938796,0.0,0.0,0.0,0.0,0.0,0.0,0.0,8.187821553890646e-07,0.0,0.002915270696969467,0.0005577938145884541,0.0,0.0,0.007226695388292465,0.0,0.0,0.0,0.0,0.0011240682279451185
2018-06-17 00:00:00,0.0,0.0,0.0,0.004424063785407234,0.0,0.0,0.0,0.0,0.0,0.0,0.0,7.310821145733518e-07,0.0,0.0025948910127577226,0.00037874616632365977,0.0,0.0,0.00645264153728393,0.0,0.0,0.0,0.0,0.0011697503781027678
2018-06-17 01:00:00,0.0,0.0,0.0,0.004420525768538241,0.0,0.0,0.0,0.0,0.0,0.0,0.0,7.304974528280777e-07,0.0,0.0025791169577183237,0.0002876054238158648,0.0,0.0,0.006447481224115802,0.0,0.0,0.0,0.0,0.0014349500178371562
2018-06-17 02:00:00,0.0,0.0,0.0,0.0045509041237726325,0.0,0.0,0.0,0.0,0.0,0.0,0.0,7.520426402988732e-07,0.0,0.0026001448027076312,0.00024957535076559147,0.0,0.0,0.006637642313863915,0.0,1.8410985031909648e-05,0.0,0.0,0.001301881441530336
2018-06-17 03:00:00,0.0,0.0,0.0,0.004596309402309488,0.0,0.0,0.0,0.0,0.0,0.0,0.0,7.595459197848084e-07,0.0,0.0026445508163960374,0.00023289731613444702,0.0,0.0,0.006703867395714058,0.0,0.0005201821188644094,0.0,0.0,0.0011913216166048702
2018-06-17 04:00:00,0.0,0.0,0.0,0.004433946587725877,0.0,0.0,0.0,0.0,0.0,0.0,0.0,7.327152601082005e-07,0.0,0.0024786143566542652,0.0002451732667934406,0.0,0.0,0.006467055927274506,0.0,0.0014323127548511922,0.0,0.0,0.0011451653190398408
2018-06-17 05:00:00,0.0,0.0,0.0,0.004072032149782639,0.0,0.0,0.0,0.0,0.0,0.0,0.0,6.729084432492493e-07,0.0,0.0023119376462194838,0.000288864681829677,0.0,0.0,0.005939191898071695,0.0,0.002347360408007195,0.0,0.0,0.0008586995991286743
2018-06-17 06:00:00,0.0,0.0,0.0,0.0037905225992032237,0.0,0.0,0.0,0.0,0.0,0.0,0.0,6.263886353321383e-07,0.0,0.002162168381659398,0.00027577481598948074,0.0,0.0,0.0055286010234096876,0.0,0.003066156662488482,0.0,0.0,0.0006163809425098947
2018-06-17 07:00:00,0.0,0.0,0.0,0.0035825473923963625,0.0,0.0,0.0,0.0,0.0,0.0,0.0,5.920204703719681e-07,0.0,0.002048213620676187,0.00028208674943856505,0.0,0.0,0.005225262391043283,0.0,0.004126578781144414,0.0,0.0,0.0007938170778978966
2018-06-17 08:00:00,0.0,0.0,0.0,0.0034705910582754915,0.0,0.0,0.0,0.0,0.0,0.0,0.0,5.735195451007398e-07,0.0,0.0019219162810020965,0.00030499309707270554,0.0,0.0,0.00506197042082051,0.0,0.005798640442453316,0.0,0.0,0.0011067433805620063
2018-06-17 09:00:00,0.0,0.0,0.0,0.0033782717130079456,0.0,0.0,0.0,0.0,0.0,0.0,0.0,5.582636569788618e-07,0.0,0.0018103536080933513,0.00023899324432964214,0.0,0.0,0.004927319640256914,0.0,0.007567510188105573,0.0,0.0,0.0012997377385006658
2018-06-17 10:00:00,0.0,0.0,0.0,0.00340042430414273,0.0,0.0,0.0,0.0,0.0,0.0,0.0,5.619244005747199e-07,0.0,0.0017294353468482232,0.00024107475337300737,0.0,0.0,0.004959629918012465,0.0,0.009441102382962517,0.0,0.0,0.0012630476262801523
2018-06-17 11:00:00,0.0,0.0,0.0,0.003413349046761322,0.0,0.0,0.0,0.0,0.0,0.0,0.0,5.640602305767836e-07,0.0,0.0016938450339250399,0.0002658877637167759,0.0,0.0,0.004978481077291522,0.0,0.009478148102249033,0.0,0.0,0.0013755322664210717
2018-06-17 12:00:00,0.0,0.0,0.0,0.0035112892775373545,0.0,0.0,0.0,0.0,0.0,0.0,0.0,5.861860519618566e-07,0.0,0.0017431882971998959,0.00019162099492089977,0.0,0.0,0.00517376692996098,0.0,0.009221013497169023,0.0,0.0,0.0013328171142763065
2018-06-17 13:00:00,0.0,0.0,0.0,0.0035828743003731693,0.0,0.0,0.0,0.0,0.0,0.0,0.0,6.001851018109501e-07,0.0,0.001808162316265325,0.00018544560272299202,0.0,0.0,0.005297324665457607,0.0,0.00806054819960964,0.0,0.0,0.0013000538549935536
2018-06-17 14:00:00,0.0,0.0,0.0,0.003721672952959361,0.0,0.0,0.0,0.0,0.0,0.0,0.0,6.234359547434658e-07,0.0,0.0019216722498752764,0.0002412150760669916,0.0,0.0,0.0055025402170611176,0.0,0.006600016348802593,0.0,0.0,0.0013276656782495154
2018-06-17 15:00:00,0.0,0.0,0.0,0.0038110934432294464,0.0,0.0,0.0,0.0,0.0,0.0,0.0,6.384152260093169e-07,0.0,0.0020324709489022708,0.00031621378185476233,0.0,0.0,0.005634749535332678,0.0,0.005090829754522818,0.0,0.0,0.0011975831251358935
2018-06-17 16:00:00,0.0,0.0,0.0,0.003994135654677785,0.0,0.0,0.0,0.0,0.0,0.0,0.0,6.69077537635036e-07,0.003222110417045823,0.0022518986430626895,0.0003986787535971783,0.0,0.0,0.005905379744554421,0.0,0.00349841426470458,0.0,0.0,0.001180169019985893
2018-06-17 17:00:00,0.0,0.0,0.0,0.004096774033739318,0.0,0.0,0.0,0.0,0.0,0.0,0.0,6.862710032222437e-07,0.03284001201222163,0.002371491987343049,0.0005047609832425296,0.0,0.0,0.006057131877463078,0.0,0.001808028208985105,0.0,0.0,0.00126632067222507
2018-06-17 18:00:00,0.0,0.0,0.0,0.004177416474322365,0.0,0.0,0.0,0.0,0.0,0.0,0.0,6.997798197069801e-07,0.04339689550466335,0.002424977694593412,0.0004930109815135551,0.0,0.0,0.006176362738991985,0.0,0.0006116241428102327,0.0,0.0,0.0011764990368346418
2018-06-17 19:00:00,0.0,0.0,0.0,0.00408989415050385,0.0,0.0,0.0,0.0,0.0,0.0,0.0,6.851185197483756e-07,0.05109294210361174,0.002365249147298923,0.0007632607043065185,0.0,0.0,0.00604695988366611,0.0,8.802088264239662e-05,0.0,0.0,0.0010857776064128117
2018-06-17 20:00:00,0.0,0.0,0.0,0.003855989489519479,0.0,0.0,0.0,0.0,0.0,0.0,0.0,6.459359861182289e-07,0.06981224035592343,0.0021345881518041944,0.0012108352816770952,0.0,0.0,0.005701128903810368,0.0,0.0,0.0,0.0,0.0012559112626100608
2018-06-17 21:00:00,0.0,0.0,0.0,0.004411598274914116,0.0,0.0,0.0,0.0,0.0,0.0,0.0,7.390087783717574e-07,0.03599554796725293,0.0024180367360113666,0.0005806566719233895,0.0,0.0,0.006522603473238999,0.0,0.0,0.0,0.0,0.0021354550691439988
2018-06-17 22:00:00,0.0,0.0,0.0,0.004522468348367829,0.0,0.0,0.0,0.0,0.0,0.0,0.0,7.473435925859876e-07,0.0038487482466676897,0.0023366293249303793,0.00038140506385422873,0.0,0.0,0.0065961678066185315,0.0,0.0,0.0,0.0,0.0031841779947314516
2018-06-17 23:00:00,0.0,0.0,0.0,0.0043851823571329504,0.0,0.0,0.0,0.0,0.0,0.0,0.0,7.246569095629365e-07,0.0,0.0022637472272285727,0.0002682501157031225,0.0,0.0,0.006395931704134796,0.0,0.0,0.0,0.0,0.003989656546589076
2018-06-18 00:00:00,0.0,0.0,0.0,0.004386488007748341,0.0,0.0,0.0,0.0,0.0,0.0,0.0,7.248726699721654e-07,0.0,0.0022471149230102,0.00024179081351546146,0.0,0.0,0.0063978360382047185,0.0,0.0,0.0,0.0,0.004541833397141276
2018-06-18 01:00:00,0.0,0.0,0.0,0.004361429474099617,0.0,0.0,0.0,0.0,0.0,0.0,0.0,7.207317157145788e-07,0.0,0.002209561906356657,0.00023946713082747428,0.0,0.0,0.006361287348373768,0.0,0.0,0.0,0.0,0.004786378751252483
2018-06-18 02:00:00,0.0,0.0,0.0,0.004263638327885634,0.0,0.0,0.0,0.0,0.0,0.0,0.0,7.04571605592186e-07,0.0,0.0021592241440263303,0.00025934097419570305,0.0,0.0,0.006218655767400559,0.0,3.076524666027307e-05,0.0,0.0,0.004683722042107584
2018-06-18 03:00:00,0.0,0.0,0.0,0.004250381159781382,0.0,0.0,0.0018279172289725142,0.0,0.0,0.0,0.0,7.023808418597825e-07,0.0,0.0021244598428163527,0.0003123538754171285,0.0,0.0,0.006199319754692421,0.0,0.000485583731579643,0.0,0.0,0.004740199213160831
2018-06-18 04:00:00,0.0,0.0,0.0,0.00363691845626357,0.0,0.0,0.011417113872374427,0.0,0.0,0.0,0.0,6.010053571800552e-07,0.03976402584420835,0.001810789911142715,0.00047623199447191766,0.0,0.0,0.00530456436365342,0.0,0.0010603226308211334,0.0,0.0,0.004105808399649599
2018-06-18 05:00:00,0.0,0.0,0.0,0.0030990631498767586,0.0,0.0,0.015813102507097013,0.0,0.0,0.0,0.0,5.121240901366657e-07,0.06956368081256055,0.0016883859938612881,0.0005190396439522179,0.0,0.0,0.004520084830946898,0.0,0.0015746634085362916,0.0,0.0,0.00360364259510519
2018-06-18 06:00:00,0.0,0.0,0.0,0.0028831681202782927,0.0,0.0,0.02197139170666486,0.0,0.0,0.0,0.0,4.764471644817175e-07,0.07295884605823393,0.0015768458625858776,0.000792258674386778,0.0,0.0,0.004205194878348266,0.0,0.002134716838289813,0.0,0.0,0.0034559071300078103
2018-06-18 07:00:00,0.0,0.0,0.0,0.002918267584293221,0.0,0.0,0.024342711255639127,0.0,0.0,0.0,0.0,4.822473951332436e-07,0.03141852370403944,0.001623800527671947,0.0006575016475006234,0.0,0.0,0.004256388593092206,0.0,0.003261295939519216,0.0,0.0,0.0036242835226074077
2018-06-18 08:00:00,0.0,0.0,0.0,0.0028946020403145933,0.0,0.0,0.02719428975223154,0.0,0.0,0.0,0.0,4.783366341737174e-07,0.011155762201416631,0.0015398266980336897,0.0006539835273980677,0.0,0.0,0.00422187162419528,0.0,0.004832321022412877,0.0,0.0,0.0036962095952197322
2018-06-18 09:00:00,0.0,0.0,0.0,0.0027770050764394007,0.0,0.0,0.030906983258171174,0.0,0.0,0.0,0.0,4.5890358772875803e-07,0.012903490580912799,0.0014299380551061817,0.0005597887408742183,0.0,0.0,0.004050352611232023,0.0,0.006342403600374598,0.0,0.0,0.003640003266481402
2018-06-18 10:00:00,0.0,0.0,0.0,0.002754160615341587,0.0,0.0,0.038497119553713224,0.0,0.0,0.0,0.0,4.6136314889705525e-07,0.005595333237903537,0.0013480798419812257,0.0004111273457468954,0.0,0.0,0.004072061070845082,0.0,0.008030083854538328,0.0,0.0,0.0035636166171544425
2018-06-18 11:00:00,0.0,0.0,0.0,0.002789488765731658,0.0,0.0,0.03893218172385084,0.0,0.0,0.0,0.0,4.672811431555893e-07,0.009143604191630787,0.0013584346773721728,0.00032927143824893314,0.0,0.0,0.004124294185031318,0.0,0.008154019837503532,0.0,0.0,0.003453125500901791
2018-06-18 12:00:00,0.0,0.0,0.0,0.0028300393929522284,0.0,0.0,0.036047188789645454,0.0,0.0,0.0,0.0,4.7407398049413096e-07,0.009215954092814636,0.0013971561271000036,0.00044452217350135763,0.0,0.0,0.0041842487968224516,0.0,0.007797393403187527,0.0,0.0,0.003167802808330133
2018-06-18 13:00:00,0.0,0.0,0.0,0.0028635250873971976,0.0,0.0,0.029357474855271157,0.0,0.0,0.0,0.0,4.796833357895625e-07,0.029257301993612175,0.0014362175943075856,0.0004754353160704034,0.0,0.0,0.004233757816746717,0.0,0.006814527627568704,0.0,0.0,0.002465938054020961
2018-06-18 14:00:00,0.0,0.0,0.0,0.0028824223534780744,0.0,0.0,0.018229723362615698,0.0,0.0,0.0,0.0,4.828489108602589e-07,0.03119196747759582,0.0014749977813015816,0.0006287740371328139,0.0,0.0,0.004261697662057371,0.0,0.005478952123365538,0.0,0.0,0.002855682340415395
2018-06-18 15:00:00,0.0,0.0,0.0,0.0030696893254494343,0.0,0.0,0.0012089356785496832,0.0,0.0,0.0,0.0,5.142189331428582e-07,0.029028888128853948,0.0017048460008617099,0.0006902666868372284,0.0,0.0,0.004538574232788898,0.0,0.004470460691359029,0.0,0.0,0.002496882132065916
2018-06-18 16:00:00,0.0,0.0,0.0,0.0030948529324455413,0.0,0.0,0.0,0.0,0.0,0.0,0.0,5.20215775033884e-07,0.07101047082403054,0.0018025459242565932,0.0009417683247827295,0.0,0.0,0.0045915032681287105,0.0,0.003051879125398885,0.0,0.0,0.001777365767780599
2018-06-18 17:00:00,0.0,0.0,0.0,0.003204899727099007,0.0,0.0,0.0,0.0,0.0,0.0,0.0,5.368687003064721e-07,0.09098060378301713,0.001837968580121496,0.0011048741910714538,0.0,0.0,0.004738484510302712,0.0,0.0015834298142727717,0.0,0.0,0.001514657619450625
2018-06-18 18:00:00,0.0,0.0,0.0,0.00337658797598775,0.0,0.0,0.0,0.0,0.0,0.0,0.0,5.656290531685029e-07,0.0817678828032594,0.0019509162073673713,0.0010424719796796728,0.0,0.0,0.004992327743238022,0.0,0.0005400751982493145,0.0,0.0,0.0014947496050034554
2018-06-18 19:00:00,0.0,0.0,0.0,0.003494216211752362,0.0,0.0,0.0,0.0,0.0,0.0,0.0,5.853335442389467e-07,0.0735366951065035,0.0020458631809157387,0.0008727506038068473,0.0,0.0,0.005166242567602705,0.0,7.905434136035655e-05,0.0,0.0,0.0015687373172876295
2018-06-18 20:00:00,0.0,0.0,0.0,0.0035829226088444624,0.0,0.0,0.0,0.0,0.0,0.0,0.0,6.064235733819324e-07,0.0563872605014546,0.002082775971262568,0.0007602767275569103,0.0,0.0,0.005352386360971221,0.0,0.0,0.0,0.0,0.002039541236841314
2018-06-18 21:00:00,0.0,0.0,0.0,0.003934632322743427,0.0,0.0,0.0,0.0,0.0,0.0,0.0,6.682641417359983e-07,0.012839934514492425,0.002093616416626705,0.0004555158304019728,0.0,0.0,0.005898200589080962,0.0,0.0,0.0,0.0,0.003123160387736126
2018-06-18 22:00:00,0.0,0.0,0.0,0.003986242074924238,0.0,0.0,0.0,0.0,0.0,0.0,0.0,6.677552448134479e-07,0.0,0.0020321357082249388,0.00020780781050166972,0.0,0.0,0.005893708987720203,0.0,0.0,0.0,0.0,0.003712942544013104
2018-06-18 23:00:00,0.0,0.0,0.0,0.00399927024712323,0.0,0.0,0.0,0.0,0.0,0.0,0.0,6.699376587644059e-07,0.0,0.0020182458423093075,0.000249833968260551,0.0,0.0,0.005912971303991908,0.0,0.0,0.0,0.0,0.003686644266335578
2018-06-19 00:00:00,0.0,0.0,0.0,0.004021042361060852,0.0,0.0,0.0,0.0,0.0,0.0,0.0,6.735848139043254e-07,0.0,0.0020261337826792377,0.0002838704446993146,0.0,0.0,0.005945161647976039,0.0,0.0,0.0,0.0,0.003370259365290706
2018-06-19 01:00:00,0.0,0.0,0.0,0.004133776854736884,0.0,0.0,0.0,0.0,0.0,0.0,0.0,6.92469529887107e-07,0.0,0.002076325669955466,0.0002604097022072535,0.0,0.0,0.006111841013181712,0.0,0.0,0.0,0.0,0.003477151152383302
2018-06-19 02:00:00,0.0,0.0,0.0,0.004159807662429759,0.0,0.0,0.0,0.0,0.0,0.0,0.0,6.968300800084837e-07,0.0,0.0020670165911935573,0.0002068332463384814,0.0,0.0,0.006150327889385794,0.0,2.741674475680428e-05,0.0,0.0,0.0034724050128756845
2018-06-19 03:00:00,0.0,0.0,0.0,0.004065365801068743,0.0,0.0,0.0,0.0,0.0,0.0,0.0,6.810096538857268e-07,0.0,0.0020196150800935223,0.00026331294631371394,0.0,0.0,0.006010694410871816,0.0,0.0004540669315698348,0.0,0.0,0.003039196291326239
2018-06-19 04:00:00,0.0,0.0,0.0,0.0038806180873374465,0.0,0.0,0.007478063423761602,0.0,0.0,0.0,0.0,6.500616450863087e-07,0.004861911840473822,0.001962431055332553,0.000478723558176446,0.0,0.0,0.005737542595098161,0.0,0.001165024477306208,0.0,0.0,0.0024380587620526604
2018-06-19 05:00:00,0.0,0.0,0.0,0.003253283057629953,0.0,0.0,0.020924641312441764,0.0,0.0,0.0,0.0,5.449736327506955e-07,0.05632405927377048,0.0017919539902333899,0.0009435477204354692,0.0,0.0,0.004810019872342031,0.0,0.0017022114475595451,0.0,0.0,0.0016001927461053167
2018-06-19 06:00:00,0.0,0.0,0.0,0.0030043775406323327,0.0,0.0,0.025119567643469717,0.0,0.0,0.0,0.0,5.032782310881352e-07,0.09170841401963131,0.001669272241566727,0.0008033127769783531,0.0,0.0,0.004442009938411989,0.0,0.0021940792510852657,0.0,0.0,0.0013556368713511036
2018-06-19 07:00:00,0.0,0.0,0.0,0.002908424573848658,0.0,0.0,0.031937138316063006,0.0,0.0,0.0,0.0,4.872046721770328e-07,0.08529837500370574,0.001606061761167326,0.0007674001789842723,0.0,0.0,0.004300142271546296,0.0,0.0030490559516203352,0.0,0.0,0.0014659297143756293
2018-06-19 08:00:00,0.0,0.0,0.0,0.0028807688668362097,0.0,0.0,0.04542379358425345,0.0,0.0,0.0,0.0,4.8257192708542e-07,0.055779450157364,0.0015810701525508595,0.0007261553262593951,0.0,0.0,0.004259252961284295,0.0,0.0044205665936658785,0.0,0.0,0.001497218912693725
2018-06-19 09:00:00,0.0,0.0,0.0,0.002864470801965956,0.0,0.0,0.03795169828097776,0.0,0.0,0.0,0.0,4.798417571426854e-07,0.05476591803438043,0.0015138442637348956,0.0008605836864612192,0.0,0.0,0.004235156067617824,0.0,0.005932385840112833,0.0,0.0,0.00163389487565671
2018-06-19 10:00:00,0.0,0.0,0.0,0.002957026360024991,0.0,0.0,0.038299883978319516,0.0,0.0,0.0,0.0,4.953461992134121e-07,0.04477856001878517,0.0014650946427243116,0.0008385173076144449,0.0,0.0,0.004372000623001823,0.0,0.007641286461576255,0.0,0.0,0.0016980225681006084
2018-06-19 11:00:00,0.0,0.0,0.0,0.003060069615761304,0.0,0.0,0.03938317449077636,0.0,0.0,0.0,0.0,5.126074877070076e-07,0.04939194722451948,0.0014791217022219172,0.0005673871682991745,0.0,0.0,0.004524351371160688,0.0,0.007403612074211397,0.0,0.0,0.0016578036577101374
2018-06-19 12:00:00,0.0,0.0,0.0,0.0030726071048342695,0.0,0.0,0.040062215607363866,0.0,0.0,0.0,0.0,5.147077048859714e-07,0.03243561078554132,0.0014889801540321674,0.0005654044772858056,0.0,0.0,0.004542888206266013,0.0,0.006497231031648928,0.0,0.0,0.0017619247226211515
2018-06-19 13:00:00,0.0,0.0,0.0,0.0028946219696016403,0.0,0.0,0.043478078518269,0.0,0.0,0.0,0.0,4.84892529260272e-07,0.05668626312988402,0.0014274820744427357,0.0006537532656182962,0.0,0.0,0.004279734947762244,0.0,0.005108060616897786,0.0,0.0,0.0015638517156850592
2018-06-19 14:00:00,0.0,0.0,0.0,0.0030090804735941226,0.0,0.0,0.05219994212466833,0.0,0.0,0.0,0.0,5.04066042789536e-07,0.04924763661697796,0.0014753499586561917,0.000742943871306493,0.0,0.0,0.0044489632838798695,0.0,0.004193799128810137,0.0,0.0,0.0014731176834072999
2018-06-19 15:00:00,0.0,0.0,0.0,0.0030437979227655267,0.0,0.0,0.05281502365366437,0.0,0.0,0.0,0.0,5.098817354481886e-07,0.058500158451084534,0.0015501844779113247,0.0008297874175649127,0.0,0.0,0.004500293468641945,0.0,0.0032530992544338214,0.0,0.0,0.0013966165914113685
2018-06-19 16:00:00,0.0,0.0,0.0,0.0031241285848233294,0.0,0.0,0.044589596318287975,0.0,0.0,0.0,0.0,5.23338324360806e-07,0.07958899003947849,0.0016549782877525643,0.0009515270401710894,0.0,0.0,0.004619063361704344,0.0,0.002245599808529533,0.0,0.0,0.001464457122347966
2018-06-19 17:00:00,0.0,0.0,0.0,0.0030869511801917132,0.0,0.0,0.03566585928115751,0.0,0.0,0.0,0.0,5.171105523227054e-07,0.10011415239673177,0.0016228481329316955,0.0010862548581624457,0.0,0.0,0.004564096101889441,0.0,0.0010818854083959417,0.0,0.0,0.0014171214286967787
2018-06-19 18:00:00,0.0,0.0,0.0,0.00312184133992903,0.0,0.0,0.031874293998829045,0.0,0.0,0.0,0.0,5.229551765876317e-07,0.10544477547510378,0.0016649355690488647,0.0008763640595861259,0.0,0.0,0.004615681641393015,0.0,0.00034760736428165735,0.0,0.0,0.0015909556102144254
2018-06-19 19:00:00,0.0,0.0,0.0,0.003481303669144506,0.0,0.0,0.005286208758621966,0.0,0.0,0.0,0.0,5.831704999761528e-07,0.0940987165802325,0.0018463149171956963,0.0007454599752719431,0.0,0.0,0.005147151211134174,0.0,5.950655436108594e-05,0.0,0.0,0.002424651226871262
2018-06-19 20:00:00,0.0,0.0,0.0,0.003577183376375711,0.0,0.0,0.0,0.0,0.0,0.0,0.0,5.99231786815094e-07,0.09014731588405228,0.0017806828373471903,0.0008380768200765365,0.0,0.0,0.005288910562831166,0.0,5.1159996724712005e-06,0.0,0.0,0.002553912258027472
2018-06-19 21:00:00,0.0,0.0,0.0,0.003961698289966928,0.0,0.0,0.0,0.0,0.0,0.0,0.0,6.636437932696706e-07,0.08732750967147278,0.0018947691403794278,0.0006359857353272603,0.0,0.0,0.005857420693312412,0.0,0.0,0.0,0.0,0.002724278542118192
2018-06-19 22:00:00,0.0,0.0,0.0,0.004687111720040786,0.0,0.0,0.0,0.0,0.0,0.0,0.0,7.745511171949647e-07,0.03513854541527511,0.0021545312252055147,0.000464463662615977,0.0,0.0,0.006836305542064315,0.0,0.0,0.0,0.0,0.0023686968522473838
2018-06-19 23:00:00,0.0,0.0,0.0,0.005080003577223574,0.0,0.0,0.0,0.0,0.0,0.0,0.0,8.394769916128002e-07,0.0010725561533871857,0.0023766020410620494,0.0004527936754596326,0.0,0.0,0.007409351149064966,0.0,0.0,0.0,0.0,0.0021243509664976828
2018-06-20 00:00:00,0.0,0.0,0.0,0.005082142883021175,0.0,0.0,0.0,0.0,0.0,0.0,0.0,8.39830514591241e-07,0.0,0.0023675411032046275,0.0004584750767234204,0.0,0.0,0.007412471396448397,0.0,0.0,0.0,0.0,0.0019577802288061083
2018-06-20 01:00:00,0.0,0.0,0.0,0.005083747082337087,0.0,0.0,0.00551331406233848,0.0,0.0,0.0,0.0,8.400956105493833e-07,0.0,0.002349252192696554,0.0004301688982462589,0.0,0.0,0.007414811173549733,0.0,0.0,0.0,0.0,0.0018369406259179058
2018-06-20 02:00:00,0.0,0.0,0.0,0.004980059759722717,0.0,0.0,0.02803897491491665,0.0,0.0,0.0,0.0,8.229611498480249e-07,0.0,0.002271900702388463,0.00038642244833727684,0.0,0.0,0.0072635798267056545,0.0,0.0,0.0,0.0,0.0015427141760309807
2018-06-20 03:00:00,0.0,0.0,0.0,0.004588611531324135,0.0,0.0,0.05788570816765683,0.0,0.0,0.0,0.0,7.582738369056586e-07,0.0,0.002073441025541825,0.00040651589365705437,0.0,0.0,0.00669263979944102,0.0,0.00016001296087093375,0.0,0.0,0.001065202703181356
2018-06-20 04:00:00,0.0,0.0,0.0,0.0037456583643534387,0.0,0.0,0.058994691327372055,0.0,0.0,0.0,0.0,6.189747639971711e-07,0.05238957305879558,0.0017648163928290375,0.0008250593385169663,0.0,0.0,0.005463165071449619,0.0,0.0009763697644375422,0.0,0.0,0.0006515738726562335
2018-06-20 05:00:00,0.0,0.0,0.0,0.0033563060939463436,0.0,0.0,0.05876149664374429,0.0,0.0,0.0,0.0,5.546338107536698e-07,0.07645538100238729,0.0017232725728943902,0.0010506362666683198,0.0,0.0,0.004895282067377298,0.0,0.0025802210630329657,0.0,0.0,0.0002981015759132307
2018-06-20 06:00:00,0.0,0.0,0.0,0.0032308650568277837,0.0,0.0,0.0797096173970056,0.0,0.0,0.0,0.0,5.33904521322218e-07,0.052860765095322594,0.0016970601949142029,0.0008412367701174899,0.0,0.0,0.004712322217372178,0.0,0.004431509154613942,0.0,0.0,0.00014790268807639753
2018-06-20 07:00:00,0.0,0.0,0.0,0.003061218595306303,0.0,0.0,0.09120781634229105,0.0,0.0,0.0,0.0,5.05870229812202e-07,0.034041394830889304,0.0015845861349278521,0.0006971838764116512,0.0,0.0,0.004464887311962922,0.0,0.005976729684215018,0.0,0.0,0.00010149637216722235
2018-06-20 08:00:00,0.0,0.0,0.0,0.0028776588174645435,0.0,0.0,0.09741488160870747,0.0,0.0,0.0,0.0,4.7553674525037953e-07,0.034776290921627276,0.0014830053293970378,0.000633491277936805,0.0,0.0,0.004197159380240229,0.0,0.007007752251822592,0.0,0.0,7.810001482899506e-05
2018-06-20 09:00:00,0.0,0.0,0.0,0.0027366699311457228,0.0,0.0,0.12096236689977546,0.0,0.0,0.0,0.0,4.522381541492982e-07,0.0365792607281288,0.0013811744980309754,0.0005841814975669664,0.0,0.0,0.003991522484326333,0.0,0.007510721844397402,0.0,0.0,5.697885742357294e-05
2018-06-20 10:00:00,0.0,0.0,0.0,0.002729363817834345,0.0,0.0,0.12878224536644098,0.0,0.0,0.0,0.0,4.510308097193618e-07,0.0445979876774081,0.0013032442568792918,0.0003843452695178843,0.0,0.0,0.003980866279417036,0.0,0.008007293043084606,0.0,0.0,2.0806166868309854e-05
2018-06-20 11:00:00,0.0,0.0,0.0,0.0028077284999116943,0.0,0.0,0.1341947837789046,0.0,0.0,0.0,0.0,4.6398067216708493e-07,0.008312936339204637,0.0013313575553650942,0.0003873721490901706,0.0,0.0,0.004095163727906878,0.0,0.008270651636675657,0.0,0.0,1.3840562268347499e-05
2018-06-20 12:00:00,0.0,0.0,0.0,0.0028669540936999433,0.0,0.0,0.13704333029007507,0.0,0.0,0.0,0.0,4.737677761610184e-07,0.010271619604471713,0.0013604692026160659,0.00030943441411911485,0.0,0.0,0.0041815461909737355,0.0,0.008037289146442661,0.0,0.0,2.0573030624708747e-05
2018-06-20 13:00:00,0.0,0.0,0.0,0.0029180173761286657,0.0,0.0,0.13912651550458718,0.0,0.0,0.0,0.0,4.822060479188046e-07,0.008663168084513615,0.0013832352548647574,0.0002796995696936386,0.0,0.0,0.0042560236563114785,0.0,0.007461400194869871,0.0,0.0,2.5865864723765432e-05
2018-06-20 14:00:00,0.0,0.0,0.0,0.0029318299104842188,0.0,0.0,0.13938307068360195,0.0,0.0,0.0,0.0,4.844885866239615e-07,0.012565819578685883,0.0013971437608725152,0.00035546058339085926,0.0,0.0,0.004276169688837454,0.0,0.006368886097388057,0.0,0.0,4.2982368477352894e-05
2018-06-20 15:00:00,0.0,0.0,0.0,0.00303827493791172,0.0,0.0,0.10041554595915717,0.0,0.0,0.0,0.0,5.020787615202199e-07,0.028989959631328877,0.0015275509713446067,0.00065992094295121,0.0,0.0,0.004431423238228311,0.0,0.005082139623618977,0.0,0.0,6.690448531642418e-05
2018-06-20 16:00:00,0.0,0.0,0.0,0.003182512420558347,0.0,0.0,0.07011954141073283,0.0,0.0,0.0,0.0,5.25914187257493e-07,0.06313071383376442,0.0016057308967263317,0.0009124744031999348,0.0,0.0,0.004641798317997469,0.0,0.0035217359898217005,0.0,0.0,7.640720344837665e-05
2018-06-20 17:00:00,0.0,0.0,0.0,0.003343271689509336,0.0,0.0,0.047176709123226336,0.0,0.0,0.0,0.0,5.524798589979462e-07,0.09300715389058851,0.00167029368677511,0.001190749268410466,0.0,0.0,0.004876270962754121,0.0,0.001779133561146785,0.0,0.0,0.0001110666477725756
2018-06-20 18:00:00,0.0,0.0,0.0,0.0033860741876946877,0.0,0.0,0.047879177948566644,0.0,0.0,0.0,0.0,5.595530257514603e-07,0.09137673048423227,0.0017529848333944287,0.0012227488540746663,0.0,0.0,0.004938699804445175,0.0,0.0005189059396120975,0.0,0.0,0.00019708936035686415
2018-06-20 19:00:00,0.0,0.0,0.0,0.003489064956293877,0.0,0.0,0.049668918516270935,0.0,0.0,0.0,0.0,5.765723800241969e-07,0.07803459735486333,0.001814713172282606,0.0011915600557651485,0.0,0.0,0.005088915204506084,0.0,5.2161162674779786e-05,0.0,0.0,0.0003409746393765646
2018-06-20 20:00:00,0.0,0.0,0.0,0.0035643928168510343,0.0,0.0,0.05171135064266623,0.0,0.0,0.0,0.0,5.890204038895094e-07,0.07709696015863178,0.0018037774117527845,0.0012661925505076455,0.0,0.0,0.005198783349614915,0.0,0.0,0.0,0.0,0.0005199155743719265
2018-06-20 21:00:00,0.0,0.0,0.0,0.004057378584467904,0.0,0.0,0.01241610690662709,0.0,0.0,0.0,0.0,6.773519769387683e-07,0.056971095113698134,0.0020026519960136277,0.0010449377383696518,0.0,0.0,0.005978411199824198,0.0,0.0,0.0,0.0,0.0009395247800178414
2018-06-20 22:00:00,0.0,0.0,0.0,0.004299073194279732,0.0,0.0,0.0,0.0,0.0,0.0,0.0,7.40445315229573e-07,0.009525779075735671,0.0020898099261848504,0.001002367151283535,0.0,0.0,0.006535282565250421,0.0,0.0,0.0,0.0,0.0012635544086133216
2018-06-20 23:00:00,0.0,0.0,0.0,0.004376559379707255,0.0,0.0,0.0,0.0,0.0,0.0,0.0,7.5379104822876e-07,0.01669831942844095,0.0020997288708905974,0.0010105773387411123,0.0,0.0,0.006653074027220887,0.0,0.0,0.0,0.0,0.0013228355751868466
2018-06-21 00:00:00,0.0,0.0,0.0,0.004626389076646116,0.0,0.0,0.0,0.0,0.0,0.0,0.0,7.968201431857247e-07,0.013634115841935792,0.0022722337501499762,0.0006452514325784593,0.0,0.0,0.007032855340285942,0.0,0.0,0.0,0.0,0.0012983354391234892
2018-06-21 01:00:00,0.0,0.0,0.0,0.0045918429870901245,0.0,0.0,0.0,0.0,0.0,0.0,0.0,7.908701421005439e-07,0.003761996993972481,0.002270166150828767,0.0009247140429526822,0.0,0.0,0.006980339728997151,0.0,0.0,0.0,0.0,0.0011127182688263453
2018-06-21 02:00:00,0.0,0.0,0.0,0.004576827648274844,0.0,0.0,0.0,0.0,0.0,0.0,0.0,7.882839946264436e-07,0.0,0.002274856071311666,0.0005074346685312823,0.0,0.0,0.006957513999465168,0.0,0.0,0.0,0.0,0.0011585393338100465
2018-06-21 03:00:00,0.0,0.0,0.0,0.0044454164665352035,0.0,0.0,0.010684817056131344,0.0,0.0,0.0,0.0,7.656505595834284e-07,0.0005417899917196773,0.002216120448792863,0.0004865578404540554,0.0,0.0,0.0067577478717228585,0.0,0.00014290425798632296,0.0,0.0,0.0007805137435352925
2018-06-21 04:00:00,0.0,0.0,0.0,0.003635136773979574,0.0,0.0,0.036326547101442244,0.0,0.0,0.0,0.0,6.260930839915308e-07,0.050623049034705915,0.001838435583192783,0.0006280802095335007,0.0,0.0,0.005525992442487262,0.0,0.0009604850842951246,0.0,0.0,0.0004497083957401654
2018-06-21 05:00:00,0.0,0.0,0.0,0.003099518722136144,0.0,0.0,0.060256724083083274,0.0,0.0,0.0,0.0,5.338416010980641e-07,0.0708609615054997,0.0015992995409969857,0.0008266882468896408,0.0,0.0,0.004711766873938359,0.0,0.0024829164753634426,0.0,0.0,0.00027940867730277266
2018-06-21 06:00:00,0.0,0.0,0.0,0.0029919188484025536,0.0,0.0,0.07070749099253083,0.0,0.0,0.0,0.0,5.153092759142686e-07,0.06438488329430647,0.0015468220325054228,0.0007068236136085417,0.0,0.0,0.004548197763328672,0.0,0.004244407370561601,0.0,0.0,0.00015412959846766315
2018-06-21 07:00:00,0.0,0.0,0.0,0.002961142434272368,0.0,0.0,0.10724647881049984,0.0,0.0,0.0,0.0,5.100085400038907e-07,0.0005313139494020574,0.0015466736251675158,0.00031463206115455984,0.0,0.0,0.004501412664867554,0.0,0.005983916688092292,0.0,0.0,0.00020937090600456814
2018-06-21 08:00:00,0.0,0.0,0.0,0.0028604308055646824,0.0,0.0,0.11681046981276468,0.0,0.0,0.0,0.0,4.926626027993393e-07,0.0,0.0014800403524355358,0.0002795805327817976,0.0,0.0,0.004348314794357447,0.0,0.007158394672969765,0.0,0.0,0.00032733726270189846
2018-06-21 09:00:00,0.0,0.0,0.0,0.002714641632720765,0.0,0.0,0.11099800359515943,0.0,0.0,0.0,0.0,4.6755279304148084e-07,0.0,0.0014688228942670988,0.0001344384432064649,0.0,0.0,0.0041266918080922034,0.0,0.00762920038921755,0.0,0.0,0.00035947933928739473
2018-06-21 10:00:00,0.0,0.0,0.0,0.002759511744492424,0.0,0.0,0.12462803159438911,0.0,0.0,0.0,0.0,4.7528093874957426e-07,0.0,0.0014488669637971211,0.0001614570916440932,0.0,0.0,0.004194901593297149,0.0,0.008011992722537487,0.0,0.0,0.00045240742593599556
2018-06-21 11:00:00,0.0,0.0,0.0,0.002729076040496057,0.0,0.0,0.12312345657535899,0.0,0.0,0.0,0.0,4.7003888460873994e-07,0.0,0.0014292958459416096,0.0001477528412567167,0.0,0.0,0.00414863442902713,0.0,0.007671797586105139,0.0,0.0,0.0005711216149323658
2018-06-21 12:00:00,0.0,0.0,0.0,0.0027083698951185105,0.0,0.0,0.12226553267139878,0.0,0.0,0.0,0.0,4.6647258842153684e-07,0.0,0.0014042365126685945,0.00012821133881934656,0.0,0.0,0.0041171577584136875,0.0,0.007095714049968459,0.0,0.0,0.0007151509436017189
2018-06-21 13:00:00,0.0,0.0,0.0,0.0027242716595297536,0.0,0.0,0.12285361914298237,0.0,0.0,0.0,0.0,4.6921140826248675e-07,0.0,0.001415821699198957,0.00013190905968775337,0.0,0.0,0.004141330997392683,0.0,0.0065155133989936295,0.0,0.0,0.0006408765034576699
2018-06-21 14:00:00,0.0,0.0,0.0,0.0028201597343917185,0.0,0.0,0.1275197482878694,0.0,0.0,0.0,0.0,4.857265669046786e-07,0.0,0.0014147562637532498,0.00018247151050791334,0.0,0.0,0.004287096290408545,0.0,0.005475282000521746,0.0,0.0,0.0005181793646427247
2018-06-21 15:00:00,0.0,0.0,0.0,0.002855572118541314,0.0,0.0,0.12855832037747136,0.0,0.0,0.0,0.0,4.91825773119536e-07,0.0,0.0014385845709070316,0.00018302642214117394,0.0,0.0,0.004340928808783608,0.0,0.0038800628243506256,0.0,0.0,0.00045276057971914695
2018-06-21 16:00:00,0.0,0.0,0.0,0.0031495037892730316,0.0,0.0,0.10159506130283132,0.0,0.0,0.0,0.0,5.424507145326039e-07,0.0,0.0016006018384450212,0.00023995503621941161,0.0,0.0,0.004787752213805851,0.0,0.002902885833616281,0.0,0.0,0.0005886688130818454
2018-06-21 17:00:00,0.0,0.0,0.0,0.0033758583650459737,0.0,0.0,0.07350179586819693,0.0,0.0,0.0,0.0,5.814366023362501e-07,0.007794434426058371,0.0017350210510667231,0.000360445767653542,0.0,0.0,0.005131847567795609,0.0,0.001424359612805298,0.0,0.0,0.0009621980053038919
2018-06-21 18:00:00,0.0,0.0,0.0,0.003298296515455614,0.0,0.0,0.0847401242583971,0.0,0.0,0.0,0.0,5.680778374177699e-07,0.0019820020001971436,0.001715970944907745,0.00031257278809402895,0.0,0.0,0.0050139410841304995,0.0,0.00035744063455809947,0.0,0.0,0.0016393073416878887
2018-06-21 19:00:00,0.0,0.0,0.0,0.003235441883513232,0.0,0.0,0.07146740258863686,0.0,0.0,0.0,0.0,5.572521511223745e-07,0.0005969612284372818,0.0017018963416541735,0.00029218890975835467,0.0,0.0,0.00491839193627583,0.0,4.342021417893557e-05,0.0,0.0,0.002947953815947483
2018-06-21 20:00:00,0.0,0.0,0.0,0.0030963626126567197,0.0,0.0,0.04350050571778138,0.0,0.0,0.0,0.0,5.332980126610259e-07,0.0,0.0016151260858021873,0.00025473418150692565,0.0,0.0,0.004706969080013298,0.0,0.0,0.0,0.0,0.0041920953868568
2018-06-21 21:00:00,0.0,0.0,0.0,0.003160853746842331,0.0,0.0,0.011452182797990075,0.0,0.0,0.0,0.0,5.40598527918418e-07,0.0,0.0015910534054731007,0.00021015385056785257,0.0,0.0,0.0047714045340538,0.0,0.0,0.0,0.0,0.004004889342843644
2018-06-21 22:00:00,0.0,0.0,0.0,0.0033005614712662895,0.0,0.0,0.0,0.0,0.0,0.0,0.0,5.849452707241474e-07,0.0,0.0016968907807766746,0.0003887026548638349,0.0,0.0,0.005162815606718998,0.0,0.0,0.0,0.0,0.0031115753115359274
2018-06-21 23:00:00,0.0,0.0,0.0,0.0033800371834784657,0.0,0.0,0.0,0.0,0.0,0.0,0.0,5.99030432415776e-07,0.0,0.0017365028718296662,0.0003409613429962803,0.0,0.0,0.005287133378387922,0.0,0.0,0.0,0.0,0.0034490069441557476
2018-06-22 00:00:00,0.0,0.0,0.0,0.003373419536916568,0.0,0.0,0.0,0.0,0.0,0.0,0.0,5.978576134595453e-07,0.0,0.00172692641193213,0.0003098838942283191,0.0,0.0,0.0052767819005418186,0.0,0.0,0.0,0.0,0.003739458289696611
2018-06-22 01:00:00,0.0,0.0,0.0,0.0034113808162275975,0.0,0.0,0.0,0.0,0.0,0.0,0.0,6.045853387259699e-07,0.0,0.0017761732277797012,0.0002805635220690004,0.0,0.0,0.005336161823316841,0.0,0.0,0.0,0.0,0.0036932066147521685
2018-06-22 02:00:00,0.0,0.0,0.0,0.00340662424449563,0.0,0.0,0.0,0.0,0.0,0.0,0.0,5.972504973646956e-07,0.0,0.0017683137008714617,0.00033120158043249047,0.0,0.0,0.005271423401881422,0.0,0.0,0.0,0.0,0.0035479029374386475
2018-06-22 03:00:00,0.0,0.0,0.0,0.0034775591623438214,0.0,0.0,0.0,0.0,0.0,0.0,0.0,6.11879948888159e-07,0.0,0.0018210837401584513,0.0004292433244061082,0.0,0.0,0.005400545158092174,0.0,8.219908106326687e-05,0.0,0.0,0.00316417625350443
2018-06-22 04:00:00,0.0,0.0,0.0,0.0036182288971233914,0.0,0.0,0.00019348540583965506,0.0,0.0,0.0,0.0,6.412441944181621e-07,0.0016196622924459013,0.0019369817544970104,0.0005550716382492937,0.0,0.0,0.005659718439233756,0.0,0.0008246326710951508,0.0,0.0,0.002563056083379759
2018-06-22 05:00:00,0.0,0.0,0.0,0.0033081357834200157,0.0,0.0,0.0033537882559812352,0.0,0.0,0.0,0.0,5.862876356859522e-07,0.014001833144551248,0.0018912541826452346,0.0006706363745649314,0.0,0.0,0.005174663523304662,0.0,0.0020601803301192696,0.0,0.0,0.0018470600678413098
2018-06-22 06:00:00,0.0,0.0,0.0,0.00317519743574092,0.0,0.0,0.016837926451998407,0.0,0.0,0.0,0.0,5.627275055536278e-07,0.0009512496253755304,0.001871925324477677,0.0006051302447954792,0.0,0.0,0.00496671824426529,0.0,0.0034587490610185467,0.0,0.0,0.00145826418651607
2018-06-22 07:00:00,0.0,0.0,0.0,0.0030108845694841123,0.0,0.0,0.034010375520012924,0.0,0.0,0.0,0.0,5.316806162950489e-07,0.0,0.0017617693379575225,0.00041935301587280304,0.0,0.0,0.004692693694573942,0.0,0.0047149942672628925,0.0,0.0,0.0012046937363529048
2018-06-22 08:00:00,0.0,0.0,0.0,0.002952415284687253,0.0,0.0,0.03411439654205028,0.0,0.0,0.0,0.0,5.15769793969956e-07,0.0020377450857575296,0.0017289737379182003,0.0003846155759695338,0.0,0.0,0.004552262365478776,0.0,0.005686903744523822,0.0,0.0,0.0009589003563614429
2018-06-22 09:00:00,0.0,0.0,0.0,0.00290163550576781,0.0,0.0,0.03534908085425216,0.0,0.0,0.0,0.0,5.087157034683366e-07,0.0022948575526678372,0.0017432652965341017,0.00036558591098421247,0.0,0.0,0.004490001893677913,0.0,0.006862768719672824,0.0,0.0,0.0006988792180226164
2018-06-22 10:00:00,0.0,0.0,0.0,0.002813968628983864,0.0,0.0,0.05301821832573591,0.0,0.0,0.0,0.0,4.9870837305106e-07,0.0,0.0017248188137180855,0.0003137905722833622,0.0,0.0,0.004401675678823749,0.0,0.007406316388496242,0.0,0.0,0.0006695063435008141
2018-06-22 11:00:00,0.0,0.0,0.0,0.0027075679419356112,0.0,0.0,0.047556709659581045,0.0,0.0,0.0,0.0,4.798514060675616e-07,0.0,0.0016675159939612185,0.0003792893763895564,0.0,0.0,0.004235241230491057,0.0,0.007479088046032893,0.0,0.0,0.0008983716623434882
2018-06-22 12:00:00,0.0,0.0,0.0,0.0027171479994190016,0.0,0.0,0.04464946249951715,0.0,0.0,0.0,0.0,4.815492412289303e-07,0.0,0.0016274282866224402,0.0003357364200657987,0.0,0.0,0.004250226580928883,0.0,0.007303950180188902,0.0,0.0,0.0015256605843918158
2018-06-22 13:00:00,0.0,0.0,0.0,0.002653717167492201,0.0,0.0,0.031054195122639107,0.0,0.0,0.0,0.0,4.7030764931292047e-07,0.0,0.0015593438840825408,0.0002728595036228339,0.0,0.0,0.004151006587036991,0.0,0.006264589344752555,0.0,0.0,0.0022254723227870207
2018-06-22 14:00:00,0.0,0.0,0.0,0.002672335313459183,0.0,0.0,0.013194764236305825,0.0,0.0,0.0,0.0,4.7360726864370667e-07,0.0,0.001538253415285804,0.0002904415885747516,0.0,0.0,0.004180129527301342,0.0,0.0052570932460997725,0.0,0.0,0.002742077484419594
2018-06-22 15:00:00,0.0,0.0,0.0,0.0027651343846287293,0.0,0.0,0.0,0.0,0.0,0.0,0.0,4.900536758022419e-07,0.0,0.001622771365058576,0.00044982994713386337,0.0,0.0,0.0043252880093032995,0.0,0.004143176326060672,0.0,0.0,0.003060781454409741
2018-06-22 16:00:00,0.0,0.0,0.0,0.0027000523435492777,0.0,0.0,0.0,0.0,0.0,0.0,0.0,4.785194467112459e-07,0.0,0.0015850751474172887,0.0005210216436758732,0.0,0.0,0.004223485155356389,0.0,0.002613921714724682,0.0,0.0,0.003795172182117857
2018-06-22 17:00:00,0.0,0.0,0.0,0.00307608133565516,0.0,0.0,0.0,0.0,0.0,0.0,0.0,5.451615566984038e-07,0.0,0.0017894954696538112,0.0006476162780050164,0.0,0.0,0.004811678517584011,0.0,0.0015254557141181455,0.0,0.0,0.003384081427407526
2018-06-22 18:00:00,0.0,0.0,0.0,0.0032455863662259805,0.0,0.0,0.0,0.0,0.0,0.0,0.0,5.752022533676022e-07,0.0,0.001983086296575633,0.0005315244897593983,0.0,0.0,0.005076822258994973,0.0,0.000585899352431671,0.0,0.0,0.0035442781194422565
2018-06-22 19:00:00,0.0,0.0,0.0,0.0032888282693626673,0.0,0.0,0.0,0.0,0.0,0.0,0.0,5.828658424136236e-07,0.0,0.0020254981068484157,0.0005124646205279808,0.0,0.0,0.0051444622573170356,0.0,9.40096105341186e-05,0.0,0.0,0.0037571339226043364
2018-06-22 20:00:00,0.0,0.0,0.0,0.0033462665419820205,0.0,0.0,0.0,0.0,0.0,0.0,0.0,5.930453970802314e-07,0.0,0.0020063479936665005,0.000324061849262059,0.0,0.0,0.005234308549496047,0.0,0.0,0.0,0.0,0.00407188201789031
2018-06-22 21:00:00,0.0,0.0,0.0,0.0031823458473374464,0.0,0.0,0.0,0.0,0.0,0.0,0.0,5.639943898680028e-07,0.0,0.001870900301496192,0.00021091546211868343,0.0,0.0,0.004977899957217794,0.0,0.0,0.0,0.0,0.004185904695466367
2018-06-22 22:00:00,0.0,0.0,0.0,0.0032039610634017816,0.0,0.0,0.0,0.0,0.0,0.0,0.0,5.93635402815673e-07,0.0,0.001905731275023899,0.00020709671030979507,0.0,0.0,0.005239516029531266,0.0,0.0,0.0,0.0,0.004023054246243769
2018-06-22 23:00:00,0.0,0.0,0.0,0.0033009105279132043,0.0,0.0,0.0,0.0,0.0,0.0,0.0,6.11598365935111e-07,0.0,0.0019374855257961456,0.00020448651189467629,0.0,0.0,0.00539805986427523,0.0,0.0,0.0,0.0,0.003679642844055561
2018-06-23 00:00:00,0.0,0.0,0.0,0.00330002053767472,0.0,0.0,0.0,0.0,0.0,0.0,0.0,6.114334670167819e-07,0.0,0.0019308054058759054,0.00016989310058253924,0.0,0.0,0.0053966044414319484,0.0,0.0,0.0,0.0,0.004135336817283879
2018-06-23 01:00:00,0.0,0.0,0.0,0.0034699802080949004,0.0,0.0,0.0,0.0,0.0,0.0,0.0,6.5031381607768e-07,0.0,0.002058720919157111,0.0001744039254762103,0.0,0.0,0.005739768294484022,0.0,0.0,0.0,0.0,0.004054133958335809
2018-06-23 02:00:00,0.0,0.0,0.0,0.003441066870003435,0.0,0.0,0.0,0.0,0.0,0.0,0.0,6.424336953965742e-07,0.0,0.0020222291794186106,0.00020194373901173608,0.0,0.0,0.005670217155135759,0.0,0.0,0.0,0.0,0.003944359472004078
2018-06-23 03:00:00,0.0,0.0,0.0,0.0033792112213994184,0.0,0.0,0.0,0.0,0.0,0.0,0.0,6.357384535753255e-07,0.0,0.001976924208978019,0.00022145235006855183,0.0,0.0,0.005611123936170663,0.0,0.00013121250848395667,0.0,0.0,0.003733318825662506
2018-06-23 04:00:00,0.0,0.0,0.0,0.0034611542831851513,0.0,0.0,0.0,0.0,0.0,0.0,0.0,6.437269635501549e-07,0.0,0.0020474813900861672,0.00025470544824446225,0.0,0.0,0.005681631735851514,0.0,0.000978598073327404,0.0,0.0,0.0030303298091905223
2018-06-23 05:00:00,0.0,0.0,0.0,0.0032751598486371646,0.0,0.0,0.0,0.0,0.0,0.0,0.0,6.068272358987872e-07,0.0,0.0020530263133792257,0.00028803103930899915,0.0,0.0,0.005355949147519242,0.0,0.0026015963451189064,0.0,0.0,0.002596152920321855
2018-06-23 06:00:00,0.0,0.0,0.0,0.0030710662878975395,0.0,0.0,0.0,0.0,0.0,0.0,0.0,5.733560371466672e-07,0.0,0.0019396368541492225,0.00025789946073605767,0.0,0.0,0.005060527274838556,0.0,0.0042778600782203205,0.0,0.0,0.002433171188065529
2018-06-23 07:00:00,0.0,0.0,0.0,0.0029496459514596098,0.0,0.0,0.0,0.0,0.0,0.0,0.0,5.54923392743435e-07,0.0,0.0018577682325441821,0.0002334998779129846,0.0,0.0,0.004897837961904549,0.0,0.005708030264686399,0.0,0.0,0.0021289974386450574
2018-06-23 08:00:00,0.0,0.0,0.0,0.002900936883227982,0.0,0.0,0.0,0.0,0.0,0.0,0.0,5.457596484007993e-07,0.0,0.0017967181354743348,0.00025768937948990664,0.0,0.0,0.004816957365588977,0.0,0.006730360806007124,0.0,0.0,0.001776567972358239
2018-06-23 09:00:00,0.0,0.0,0.0,0.0028564088536844477,0.0,0.0,0.0,0.0,0.0,0.0,0.0,5.373824920799702e-07,0.0,0.0017305560850405344,0.00023286467428817087,0.0,0.0,0.004743019314359741,0.0,0.007319751604025944,0.0,0.0,0.002082474105158611
2018-06-23 10:00:00,0.0,0.0,0.0,0.0027821067672015487,0.0,0.0,0.0,0.0,0.0,0.0,0.0,5.234038768164661e-07,0.0,0.0016419622347708812,0.0001879338796759999,0.0,0.0,0.004619641937612347,0.0,0.007446429639471125,0.0,0.0,0.0025726352906129315
2018-06-23 11:00:00,0.0,0.0,0.0,0.002689748714220032,0.0,0.0,0.0,0.0,0.0,0.0,0.0,5.060283527871094e-07,0.0,0.001549891533558709,0.0001550296430214229,0.0,0.0,0.004466282929302682,0.0,0.007079511708445183,0.0,0.0,0.002612530796332982
2018-06-23 12:00:00,0.0,0.0,0.0,0.0026999528583951833,0.0,0.0,0.0,0.0,0.0,0.0,0.0,5.079480809168248e-07,0.0,0.0015241523642283183,0.000159403615380098,0.0,0.0,0.00448322674070658,0.0,0.00679190923662182,0.0,0.0,0.002700250348473292
2018-06-23 13:00:00,0.0,0.0,0.0,0.002749797640738402,0.0,0.0,0.0,0.0,0.0,0.0,0.0,5.173254896579551e-07,0.0,0.0015150123160111325,0.00014732937981699437,0.0,0.0,0.004565993171383685,0.0,0.006233344373850744,0.0,0.0,0.0030764453068909004
2018-06-23 14:00:00,0.0,0.0,0.0,0.0028268356537907713,0.0,0.0,0.0,0.0,0.0,0.0,0.0,5.318188208159129e-07,0.0,0.0015736167480427318,0.00016925903770844723,0.0,0.0,0.0046939135086197115,0.0,0.005376856161995963,0.0,0.0,0.0033319420986082757
2018-06-23 15:00:00,0.0,0.0,0.0,0.0030225642283347913,0.0,0.0,0.0,0.0,0.0,0.0,0.0,5.686416688560503e-07,0.0,0.0017599333503596716,0.0001971877003206881,0.0,0.0,0.00501891754585231,0.0,0.004498442120700022,0.0,0.0,0.0037460086733037963
2018-06-23 16:00:00,0.0,0.0,0.0,0.0029876627471039875,0.0,0.0,0.0,0.0,0.0,0.0,0.0,5.620755762825382e-07,0.004364049768592766,0.0017627419170286537,0.0006101618519551578,0.0,0.0,0.004960964217720051,0.0,0.0030569062631742075,0.0,0.0,0.0039495263698987185
2018-06-23 17:00:00,0.0,0.0,0.0,0.003169435474616754,0.0,0.0,0.0,0.0,0.0,0.0,0.0,5.962728800673189e-07,0.02232738811412054,0.0018499033718095055,0.0005127131391683373,0.0,0.0,0.005262794803458792,0.0,0.0016627392478307421,0.0,0.0,0.004193606667713926
2018-06-23 18:00:00,0.0,0.0,0.0,0.0034717743355361114,0.0,0.0,0.0,0.0,0.0,0.0,0.0,6.531525562116823e-07,0.02175474920088725,0.0020615267777895708,0.00033803215105382016,0.0,0.0,0.005764823445112224,0.0,0.0006134996384726961,0.0,0.0,0.0038214062509832453
2018-06-23 19:00:00,0.0,0.0,0.0,0.0036969484727126076,0.0,0.0,0.0,0.0,0.0,0.0,0.0,6.955150628366634e-07,0.023548522054336246,0.0021761531715621917,0.0006221480104003947,0.0,0.0,0.0061387213485390385,0.0,9.804899780491e-05,0.0,0.0,0.003030403578852088
2018-06-23 20:00:00,0.0,0.0,0.0,0.0037231790511426657,0.0,0.0,0.0,0.0,0.0,0.0,0.0,7.004498793589067e-07,0.036265252871560856,0.002131146620186239,0.000793254771091655,0.0,0.0,0.006182276787026116,0.0,0.0,0.0,0.0,0.0027948855033146747
2018-06-23 21:00:00,0.0,0.0,0.0,0.003997980472107698,0.0,0.0,0.0,0.0,0.0,0.0,0.0,7.521488762426422e-07,0.03322039271702216,0.0022437776530545286,0.0005604928647412244,0.0,0.0,0.006638579968403469,0.0,0.0,0.0,0.0,0.0028328376599551916
2018-06-23 22:00:00,0.0,0.0,0.0,0.004683115756666389,0.0,0.0,0.0,0.0,0.0,0.0,0.0,8.299698211846237e-07,0.021673136414212476,0.002303426590912845,0.0003387066161022342,0.0,0.0,0.007325439422072862,0.0,0.0,0.0,0.0,0.002799666820376111
2018-06-23 23:00:00,0.0,0.0,0.0,0.004971186655488218,0.0,0.0,0.0,0.0,0.0,0.0,0.0,8.810234711063249e-07,0.0,0.002393792630633501,0.0002914577456069536,0.0,0.0,0.007776046673362236,0.0,0.0,0.0,0.0,0.002605618734750019
2018-06-24 00:00:00,0.0,0.0,0.0,0.004854113970312723,0.0,0.0,0.0,0.0,0.0,0.0,0.0,8.60275148701013e-07,0.0,0.0023458577522770287,0.0002605214853077119,0.0,0.0,0.007592918835445416,0.0,0.0,0.0,0.0,0.0023978212394395646
2018-06-24 01:00:00,0.0,0.0,0.0,0.00496134462144377,0.0,0.0,0.0,0.0,0.0,0.0,0.0,8.792792068898497e-07,0.0,0.0023762286522549217,0.00025167504462010484,0.0,0.0,0.007760651533047808,0.0,0.0,0.0,0.0,0.0024334478003630033
2018-06-24 02:00:00,0.0,0.0,0.0,0.005219806966947914,0.0,0.0,0.0,0.0,0.0,0.0,0.0,9.250854516694433e-07,0.0,0.0024927101437001603,0.0002760355942248712,0.0,0.0,0.00816494439131899,0.0,0.0,0.0,0.0,0.002231578234925495
2018-06-24 03:00:00,0.0,0.0,0.0,0.0052391586051406605,0.0,0.0,0.0,0.0,0.0,0.0,0.0,9.285150648853031e-07,0.0,0.0024814761426057604,0.0003321793713561682,0.0,0.0,0.00819521467731332,0.0,0.00015291069916100944,0.0,0.0,0.002147844914736163
2018-06-24 04:00:00,0.0,0.0,0.0,0.004932261421240493,0.0,0.0,0.0,0.0,0.0,0.0,0.0,8.741249079729738e-07,0.0,0.002359718930551144,0.00026025802035668376,0.0,0.0,0.007715158909683576,0.0,0.0010853163460122993,0.0,0.0,0.0017795407261844694
2018-06-24 05:00:00,0.0,0.0,0.0,0.004093635676133276,0.0,0.0,0.0,0.0,0.0,0.0,0.0,7.254986309656932e-07,0.0,0.002074898010054538,0.00019987971809985833,0.0,0.0,0.0064033608647967545,0.0,0.002619732508201768,0.0,0.0,0.0018778959300936714
2018-06-24 06:00:00,0.0,0.0,0.0,0.003970956303493976,0.0,0.0,0.0,0.0,0.0,0.0,0.0,7.037566578300642e-07,0.0,0.002001352519981378,0.0002036439621047861,0.0,0.0,0.0062114629149483385,0.0,0.004456163123479595,0.0,0.0,0.002062951687545092
2018-06-24 07:00:00,0.0,0.0,0.0,0.0037844349241286292,0.0,0.0,0.0,0.0,0.0,0.0,0.0,6.707002219180117e-07,0.0,0.0019115967855927913,0.0001741707850002619,0.0,0.0,0.005919701801950582,0.0,0.006033967241912168,0.0,0.0,0.002081383869599442
2018-06-24 08:00:00,0.0,0.0,0.0,0.003350068417487991,0.0,0.0,0.0,0.0,0.0,0.0,0.0,5.937191882265136e-07,0.0,0.0016730659012306776,0.00016683420256227526,0.0,0.0,0.005240255532264859,0.0,0.006789380730491526,0.0,0.0,0.0017917283214867504
2018-06-24 09:00:00,0.0,0.0,0.0,0.0034214589686451234,0.0,0.0,0.0,0.0,0.0,0.0,0.0,6.063714492546148e-07,0.0,0.0016746585844671588,0.00020147029470561544,0.0,0.0,0.0053519263055242065,0.0,0.008029239699826121,0.0,0.0,0.0019206466319635436
2018-06-24 10:00:00,0.0,0.0,0.0,0.003449727026967009,0.0,0.0,0.0,0.0,0.0,0.0,0.0,6.113812838454541e-07,0.0,0.0016638658847153726,0.00022399993439915468,0.0,0.0,0.0053961438648535524,0.0,0.008585382629407789,0.0,0.0,0.0017863717338542574
2018-06-24 11:00:00,0.0,0.0,0.0,0.003607799633053696,0.0,0.0,0.0,0.0,0.0,0.0,0.0,6.393958577797413e-07,0.0,0.0016912019496199899,0.00017231196092809965,0.0,0.0,0.005643404739951264,0.0,0.00879715566794996,0.0,0.0,0.0017943053601685408
2018-06-24 12:00:00,0.0,0.0,0.0,0.0036476481754504314,0.0,0.0,0.0,0.0,0.0,0.0,0.0,6.464580551128749e-07,0.0,0.0017019117073836063,0.00018148468887477302,0.0,0.0,0.005705736763875649,0.0,0.008315504090403771,0.0,0.0,0.001577630006938932
2018-06-24 13:00:00,0.0,0.0,0.0,0.003685406571064215,0.0,0.0,0.0,0.0,0.0,0.0,0.0,6.5314982411542e-07,0.0,0.0017343858145600747,0.0003163380162082059,0.0,0.0,0.005764799331216567,0.0,0.007384909320202179,0.0,0.0,0.0011974378551339252
2018-06-24 14:00:00,0.0,0.0,0.0,0.0038875043671443297,0.0,0.0,0.0,0.0,0.0,0.0,0.0,6.889668058835194e-07,0.0,0.001814182231762559,0.0003796299126212124,0.0,0.0,0.006080925440295101,0.0,0.00673998956456981,0.0,0.0,0.0008215182989935086
2018-06-24 15:00:00,0.0,0.0,0.0,0.0039787471320664606,0.0,0.0,0.0,0.0,0.0,0.0,0.0,7.051373951283001e-07,0.010935751760299114,0.0019292453612825716,0.0007624201283463538,0.0,0.0,0.006223649511590596,0.0,0.005424145305805737,0.0,0.0,0.0005986039650740954
2018-06-24 16:00:00,0.0,0.0,0.0,0.00397607787836061,0.0,0.0,0.0,0.0,0.0,0.0,0.0,7.04664334000612e-07,0.046269162172759545,0.001953156367025802,0.0009062004146251174,0.0,0.0,0.006219474202386135,0.0,0.0036276602701098564,0.0,0.0,0.0006577606032331359
2018-06-24 17:00:00,0.0,0.0,0.0,0.00402972971434819,0.0,0.0,0.0,0.0,0.0,0.0,0.0,7.141728336906853e-07,0.07061750243640946,0.0019766593875554382,0.0010236717213780605,0.0,0.0,0.006303397661645188,0.0,0.0018719506937783705,0.0,0.0,0.0007810628178813488
2018-06-24 18:00:00,0.0,0.0,0.0,0.004066147524528231,0.0,0.0,0.0,0.0,0.0,0.0,0.0,7.206270161140083e-07,0.08245291335686028,0.0020281195650080864,0.000722819916067837,0.0,0.0,0.006360363253832114,0.0,0.0006444848777172989,0.0,0.0,0.0008410697903984866
2018-06-24 19:00:00,0.0,0.0,0.0,0.004017477379280408,0.0,0.0,0.0,0.0,0.0,0.0,0.0,7.120014014917638e-07,0.09721057162110847,0.0019845576677434756,0.0007985164483687936,0.0,0.0,0.006284232271981218,0.0,9.484363533045197e-05,0.0,0.0,0.0009266666187455065
2018-06-24 20:00:00,0.0,0.0,0.0,0.00401323910584857,0.0,0.0,0.0,0.0,0.0,0.0,0.0,7.112502692915089e-07,0.09704511338592729,0.0019884537013127577,0.0009837701214536838,0.0,0.0,0.006277602665349157,0.0,0.0,0.0,0.0,0.0009905302793747756
2018-06-24 21:00:00,0.0,0.0,0.0,0.004488014340274567,0.0,0.0,0.0,0.0,0.0,0.0,0.0,7.953927797256158e-07,0.04702809028487583,0.002113205092996322,0.0012732145818114113,0.0,0.0,0.007020257214072891,0.0,0.0,0.0,0.0,0.0011449383162263189
2018-06-24 22:00:00,0.0,0.0,0.0,0.005335726051224249,0.0,0.0,0.0,0.0,0.0,0.0,0.0,9.456293260145866e-07,0.0036152508720145994,0.0023526745197545366,0.0006555838814917221,0.0,0.0,0.008346267739673058,0.0,0.0,0.0,0.0,0.0010423267788544398
2018-06-24 23:00:00,0.0,0.0,0.0,0.005533531259592025,0.0,0.0,0.0,0.0,0.0,0.0,0.0,9.806855496803572e-07,0.0,0.002455813875061019,0.0005056198801701357,0.0,0.0,0.00865567928244904,0.0,0.0,0.0,0.0,0.0007286393887089028
2018-06-25 00:00:00,0.0,0.0,0.0,0.0053584317173869115,0.0,0.0,0.0,0.0,0.0,0.0,0.0,9.496533601542677e-07,0.0,0.0024053112017542915,0.000535192453599922,0.0,0.0,0.008381784474824358,0.0,0.0,0.0,0.0,0.0007282208939633609
2018-06-25 01:00:00,0.0,0.0,0.0,0.0055659853817742015,0.0,0.0,0.0,0.0,0.0,0.0,0.0,9.864372635785031e-07,0.0,0.002536503151397109,0.00043003386654707105,0.0,0.0,0.008706444780975028,0.0,0.0,0.0,0.0,0.001139621572474569
2018-06-25 02:00:00,0.0,0.0,0.0,0.00547741767126235,0.0,0.0,0.0,0.0,0.0,0.0,0.0,9.707407634969892e-07,0.0,0.002453665353468522,0.000358963470243278,0.0,0.0,0.008567905092481808,0.0,0.0,0.0,0.0,0.0014171265682377827
2018-06-25 03:00:00,0.0,0.0,0.0,0.005129074914589345,0.0,0.0,0.0007885496713443781,0.0,0.0,0.0,0.0,9.090053739637922e-07,0.0,0.0023081967891309544,0.00037583388629153734,0.0,0.0,0.0080230191885847,0.0,0.00010682680712023243,0.0,0.0,0.0011803556801286317
2018-06-25 04:00:00,0.0,0.0,0.0,0.0042377449394036095,0.0,0.0,0.01248266096470126,0.0,0.0,0.0,0.0,7.51038537660775e-07,0.05153591170386894,0.001893646618180741,0.0010769066428220964,0.0,0.0,0.006628779951810277,0.0,0.0007988428227991398,0.0,0.0,0.0008609556273971058
2018-06-25 05:00:00,0.0,0.0,0.0,0.0033760877446395807,0.0,0.0,0.00950075187849653,0.0,0.0,0.0,0.0,5.983304892118905e-07,0.12363013701001432,0.0015423259778220095,0.0012048402189433027,0.0,0.0,0.005280955573595409,0.0,0.0020033479495711925,0.0,0.0,0.0005981770267752433
2018-06-25 06:00:00,0.0,0.0,0.0,0.003304176005783504,0.0,0.0,0.009048070532057376,0.0,0.0,0.0,0.0,5.855858601784327e-07,0.13408979712610564,0.0015052541230295294,0.0010476295835858086,0.0,0.0,0.005168469546322595,0.0,0.0034220045739648975,0.0,0.0,0.0005260572409161648
2018-06-25 07:00:00,0.0,0.0,0.0,0.003262235816369461,0.0,0.0,0.008918684880050199,0.0,0.0,0.0,0.0,5.781529686341927e-07,0.11635852249336134,0.0015320253147966636,0.001150223717176569,0.0,0.0,0.0051028657191130086,0.0,0.004744780529495842,0.0,0.0,0.0004247939130555272
2018-06-25 08:00:00,0.0,0.0,0.0,0.0031432263516183176,0.0,0.0,0.00869837562281539,0.0,0.0,0.0,0.0,5.57061398553274e-07,0.09194983671695267,0.0016244648831052837,0.001072935002827566,0.0,0.0,0.004916708325192771,0.0,0.0057767797769278486,0.0,0.0,0.0003694281333066272
2018-06-25 09:00:00,0.0,0.0,0.0,0.003082839867033088,0.0,0.0,0.00843510047705884,0.0,0.0,0.0,0.0,5.463593441054788e-07,0.10197508880822001,0.0015886553270561296,0.0009564487330534288,0.0,0.0,0.004822250370761185,0.0,0.006604703333110055,0.0,0.0,0.000433577020326334
2018-06-25 10:00:00,0.0,0.0,0.0,0.0031370176447267834,0.0,0.0,0.01020494652301619,0.0,0.0,0.0,0.0,5.559610543345305e-07,0.05343265027484095,0.0016212079367305028,0.00099782862469667,0.0,0.0,0.004906996520363135,0.0,0.0072537625336703245,0.0,0.0,0.00047903212332053375
2018-06-25 11:00:00,0.0,0.0,0.0,0.0031509249613084107,0.0,0.0,0.01740425720112227,0.0,0.0,0.0,0.0,5.584257922688813e-07,0.029093176538832803,0.001646624182691526,0.0008370114165098359,0.0,0.0,0.004928750670897909,0.0,0.00726894627858011,0.0,0.0,0.0006486647625569775
2018-06-25 12:00:00,0.0,0.0,0.0,0.0033213140655058973,0.0,0.0,0.01867842275592157,0.0,0.0,0.0,0.0,5.886231697608401e-07,0.012281608308166905,0.0017769071986199032,0.0006258192284175198,0.0,0.0,0.005195277300995228,0.0,0.007365974847064295,0.0,0.0,0.000751690208985267
2018-06-25 13:00:00,0.0,0.0,0.0,0.003348728450344159,0.0,0.0,0.01888482668529363,0.0,0.0,0.0,0.0,5.934817112243327e-07,0.009513256500989645,0.0017972931224276066,0.0006062296638846879,0.0,0.0,0.005238159524254436,0.0,0.007079294653521488,0.0,0.0,0.0007627889923965497
2018-06-25 14:00:00,0.0,0.0,0.0,0.0034292617715286694,0.0,0.0,0.019522366359247253,0.0,0.0,0.0,0.0,6.077543087119701e-07,0.006636055633839385,0.001809807430828876,0.0005533399617638096,0.0,0.0,0.00536413163266446,0.0,0.006548686263016788,0.0,0.0,0.0007460940736100745
2018-06-25 15:00:00,0.0,0.0,0.0,0.0035123898105656947,0.0,0.0,0.006026072463184967,0.0,0.0,0.0,0.0,6.224867576369784e-07,0.01832904442649388,0.0018503819233046442,0.0006163229374054893,0.0,0.0,0.005494162459550301,0.0,0.005480476953510213,0.0,0.0,0.000762701773091408
2018-06-25 16:00:00,0.0,0.0,0.0,0.00353815969976206,0.0,0.0,0.0,0.0,0.0,0.0,0.0,6.316308871481843e-07,0.02360170482890934,0.0019457258340940446,0.0008136831872522708,0.0,0.0,0.005574869932391086,0.0,0.0037909724261982595,0.0,0.0,0.0007854222066611304
2018-06-25 17:00:00,0.0,0.0,0.0,0.0036289721606150124,0.0,0.0,0.0,0.0,0.0,0.0,0.0,6.623466330464335e-07,0.05497994316151049,0.0019747908722944772,0.0010177186939359765,0.0,0.0,0.005845971760600035,0.0,0.001961517196416151,0.0,0.0,0.0008636321894519312
2018-06-25 18:00:00,0.0,0.0,0.0,0.0036230518164643145,0.0,0.0,0.0,0.0,0.0,0.0,0.0,6.612660736370093e-07,0.05808773936937908,0.0019939015543930317,0.0009107432219022506,0.0,0.0,0.0058364345794958,0.0,0.0006138085019060929,0.0,0.0,0.0012983774438936567
2018-06-25 19:00:00,0.0,0.0,0.0,0.0037358312473164813,0.0,0.0,0.0,0.0,0.0,0.0,0.0,6.818501599831459e-07,0.026469999395540636,0.002118421213314514,0.0008240802306802125,0.0,0.0,0.006018112845064686,0.0,8.255112055367154e-05,0.0,0.0,0.0015924961031865078
2018-06-25 20:00:00,0.0,0.0,0.0,0.003865680616362536,0.0,0.0,0.0,0.0,0.0,0.0,0.0,7.055497885788865e-07,0.016434023402738737,0.00210911426990941,0.0009545742091556357,0.0,0.0,0.006227289358682889,0.0,0.0,0.0,0.0,0.0016574717393393343
2018-06-25 21:00:00,0.0,0.0,0.0,0.004086913269480278,0.0,0.0,0.0,0.0,0.0,0.0,0.0,7.459283576136053e-07,0.0038194666072564358,0.002148868654817687,0.0007179621060889852,0.0,0.0,0.0065836767282762,0.0,0.0,0.0,0.0,0.00208834667521215
2018-06-25 22:00:00,0.0,0.0,0.0,0.004385152373724188,0.0,0.0,0.0,0.0,0.0,0.0,0.0,8.003618604887722e-07,0.0,0.0022207688455774858,0.00042185848777682566,0.0,0.0,0.0070641150739429465,0.0,0.0,0.0,0.0,0.002415379709355132
2018-06-25 23:00:00,0.0,0.0,0.0,0.004611886412007003,0.0,0.0,0.0,0.0,0.0,0.0,0.0,8.417445220819086e-07,0.0,0.0023374205306127046,0.0003807136558234613,0.0,0.0,0.007429364716625107,0.0,0.0,0.0,0.0,0.0023770214722622796
2018-06-26 00:00:00,0.0,0.0,0.0,0.004789985911508703,0.0,0.0,0.0,0.0,0.0,0.0,0.0,8.742505867804634e-07,0.0,0.0024254848078218076,0.00043839834144803066,0.0,0.0,0.007716268169884856,0.0,0.0,0.0,0.0,0.0017864833288070744
2018-06-26 01:00:00,0.0,0.0,0.0,0.004870002447105091,0.0,0.0,0.0,0.0,0.0,0.0,0.0,8.888549101521053e-07,0.0,0.002433360051185871,0.0004725696848496331,0.0,0.0,0.00784516814121951,0.0,0.0,0.0,0.0,0.001640803254924357
2018-06-26 02:00:00,0.0,0.0,0.0,0.004868284770863292,0.0,0.0,0.0,0.0,0.0,0.0,0.0,8.885414062107508e-07,0.0,0.002418462083307603,0.0005057477129294546,0.0,0.0,0.007842401107922208,0.0,0.0,0.0,0.0,0.0016535385076020973
2018-06-26 03:00:00,0.0,0.0,0.0,0.0047809871587908,0.0,0.0,0.0,0.0,0.0,0.0,0.0,8.726081675773055e-07,0.005394333820760126,0.002416761448315936,0.0004930275043570257,0.0,0.0,0.007701771929092378,0.0,0.0001647073321527874,0.0,0.0,0.0015777386228490948
2018-06-26 04:00:00,0.0,0.0,0.0,0.004099938775938532,0.0,0.0,0.0,0.0,0.0,0.0,0.0,7.483057250786915e-07,0.027520147309478514,0.002188460565357169,0.0010849254726470262,0.0,0.0,0.006604659733808424,0.0,0.001026161400285353,0.0,0.0,0.000998469965717828
2018-06-26 05:00:00,0.0,0.0,0.0,0.003178258302783527,0.0,0.0,0.005061320908217632,0.0,0.0,0.0,0.0,5.800839997195741e-07,0.12592593346213704,0.0018068800323520666,0.0010904268707992424,0.0,0.0,0.0051199092921165555,0.0,0.0023612796361340525,0.0,0.0,0.000487996439564761
2018-06-26 06:00:00,0.0,0.0,0.0,0.0030293406566875465,0.0,0.0,0.011740671895106174,0.0,0.0,0.0,0.0,5.529040994262202e-07,0.11977569165804743,0.001714154095544075,0.0012150876285725652,0.0,0.0,0.004880015373066871,0.0,0.004026022969073534,0.0,0.0,0.0003086880709381609
2018-06-26 07:00:00,0.0,0.0,0.0,0.0029480184352785313,0.0,0.0,0.014050180034624896,0.0,0.0,0.0,0.0,5.380614670889719e-07,0.10831618512114016,0.001672902736097913,0.00117086007709216,0.0,0.0,0.0047490120506865205,0.0,0.005442683206630014,0.0,0.0,0.0003312938161451481
2018-06-26 08:00:00,0.0,0.0,0.0,0.0029080062950868953,0.0,0.0,0.015274124541824004,0.0,0.0,0.0,0.0,5.307585986281622e-07,0.09984052618936341,0.0016452204578754244,0.0011299842177377383,0.0,0.0,0.004684555826916031,0.0,0.006267449281056363,0.0,0.0,0.00046391181923717865
2018-06-26 09:00:00,0.0,0.0,0.0,0.0028561909714466577,0.0,0.0,0.014903658638795194,0.0,0.0,0.0,0.0,5.213014565961036e-07,0.09588411384619594,0.0016089812093936764,0.0010381412394747476,0.0,0.0,0.00460108565812977,0.0,0.006736505425125608,0.0,0.0,0.0005795742675267694
2018-06-26 10:00:00,0.0,0.0,0.0,0.00291003483933551,0.0,0.0,0.015124519939589454,0.0,0.0,0.0,0.0,5.311288410531767e-07,0.08283044203979846,0.001608464414477953,0.0009709003507348044,0.0,0.0,0.004687823642668723,0.0,0.007171577511028959,0.0,0.0,0.0006211901420314412
2018-06-26 11:00:00,0.0,0.0,0.0,0.0028674910078548,0.0,0.0,0.015074481024735775,0.0,0.0,0.0,0.0,5.233638976226468e-07,0.07557054518777143,0.0015624122407360524,0.0008892986778311617,0.0,0.0,0.004619289075188928,0.0,0.006834004419885882,0.0,0.0,0.0007728284604049904
2018-06-26 12:00:00,0.0,0.0,0.0,0.0030388641588110074,0.0,0.0,0.016310102917399445,0.0,0.0,0.0,0.0,5.546422939581992e-07,0.052030356926894006,0.0016042647834856843,0.0006273309184323108,0.0,0.0,0.004895356941426087,0.0,0.006816368517461874,0.0,0.0,0.0009448365729176647
2018-06-26 13:00:00,0.0,0.0,0.0,0.003168192523837314,0.0,0.0,0.0030969656702494173,0.0,0.0,0.0,0.0,5.782468308191426e-07,0.037212582706187665,0.001691917294381835,0.0005894577469184515,0.0,0.0,0.005103694160982004,0.0,0.006587913570893508,0.0,0.0,0.0010384123093418235
2018-06-26 14:00:00,0.0,0.0,0.0,0.0031415804510238647,0.0,0.0,0.0,0.0,0.0,0.0,0.0,5.733896933029959e-07,0.026976227145014343,0.0016859195063367504,0.0006765759909594607,0.0,0.0,0.005060824329174839,0.0,0.005468718651802681,0.0,0.0,0.001559546500547313
2018-06-26 15:00:00,0.0,0.0,0.0,0.003068743154539847,0.0,0.0,0.0,0.0,0.0,0.0,0.0,5.600956982126016e-07,0.06043561151635379,0.0016462479825413794,0.0007981355620272347,0.0,0.0,0.004943489513828155,0.0,0.004118948631680805,0.0,0.0,0.0016647363059661023
2018-06-26 16:00:00,0.0,0.0,0.0,0.0030833874626283687,0.0,0.0,0.0,0.0,0.0,0.0,0.0,5.627685233891064e-07,0.11035852844019252,0.0017261213801272387,0.0010111503399379918,0.0,0.0,0.004967080273897395,0.0,0.003057867452144057,0.0,0.0,0.0015460886259814272
2018-06-26 17:00:00,0.0,0.0,0.0,0.003238535934386545,0.0,0.0,0.0,0.0,0.0,0.0,0.0,5.910856510338422e-07,0.12193566308847849,0.001815746750661881,0.0009713689282228296,0.0,0.0,0.005217011533894948,0.0,0.0017233327496254372,0.0,0.0,0.0011420122318169111
2018-06-26 18:00:00,0.0,0.0,0.0,0.0031665541575307456,0.0,0.0,0.0,0.0,0.0,0.0,0.0,5.779478022350632e-07,0.12180989144968983,0.001775890561984612,0.001085882340745749,0.0,0.0,0.005101054889381725,0.0,0.0005774600153004218,0.0,0.0,0.0012111604722784316
2018-06-26 19:00:00,0.0,0.0,0.0,0.003451102480022987,0.0,0.0,0.0,0.0,0.0,0.0,0.0,6.298825140488364e-07,0.09603360837791552,0.0019386994512574924,0.0011056281950896558,0.0,0.0,0.005559438526453728,0.0,9.54052883393607e-05,0.0,0.0,0.001417676520753886
2018-06-26 20:00:00,0.0,0.0,0.0,0.003511605780374909,0.0,0.0,0.0,0.0,0.0,0.0,0.0,6.409253535920036e-07,0.08112551972761321,0.0019510980627768832,0.0008047888979996711,0.0,0.0,0.005656904301782381,0.0,0.0,0.0,0.0,0.0017214378731196388
2018-06-26 21:00:00,0.0,0.0,0.0,0.0041464265300061205,0.0,0.0,0.0,0.0,0.0,0.0,0.0,7.56790498734089e-07,0.02303481785621201,0.00209093544130014,0.0005410928172210331,0.0,0.0,0.006679547631941758,0.0,0.0,0.0,0.0,0.0020601147309883563
2018-06-26 22:00:00,0.0,0.0,0.0,0.004516828647513527,0.0,0.0,0.0,0.0,0.0,0.0,0.0,8.122714741712866e-07,0.008717495200562645,0.002192180238753945,0.00040551293660878344,0.0,0.0,0.007169231129183396,0.0,0.0,0.0,0.0,0.0027333128171255095
2018-06-26 23:00:00,0.0,0.0,0.0,0.004670314614079517,0.0,0.0,0.0,0.0,0.0,0.0,0.0,8.398732014132073e-07,0.0077673205681836974,0.002234006041816988,0.00042225778953022586,0.0,0.0,0.0074128481568081755,0.0,0.0,0.0,0.0,0.00273774465493227
2018-06-27 00:00:00,0.0,0.0,0.0,0.004613028489439092,0.0,0.0,0.0,0.0,0.0,0.0,0.0,8.388230331575914e-07,0.011541606726814048,0.0022499286569074863,0.0003982576883693136,0.0,0.0,0.00740357921263317,0.0,0.0,0.0,0.0,0.002581525154671383
2018-06-27 01:00:00,0.0,0.0,0.0,0.004795298813392633,0.0,0.0,0.0,0.0,0.0,0.0,0.0,8.752202780646013e-07,0.01426165067232118,0.0023178447861515765,0.0004125629673558302,0.0,0.0,0.007724826812113467,0.0,0.0,0.0,0.0,0.0027320208382128736
2018-06-27 02:00:00,0.0,0.0,0.0,0.004715505334467432,0.0,0.0,0.0,0.0,0.0,0.0,0.0,8.60656666175054e-07,0.0070460033162473845,0.0022908576780085294,0.0003436897361179027,0.0,0.0,0.007596286166489526,0.0,0.0,0.0,0.0,0.003396583676963843
2018-06-27 03:00:00,0.0,0.0,0.0,0.0045859177927600565,0.0,0.0,0.00015784569015915624,0.0,0.0,0.0,0.0,8.370048253408445e-07,0.010167503161708327,0.0022300822735201245,0.00034365701340361966,0.0,0.0,0.007387531434896737,0.0,0.00012664796534825172,0.0,0.0,0.003488809722499577
2018-06-27 04:00:00,0.0,0.0,0.0,0.0038419868789912087,0.0,0.0,0.001902309070156416,0.0,0.0,0.0,0.0,6.909131582095475e-07,0.048774992561112895,0.0018524183567432968,0.0009850922854686248,0.0,0.0,0.0060981042408904985,0.0,0.0008095485178239219,0.0,0.0,0.0025988208948625395
2018-06-27 05:00:00,0.0,0.0,0.0,0.0029772898317342047,0.0,0.0,0.005848036507527259,0.0,0.0,0.0,0.0,5.434039745618584e-07,0.12170177705445415,0.0015091543566501462,0.001148663920772655,0.0,0.0,0.004796165831288738,0.0,0.0019004904955683135,0.0,0.0,0.001857450776751421
2018-06-27 06:00:00,0.0,0.0,0.0,0.002956372210439638,0.0,0.0,0.00464013297666154,0.0,0.0,0.0,0.0,5.395861673639525e-07,0.11682699174382717,0.0015144790370743943,0.0010978373501485444,0.0,0.0,0.004762469286378832,0.0,0.003405096414218284,0.0,0.0,0.0017377140903829576
2018-06-27 07:00:00,0.0,0.0,0.0,0.0028465727781493144,0.0,0.0,0.009543061660751268,0.0,0.0,0.0,0.0,5.195459793798207e-07,0.10038651805140882,0.0014916098345399875,0.0008972134011668175,0.0,0.0,0.004585591550179731,0.0,0.004669028195784091,0.0,0.0,0.0016901655639246032
2018-06-27 08:00:00,0.0,0.0,0.0,0.0028162932248611207,0.0,0.0,0.0273294412901671,0.0,0.0,0.0,0.0,5.14019466834961e-07,0.04989677632688957,0.0015887814379105898,0.0007731402915295239,0.0,0.0,0.004536813712926671,0.0,0.005465231523712388,0.0,0.0,0.0017064394479881237
2018-06-27 09:00:00,0.0,0.0,0.0,0.0026455977627178246,0.0,0.0,0.045293516985551584,0.0,0.0,0.0,0.0,4.828647597655752e-07,0.04790233512139176,0.0015051876373011832,0.0005924901342506483,0.0,0.0,0.004261837546897563,0.0,0.005744064821713027,0.0,0.0,0.0016657963907166222
2018-06-27 10:00:00,0.0,0.0,0.0,0.0026943657327264756,0.0,0.0,0.05033879960392625,0.0,0.0,0.0,0.0,4.917657100363717e-07,0.02487598638441685,0.0015300732214534765,0.0004488936555965542,0.0,0.0,0.004340398682909157,0.0,0.005660232309984923,0.0,0.0,0.0015427256615572614
2018-06-27 11:00:00,0.0,0.0,0.0,0.002816000017570448,0.0,0.0,0.05506550881617661,0.0,0.0,0.0,0.0,5.064076289007523e-07,0.011009136215390774,0.001550305812027544,0.00049073229555384,0.0,0.0,0.004469630477760245,0.0,0.005660691897861177,0.0,0.0,0.0014291611367289454
2018-06-27 12:00:00,0.0,0.0,0.0,0.0028457459479676065,0.0,0.0,0.04878215785586863,0.0,0.0,0.0,0.0,5.117569065953128e-07,0.00965679095809707,0.001576900823339705,0.0003913259688329746,0.0,0.0,0.004516844013364971,0.0,0.005797157643372913,0.0,0.0,0.001607187809742974
2018-06-27 13:00:00,0.0,0.0,0.0,0.0028484464634848596,0.0,0.0,0.04475190037782764,0.0,0.0,0.0,0.0,5.122425463862819e-07,0.007516286975982802,0.001585735114523127,0.00044956780778747233,0.0,0.0,0.004521130343757822,0.0,0.005541708571248343,0.0,0.0,0.001674595758013292
2018-06-27 14:00:00,0.0,0.0,0.0,0.0028551898880547484,0.0,0.0,0.04387046464438987,0.0,0.0,0.0,0.0,5.078539018231964e-07,0.005605139820384073,0.0015803061257272891,0.00044976691153079013,0.0,0.0,0.004482395501753559,0.0,0.0047190526012494995,0.0,0.0,0.00227308237353377
2018-06-27 15:00:00,0.0,0.0,0.0,0.0030789487323028145,0.0,0.0,0.012335230281682576,0.0,0.0,0.0,0.0,5.536942888152657e-07,0.019073305072028576,0.001774673301084546,0.000722912467633656,0.0,0.0,0.0048869897043662385,0.0,0.004145799717551509,0.0,0.0,0.00130661506576836
2018-06-27 16:00:00,0.0,0.0,0.0,0.00321094110311682,0.0,0.0,0.0,0.0,0.0,0.0,0.0,5.690622123518163e-07,0.0760282353370787,0.0017889016623003954,0.0008311521310990875,0.0,0.0,0.005022629326478482,0.0,0.002925356713644016,0.0,0.0,0.001275849226489128
2018-06-27 17:00:00,0.0,0.0,0.0,0.0033142856573112993,0.0,0.0,0.0,0.0,0.0,0.0,0.0,5.873775531680452e-07,0.09691348431844066,0.001827252605497764,0.000797304340377649,0.0,0.0,0.005184283300176471,0.0,0.0014838047237418,0.0,0.0,0.0014666643567406545
2018-06-27 18:00:00,0.0,0.0,0.0,0.003403341034139197,0.0,0.0,0.0,0.0,0.0,0.0,0.0,6.031604803946816e-07,0.08928600608046648,0.0018782363700612992,0.0009181804825283517,0.0,0.0,0.005323585807750407,0.0,0.000497985464690358,0.0,0.0,0.0017674146828877844
2018-06-27 19:00:00,0.0,0.0,0.0,0.0035540360893024166,0.0,0.0,0.0,0.0,0.0,0.0,0.0,6.298675605707768e-07,0.04905874135526894,0.001941989197335884,0.0008846297698659165,0.0,0.0,0.005559306544790205,0.0,8.111686694682996e-05,0.0,0.0,0.002596067092949028
2018-06-27 20:00:00,0.0,0.0,0.0,0.0036846400661760593,0.0,0.0,0.0,0.0,0.0,0.0,0.0,6.436852083924845e-07,0.02289443836777207,0.001979449971311775,0.000684949905426702,0.0,0.0,0.005681263198502003,0.0,0.0,0.0,0.0,0.0034921695100762805
2018-06-27 21:00:00,0.0,0.0,0.0,0.0037013862157596485,0.0,0.0,0.0,0.0,0.0,0.0,0.0,6.46610663414112e-07,0.0017412507166959855,0.0019037910422451997,0.0005189641281177395,0.0,0.0,0.005707083707869853,0.0,0.0,0.0,0.0,0.00481969511800449
2018-06-27 22:00:00,0.0,0.0,0.0,0.003644835226045677,0.0,0.0,0.0,0.0,0.0,0.0,0.0,6.603141835366871e-07,0.0,0.0019170793759537184,0.0003587478077342152,0.0,0.0,0.005828033053213278,0.0,0.0,0.0,0.0,0.005653813012169363
2018-06-27 23:00:00,0.0,0.0,0.0,0.0037546459966474287,0.0,0.0,0.0,0.0,0.0,0.0,0.0,6.702779362811917e-07,0.0,0.0019750448506759754,0.000317622095912285,0.0,0.0,0.005915974644923449,0.0,0.0,0.0,0.0,0.005669648583490358
2018-06-28 00:00:00,0.0,0.0,0.0,0.0038810787376168648,0.0,0.0,0.0,0.0,0.0,0.0,0.0,6.804320171496953e-07,0.0,0.0019683391654161967,0.0003686101272997642,0.0,0.0,0.006005596101499887,0.0,0.0,0.0,0.0,0.0054850283773951
2018-06-28 01:00:00,0.0,0.0,0.0,0.003953413687984277,0.0,0.0,0.0,0.0,0.0,0.0,0.0,6.906383982989199e-07,0.0,0.002005778644111611,0.00035373001091266624,0.0,0.0,0.006095679168279975,0.0,0.0,0.0,0.0,0.005494030663902297
2018-06-28 02:00:00,0.0,0.0,0.0,0.004047736757718745,0.0,0.0,0.0,0.0,0.0,0.0,0.0,7.071160904772119e-07,0.0,0.0020644998748233184,0.000390739953464053,0.0,0.0,0.006241113776607488,0.0,3.964101964187238e-06,0.0,0.0,0.005680235292808435
2018-06-28 03:00:00,0.0,0.0,0.0,0.004075770984914726,0.0,0.0,0.0,0.0,0.0,0.0,0.0,7.120135070635475e-07,0.002715112558018319,0.0021153315070676073,0.0003681226098540203,0.0,0.0,0.006284339117592356,0.0,0.0001022058259769798,0.0,0.0,0.0053097823757352535
2018-06-28 04:00:00,0.0,0.0,0.0,0.003510394799047883,0.0,0.0,0.0,0.0,0.0,0.0,0.0,6.13245572751437e-07,0.03422139712603547,0.0019075647885143747,0.0007448537310698216,0.0,0.0,0.0054125983612670825,0.0,0.0005763308290517685,0.0,0.0,0.004012694212291879
2018-06-28 05:00:00,0.0,0.0,0.0,0.0027982399053645152,0.0,0.0,0.0,0.0,0.0,0.0,0.0,4.9592083445323e-07,0.10623241679378799,0.0015793397107466568,0.0009598433079994897,0.0,0.0,0.004377072440713298,0.0,0.0013229888930485299,0.0,0.0,0.002978303949585351
2018-06-28 06:00:00,0.0,0.0,0.0,0.0027208874482991434,0.0,0.0,0.0,0.0,0.0,0.0,0.0,4.822119687547153e-07,0.11150884727728579,0.001573401774813446,0.0010872224906705499,0.0,0.0,0.004256075914506517,0.0,0.0022337578258440453,0.0,0.0,0.0023271087672532722
2018-06-28 07:00:00,0.0,0.0,0.0,0.002870428235253282,0.0,0.0,0.0,0.0,0.0,0.0,0.0,5.087144826059816e-07,0.0912491126915258,0.001735443712411881,0.0009474878262655483,0.0,0.0,0.00448999111816175,0.0,0.0030967534857269793,0.0,0.0,0.0019931656818001652
2018-06-28 08:00:00,0.0,0.0,0.0,0.003065097555121018,0.0,0.0,0.0,0.0,0.0,0.0,0.0,5.373739244136613e-07,0.03398017028549022,0.0019006280890674278,0.0007164304018885502,0.0,0.0,0.004742943694838485,0.0,0.003891380891667497,0.0,0.0,0.0016189936920617694
2018-06-28 09:00:00,0.0,0.0,0.0,0.003074218906626489,0.0,0.0,0.0,0.0,0.0,0.0,0.0,5.370481789309823e-07,0.041676214397786175,0.001912018178204007,0.0006734408509097614,0.0,0.0,0.004740068615842273,0.0,0.004474727390092109,0.0,0.0,0.0011051395863010051
2018-06-28 10:00:00,0.0,0.0,0.0,0.0030445845149271473,0.0,0.0,0.0,0.0,0.0,0.0,0.0,5.395795014971629e-07,0.03348327470564606,0.001939955951110338,0.000517868033592464,0.0,0.0,0.004762410452428348,0.0,0.004928794101315575,0.0,0.0,0.0008138473657514378
2018-06-28 11:00:00,0.0,0.0,0.0,0.0031392756887366324,0.0,0.0,0.0,0.0,0.0,0.0,0.0,5.484132207255183e-07,0.02199593391315498,0.00196909724610631,0.0008715549189034842,0.0,0.0,0.004840378197070625,0.0,0.005114833679563978,0.0,0.0,0.0005669738491596721
2018-06-28 12:00:00,0.0,0.0,0.0,0.0032512025932431494,0.0,0.0,0.0,0.0,0.0,0.0,0.0,5.679662005439168e-07,0.023516995027777116,0.0020385139141835492,0.0009208242798231106,0.0,0.0,0.005012955760163523,0.0,0.005099787135736392,0.0,0.0,0.0005197846916788367
2018-06-28 13:00:00,0.0,0.0,0.0,0.0031258230575561003,0.0,0.0,0.0,0.0,0.0,0.0,0.0,5.460631242305154e-07,0.05136508885119398,0.0019438292458790216,0.000979207213403058,0.0,0.0,0.004819635889253217,0.0,0.004737502712525058,0.0,0.0,0.0007712261098049556
2018-06-28 14:00:00,0.0,0.0,0.0,0.0030252848418313052,0.0,0.0,0.0,0.0,0.0,0.0,0.0,5.284996821634629e-07,0.08399942999592748,0.0018906685473696401,0.0007846233554427798,0.0,0.0,0.004664618287864239,0.0,0.004043455518782551,0.0,0.0,0.0011142096676032378
2018-06-28 15:00:00,0.0,0.0,0.0,0.002939853085677194,0.0,0.0,0.0,0.0,0.0,0.0,0.0,5.135752508008997e-07,0.08984459974113665,0.0018630044232416476,0.0009562725245945005,0.0,0.0,0.004532892994889976,0.0,0.002952645483676537,0.0,0.0,0.0014582002224481966
2018-06-28 16:00:00,0.0,0.0,0.0,0.002916578813007965,0.0,0.0,0.0,0.0,0.0,0.0,0.0,5.095093706106471e-07,0.08153194486546966,0.001937211241561225,0.0010674228406594073,0.0,0.0,0.004497006920154645,0.0,0.0018957815391518172,0.0,0.0,0.0018857765312019943
2018-06-28 17:00:00,0.0,0.0,0.0,0.0028923891553507405,0.0,0.0,0.0,0.0,0.0,0.0,0.0,5.052835779822255e-07,0.09074295933308786,0.001914739573737081,0.0009745951395418791,0.0,0.0,0.004459709434005618,0.0,0.0009500992248836268,0.0,0.0,0.0019968001626213196
2018-06-28 18:00:00,0.0,0.0,0.0,0.0030510852378592113,0.0,0.0,0.0,0.0,0.0,0.0,0.0,5.33006861425362e-07,0.06884861573877483,0.0020713452946655325,0.0010049293967616642,0.0,0.0,0.004704399335083931,0.0,0.00034537941865487047,0.0,0.0,0.002241679216977027
2018-06-28 19:00:00,0.0,0.0,0.0,0.0030910448046109528,0.0,0.0,0.0,0.0,0.0,0.0,0.0,5.399875655348306e-07,0.05796870538628699,0.002106067900665384,0.00110161951551338,0.0,0.0,0.004766012087466108,0.0,4.604641988027131e-05,0.0,0.0,0.0022837463914015706
2018-06-28 20:00:00,0.0,0.0,0.0,0.0032894158884362265,0.0,0.0,0.0,0.0,0.0,0.0,0.0,5.746418411595406e-07,0.010815183992478453,0.0022711106897716497,0.0008764201756169877,0.0,0.0,0.005071875975917251,0.0,0.0,0.0,0.0,0.0024923375633406244
2018-06-28 21:00:00,0.0,0.0,0.0,0.0034505739107397494,0.0,0.0,0.0,0.0,0.0,0.0,0.0,6.027952111787243e-07,0.001487001400547276,0.0023278999919192278,0.0008144489074957011,0.0,0.0,0.005320361886294534,0.0,0.0,0.0,0.0,0.002784898801514686
2018-06-28 22:00:00,0.0,0.0,0.0,0.0035718490178020417,0.0,0.0,0.0,0.0,0.0,0.0,0.0,6.330244744396179e-07,0.0,0.0024678330085316164,0.00046774956423402804,0.0,0.0,0.005587169945020696,0.0,0.0,0.0,0.0,0.0027760844634135947
2018-06-28 23:00:00,0.0,0.0,0.0,0.003590625936372742,0.0,0.0,0.0,0.0,0.0,0.0,0.0,6.36352232402111e-07,0.0,0.002501081648945156,0.0004942556228081105,0.0,0.0,0.005616541241112847,0.0,0.0,0.0,0.0,0.0026847434631194463
2018-06-29 00:00:00,0.0,0.0,0.0,0.003534315527819875,0.0,0.0,0.0,0.0,0.0,0.0,0.0,6.26372564560049e-07,0.0,0.00246881900431844,0.00046496389680930427,0.0,0.0,0.005528459180339736,0.0,0.0,0.0,0.0,0.0028509906538787396
2018-06-29 01:00:00,0.0,0.0,0.0,0.0036168923086749927,0.0,0.0,0.0,0.0,0.0,0.0,0.0,6.410073162086207e-07,0.0,0.002522995035249278,0.00045981842766840055,0.0,0.0,0.005657627716257916,0.0,0.0,0.0,0.0,0.0029463635915737583
2018-06-29 02:00:00,0.0,0.0,0.0,0.003611374108528671,0.0,0.0,0.0,0.0,0.0,0.0,0.0,6.400293477306507e-07,0.0,0.0025062543173556794,0.00046547727608411857,0.0,0.0,0.0056489960182621495,0.0,3.5880128152144105e-06,0.0,0.0,0.0034071419578551934
2018-06-29 03:00:00,0.0,0.0,0.0,0.003557786969394888,0.0,0.0,0.0,0.0,0.0,0.0,0.0,6.305323140044715e-07,0.0,0.0024673683828531482,0.0004342484516984076,0.0,0.0,0.005565173759338072,0.0,7.432750402616448e-05,0.0,0.0,0.003715252427227458
2018-06-29 04:00:00,0.0,0.0,0.0,0.0032934664504926763,0.0,0.0,0.0,0.0,0.0,0.0,0.0,5.836878486511623e-07,0.010245425757114962,0.0023349869338658083,0.0005402816047807065,0.0,0.0,0.005151717408942984,0.0,0.0006177480715259552,0.0,0.0,0.003959298414908964
2018-06-29 05:00:00,0.0,0.0,0.0,0.002671637702207476,0.0,0.0,0.0,0.0,0.0,0.0,0.0,4.734836337997437e-07,0.06047127768919246,0.0018849176881415928,0.0008555574909886559,0.0,0.0,0.0041790383074319076,0.0,0.0014166464482651465,0.0,0.0,0.00343553129799531
2018-06-29 06:00:00,0.0,0.0,0.0,0.002664183127756323,0.0,0.0,0.0,0.0,0.0,0.0,0.0,4.721624894706881e-07,0.06547663995467473,0.0018728124855659889,0.0007070959713968162,0.0,0.0,0.004167377687366833,0.0,0.0024850236889147914,0.0,0.0,0.003625233411128329
2018-06-29 07:00:00,0.0,0.0,0.0,0.002669909628060585,0.0,0.0,0.0,0.0,0.0,0.0,0.0,4.731773741501403e-07,0.056093322588661655,0.0018657874076657237,0.0007255067415859264,0.0,0.0,0.0041763352133514595,0.0,0.0035749047386766926,0.0,0.0,0.0036533857539409508
2018-06-29 08:00:00,0.0,0.0,0.0,0.0026833429864963477,0.0,0.0,0.0,0.0,0.0,0.0,0.0,4.7555811438338526e-07,0.026187382905673108,0.0019477989858593845,0.0006061592168686879,0.0,0.0,0.0041973479874465895,0.0,0.004315153372720122,0.0,0.0,0.003639609100170123
2018-06-29 09:00:00,0.0,0.0,0.0,0.0026541728530345074,0.0,0.0,0.0,0.0,0.0,0.0,0.0,4.7038840863379067e-07,0.007003854786622684,0.0019231535686619289,0.0005569454593747261,0.0,0.0,0.004151719381041907,0.0,0.004796128547539116,0.0,0.0,0.0034127047308814213
2018-06-29 10:00:00,0.0,0.0,0.0,0.002627733869791177,0.0,0.0,0.0,0.0,0.0,0.0,0.0,4.657027336825505e-07,0.007469591000870663,0.001912406136145608,0.0003749259936644945,0.0,0.0,0.004110362903817419,0.0,0.005097472950728681,0.0,0.0,0.003378585472532861
2018-06-29 11:00:00,0.0,0.0,0.0,0.0026938771358014776,0.0,0.0,0.0,0.0,0.0,0.0,0.0,4.774250394113787e-07,0.00034252787853876444,0.0019736416955293754,0.00029478052520018805,0.0,0.0,0.004213825750672482,0.0,0.005501997178398726,0.0,0.0,0.003373811145134664
2018-06-29 12:00:00,0.0,0.0,0.0,0.0026621732157294064,0.0,0.0,0.0,0.0,0.0,0.0,0.0,4.71806280824083e-07,0.0,0.0019488166894281466,0.0002805151268113829,0.0,0.0,0.004164233735869175,0.0,0.005341614251365779,0.0,0.0,0.0033613150421869025
2018-06-29 13:00:00,0.0,0.0,0.0,0.0026935249336246126,0.0,0.0,0.0,0.0,0.0,0.0,0.0,4.773626200322853e-07,0.0,0.0019608677796748362,0.0002843804462748185,0.0,0.0,0.00421327482777307,0.0,0.005033696832838919,0.0,0.0,0.0031484206152991604
2018-06-29 14:00:00,0.0,0.0,0.0,0.0027497177828815496,0.0,0.0,0.0,0.0,0.0,0.0,0.0,4.873214533118695e-07,0.0,0.0020050757566057063,0.00030821887487426,0.0,0.0,0.004301172999540316,0.0,0.004494100725202051,0.0,0.0,0.003267962962871419
2018-06-29 15:00:00,0.0,0.0,0.0,0.002863521098892949,0.0,0.0,0.0,0.0,0.0,0.0,0.0,5.074903585339418e-07,0.004952733350129454,0.0019925395908197566,0.0006345182859683103,0.0,0.0,0.004479186813588327,0.0,0.0032507357061415574,0.0,0.0,0.003165581878430608
2018-06-29 16:00:00,0.0,0.0,0.0,0.00307781763844334,0.0,0.0,0.0,0.0,0.0,0.0,0.0,5.454692746770972e-07,0.02034999900519683,0.0021460116266940887,0.0007790046446176402,0.0,0.0,0.0048143944830980135,0.0,0.0022394545431144316,0.0,0.0,0.003003983180195578
2018-06-29 17:00:00,0.0,0.0,0.0,0.003021999845919122,0.0,0.0,0.0,0.0,0.0,0.0,0.0,5.355769111978687e-07,0.06354317989606444,0.00205534046648576,0.0009505988851093174,0.0,0.0,0.004727082983862076,0.0,0.001238442195230967,0.0,0.0,0.002509577379897246
2018-06-29 18:00:00,0.0,0.0,0.0,0.0031276202572471713,0.0,0.0,0.0,0.0,0.0,0.0,0.0,5.542955930452267e-07,0.057712421037661187,0.002149745466859158,0.0008724958783261778,0.0,0.0,0.00489229690662635,0.0,0.0003989145003200858,0.0,0.0,0.0027127301278325484
2018-06-29 19:00:00,0.0,0.0,0.0,0.0033305965198821034,0.0,0.0,0.0,0.0,0.0,0.0,0.0,5.818358581755587e-07,0.018864733726398356,0.0022782768801277936,0.0009382894504668708,0.0,0.0,0.005135371460339787,0.0,4.982442515366033e-05,0.0,0.0,0.002887847793174808
2018-06-29 20:00:00,0.0,0.0,0.0,0.0033338380201994124,0.0,0.0,0.0,0.0,0.0,0.0,0.0,5.824021294448763e-07,0.029592481606278326,0.0022774604289796823,0.0008800312209272751,0.0,0.0,0.005140369456380082,0.0,0.0,0.0,0.0,0.002720819335692379
2018-06-29 21:00:00,0.0,0.0,0.0,0.0035126546682292532,0.0,0.0,0.0,0.0,0.0,0.0,0.0,6.136403587654912e-07,0.009589123864252081,0.002384113185331952,0.0006143843872848638,0.0,0.0,0.00541608280245617,0.0,0.0,0.0,0.0,0.003191449072871986
2018-06-29 22:00:00,0.0,0.0,0.0,0.003873564256537775,0.0,0.0,0.0,0.0,0.0,0.0,0.0,6.766891666243038e-07,0.008153565747546778,0.0026004593652723144,0.0005346991020784934,0.0,0.0,0.005972561135541131,0.0,0.0,0.0,0.0,0.003328778729053429
2018-06-29 23:00:00,0.0,0.0,0.0,0.003991116384891952,0.0,0.0,0.0,0.0,0.0,0.0,0.0,6.972248403611325e-07,0.0006989416884694109,0.002719327165203792,0.0003787101447888496,0.0,0.0,0.00615381210408343,0.0,0.0,0.0,0.0,0.003189665194173017
2018-06-30 00:00:00,0.0,0.0,0.0,0.004013032101198343,0.0,0.0,0.0,0.0,0.0,0.0,0.0,7.010533886492667e-07,0.0,0.0027200781094482095,0.0003310138409318173,0.0,0.0,0.0061876034514834815,0.0,0.0,0.0,0.0,0.0031235562998092868
2018-06-30 01:00:00,0.0,0.0,0.0,0.004163890509840616,0.0,0.0,0.0,0.0,0.0,0.0,0.0,7.274074760121165e-07,0.0,0.002808059186977194,0.0003457401190031206,0.0,0.0,0.006420208620458207,0.0,0.0,0.0,0.0,0.002858122024019087
2018-06-30 02:00:00,0.0,0.0,0.0,0.00431165801150411,0.0,0.0,0.0,0.0,0.0,0.0,0.0,7.532215998868033e-07,0.0,0.0028851504830544766,0.000347963739733785,0.0,0.0,0.006648047989855999,0.0,4.222570047252736e-06,0.0,0.0,0.0028585282852865617
2018-06-30 03:00:00,0.0,0.0,0.0,0.004354338383701216,0.0,0.0,0.0,0.0,0.0,0.0,0.0,7.606776128971798e-07,0.0,0.0029202480511739334,0.00027959480109020614,0.0,0.0,0.006713855890629719,0.0,0.00010860445893819531,0.0,0.0,0.0028695383326870893
2018-06-30 04:00:00,0.0,0.0,0.0,0.004307907607185522,0.0,0.0,0.0,0.0,0.0,0.0,0.0,7.525664260456658e-07,0.0,0.0028509527538524834,0.0003983390945349979,0.0,0.0,0.006642265326243809,0.0,0.0009526965521695544,0.0,0.0,0.0027083185669643495
2018-06-30 05:00:00,0.0,0.0,0.0,0.0037438090110556922,0.0,0.0,0.0,0.0,0.0,0.0,0.0,6.540216792366329e-07,0.01603084710058917,0.002550655292487695,0.0005003683439779514,0.0,0.0,0.005772494456644325,0.0,0.002602845852214279,0.0,0.0,0.002541242500077695
2018-06-30 06:00:00,0.0,0.0,0.0,0.003399360882741519,0.0,0.0,0.0,0.0,0.0,0.0,0.0,6.024550941271916e-07,0.01601621313112289,0.002340551527598094,0.0003566963695560002,0.0,0.0,0.005317359961653636,0.0,0.004432845907051714,0.0,0.0,0.0028329048955746863
2018-06-30 07:00:00,0.0,0.0,0.0,0.0029872222155003666,0.0,0.0,0.0,0.0,0.0,0.0,0.0,5.294134112547398e-07,0.05721337261635225,0.002018588164921266,0.00033581015141968384,0.0,0.0,0.004672682999297699,0.0,0.005396319900130299,0.0,0.0,0.0025450897172496685
2018-06-30 08:00:00,0.0,0.0,0.0,0.0027957447711312714,0.0,0.0,0.0,0.0,0.0,0.0,0.0,4.884003656523894e-07,0.03776662829998234,0.0019095309197036984,0.000255384761350406,0.0,0.0,0.004310695643364793,0.0,0.006016444232318862,0.0,0.0,0.002405144208303564
2018-06-30 09:00:00,0.0,0.0,0.0,0.002747190598099289,0.0,0.0,0.0,0.0,0.0,0.0,0.0,4.816383708069747e-07,0.016515431672187567,0.0018958048003777624,0.00028220430214887773,0.0,0.0,0.004251013252092115,0.0,0.006353291586570984,0.0,0.0,0.0023027255258720046
2018-06-30 10:00:00,0.0,0.0,0.0,0.0026287610804836565,0.0,0.0,0.0,0.0,0.0,0.0,0.0,4.658847821133505e-07,0.0,0.0018167678627926385,0.00021437068005175948,0.0,0.0,0.004111969690856742,0.0,0.006667477445329432,0.0,0.0,0.0026669814493960435
2018-06-30 11:00:00,0.0,0.0,0.0,0.002619986111181241,0.0,0.0,0.0,0.0,0.0,0.0,0.0,4.576963490795767e-07,0.0,0.001767392174827397,0.0001524910935112744,0.0,0.0,0.004039697339959699,0.0,0.006861157617472622,0.0,0.0,0.003146165671417248
2018-06-30 12:00:00,0.0,0.0,0.0,0.002640016153303162,0.0,0.0,0.0,0.0,0.0,0.0,0.0,4.6119548104519624e-07,0.0,0.0017633663707511303,0.0002145648482490221,0.0,0.0,0.004070581208974839,0.0,0.0071025648139835165,0.0,0.0,0.0032946639269005366
2018-06-30 13:00:00,0.0,0.0,0.0,0.0026628483535939573,0.0,0.0,0.0,0.0,0.0,0.0,0.0,4.6518413375978596e-07,0.0,0.0017555966131161227,0.00017116563634514382,0.0,0.0,0.004105785662306299,0.0,0.006788989930178878,0.0,0.0,0.003531583203538881
2018-06-30 14:00:00,0.0,0.0,0.0,0.002817753330795616,0.0,0.0,0.0,0.0,0.0,0.0,0.0,4.922451331356525e-07,0.0,0.001850672937837399,0.00016310062780055504,0.0,0.0,0.004344630143839037,0.0,0.0063399626475978636,0.0,0.0,0.0037689244210444748
2018-06-30 15:00:00,0.0,0.0,0.0,0.002993764226643762,0.0,0.0,0.0,0.0,0.0,0.0,0.0,5.229932138541417e-07,0.03365164445266813,0.001888677618979271,0.00032291606331777965,0.0,0.0,0.004616017364071707,0.0,0.005407592183859528,0.0,0.0,0.0038202681744095024
2018-06-30 16:00:00,0.0,0.0,0.0,0.003268927711554662,0.0,0.0,0.0,0.0,0.0,0.0,0.0,5.710626757135982e-07,0.060883745371591184,0.0020489829506438063,0.0003705916833075618,0.0,0.0,0.005040285719275865,0.0,0.0039850188236807225,0.0,0.0,0.003707946212060362
2018-06-30 17:00:00,0.0,0.0,0.0,0.00339084362264312,0.0,0.0,0.0,0.0,0.0,0.0,0.0,5.9236067693649e-07,0.08032278509570215,0.002118509303824004,0.0003742663303929244,0.0,0.0,0.0052282651057393905,0.0,0.0020627840465106484,0.0,0.0,0.003051597259160214
2018-06-30 18:00:00,0.0,0.0,0.0,0.0035032317687667914,0.0,0.0,0.0,0.0,0.0,0.0,0.0,6.119942329851649e-07,0.08480751373012543,0.002227194078540435,0.0004304438382837314,0.0,0.0,0.005401553846851878,0.0,0.0007026627645285882,0.0,0.0,0.0024788815837073035
2018-06-30 19:00:00,0.0,0.0,0.0,0.0035129864217342296,0.0,0.0,0.0,0.0,0.0,0.0,0.0,6.136983141750157e-07,0.08477827199371138,0.0022402689820882737,0.0003769949748719257,0.0,0.0,0.005416594325683662,0.0,0.00010289637994030232,0.0,0.0,0.002679830763100558
2018-06-30 20:00:00,0.0,0.0,0.0,0.0035789174540272533,0.0,0.0,0.0,0.0,0.0,0.0,0.0,6.252160823962982e-07,0.0839115088082354,0.0022386725234318575,0.0003419680992228479,0.0,0.0,0.005518251893499867,0.0,0.0,0.0,0.0,0.0028190551013935524
2018-06-30 21:00:00,0.0,0.0,0.0,0.0038874653982810398,0.0,0.0,0.0,0.0,0.0,0.0,0.0,6.791176153083548e-07,0.0706019127804179,0.002403550805959953,0.0003090237377842825,0.0,0.0,0.005993994991653197,0.0,0.0,0.0,0.0,0.002631422433546335
2018-06-30 22:00:00,0.0,0.0,0.0,0.0041658008310659885,0.0,0.0,0.0,0.0,0.0,0.0,0.0,7.277411980294549e-07,0.0,0.0025942790838133748,0.00028699604312749943,0.0,0.0,0.006423154101558152,0.0,0.0,0.0,0.0,0.0020790507260621915
2018-06-30 23:00:00,0.0,0.0,0.0,0.00423026676669908,0.0,0.0,0.0,0.0,0.0,0.0,0.0,7.390030223778147e-07,0.0,0.002666953994428206,0.00022998037263990853,0.0,0.0,0.006522552669964151,0.0,0.0,0.0,0.0,0.0014589357478749707
2018-07-01 00:00:00,0.0,0.0,0.0,0.004404496576884997,0.0,0.0,0.0,0.0,0.0,0.0,0.0,7.694399577808687e-07,0.0,0.0027341104820830272,0.000211281578244079,0.0,0.0,0.006791193674489325,0.0,0.0,0.0,0.0,0.0013746385655610746
2018-07-01 01:00:00,0.0,0.0,0.0,0.004551557507208774,0.0,0.0,0.0,0.0,0.0,0.0,0.0,7.951306477483401e-07,0.0,0.0028000645892151616,0.00025482933278191805,0.0,0.0,0.007017943597515867,0.0,0.0,0.0,0.0,0.0013619233737689057
2018-07-01 02:00:00,0.0,0.0,0.0,0.004719575646084664,0.0,0.0,0.0,0.0,0.0,0.0,0.0,8.24482440269091e-07,0.0,0.0028762986251244667,0.000263697174124476,0.0,0.0,0.007277006966510562,0.0,4.622059241648551e-06,0.0,0.0,0.0011381088270860876
2018-07-01 03:00:00,0.0,0.0,0.0,0.004861411537883304,0.0,0.0,0.010356811892091812,0.0,0.0,0.0,0.0,8.4926034636853e-07,0.0,0.002914002737786934,0.000223205301502108,0.0,0.0,0.007495700520787246,0.0,0.00016410039403145734,0.0,0.0,0.0010140188837710045
2018-07-01 04:00:00,0.0,0.0,0.0,0.0045419883246330854,0.0,0.0,0.028599977511698096,0.0,0.0,0.0,0.0,7.934589671581733e-07,0.0,0.0026590222891303057,0.00022275328252264803,0.0,0.0,0.007003189091287144,0.0,0.0012013245895771286,0.0,0.0,0.0006468382961642995
2018-07-01 05:00:00,0.0,0.0,0.0,0.004035996294549816,0.0,0.0,0.031849302665470224,0.0,0.0,0.0,0.0,7.050650997845553e-07,0.0,0.0023669611725763606,0.00026118207955629373,0.0,0.0,0.006223011421930486,0.0,0.0032329037859751713,0.0,0.0,0.0003657421372544982
2018-07-01 06:00:00,0.0,0.0,0.0,0.00367701346785876,0.0,0.0,0.029048762766262545,0.0,0.0,0.0,0.0,6.423528859840459e-07,0.0,0.0021521927338484514,0.00021434925193725797,0.0,0.0,0.005669503919014279,0.0,0.0053007947321053505,0.0,0.0,0.0003054947431336379
2018-07-01 07:00:00,0.0,0.0,0.0,0.003537118579003237,0.0,0.0,0.027726057951646687,0.0,0.0,0.0,0.0,6.179140618197462e-07,0.0,0.002008510558493865,0.00017896553819054004,0.0,0.0,0.005453803153284335,0.0,0.007384875811900263,0.0,0.0,0.00029103401779256437
2018-07-01 08:00:00,0.0,0.0,0.0,0.0033239194514838363,0.0,0.0,0.025974571185906906,0.0,0.0,0.0,0.0,5.806694131263277e-07,0.0,0.0018386485516367918,0.00016506541166673062,0.0,0.0,0.005125076239562816,0.0,0.00871508408793551,0.0,0.0,0.00044835739360671827
2018-07-01 09:00:00,0.0,0.0,0.0,0.003041515874345952,0.0,0.0,0.023730165346605,0.0,0.0,0.0,0.0,5.351577042568591e-07,0.0,0.0016557437090172098,0.00015450710626085828,0.0,0.0,0.004723382999870734,0.0,0.009177721499488652,0.0,0.0,0.0006784038689346468
2018-07-01 10:00:00,0.0,0.0,0.0,0.0029631873792117422,0.0,0.0,0.023398808169863766,0.0,0.0,0.0,0.0,5.251538136250475e-07,0.0,0.0015994427543904557,0.00013410852175415005,0.0,0.0,0.004635087145084375,0.0,0.009529141492088574,0.0,0.0,0.0007107413547397555
2018-07-01 11:00:00,0.0,0.0,0.0,0.0030326743470501147,0.0,0.0,0.023618726822292994,0.0,0.0,0.0,0.0,5.297905857853255e-07,0.0,0.0016089652701314755,0.00013522333571423957,0.0,0.0,0.004676011998864709,0.0,0.009529354283926636,0.0,0.0,0.0007364970310539619
2018-07-01 12:00:00,0.0,0.0,0.0,0.0030854719403408913,0.0,0.0,0.023643650434166483,0.0,0.0,0.0,0.0,5.390140185303494e-07,0.0,0.001611519501089067,0.00013912808164748112,0.0,0.0,0.004757419414065419,0.0,0.009088278991464183,0.0,0.0,0.0007986867550891848
2018-07-01 13:00:00,0.0,0.0,0.0,0.003108718664964299,0.0,0.0,0.024115379311140526,0.0,0.0,0.0,0.0,5.430750862370766e-07,0.0,0.0016321950636602742,0.00015139609577931076,0.0,0.0,0.004793263013091833,0.0,0.007788772648874623,0.0,0.0,0.0009040433027804903
2018-07-01 14:00:00,0.0,0.0,0.0,0.0032524986041752063,0.0,0.0,0.025252158330276435,0.0,0.0,0.0,0.0,5.681926061227244e-07,0.0,0.0017196226676324058,0.00015408910013273692,0.0,0.0,0.005014954050113399,0.0,0.006660627210662194,0.0,0.0,0.0010875942273646888
2018-07-01 15:00:00,0.0,0.0,0.0,0.003449170506848854,0.0,0.0,0.026635171930732147,0.0,0.0,0.0,0.0,6.0255004467406e-07,0.0,0.001846936024869807,0.00019145512586160376,0.0,0.0,0.0053181980095698645,0.0,0.0055786227631559136,0.0,0.0,0.0012385708448922142
2018-07-01 16:00:00,0.0,0.0,0.0,0.003633959777578981,0.0,0.0,0.027583274676401443,0.0,0.0,0.0,0.0,6.348316564739502e-07,0.04323741276083878,0.002077665171297391,0.0003207475056582827,0.0,0.0,0.005603120407530603,0.0,0.004089440516597152,0.0,0.0,0.0012414433481590524
2018-07-01 17:00:00,0.0,0.0,0.0,0.003976073906262476,0.0,0.0,0.02965610457274562,0.0,0.0,0.0,0.0,6.945970067552837e-07,0.06123408596095166,0.0022548714994016367,0.0007100618317672276,0.0,0.0,0.006130618446435183,0.0,0.0022436836668854533,0.0,0.0,0.0009680731512645338
2018-07-01 18:00:00,0.0,0.0,0.0,0.004004751341068327,0.0,0.0,0.03044171594082012,0.0,0.0,0.0,0.0,6.996067879734323e-07,0.07499411722658383,0.002295187274861517,0.0007399740074054464,0.0,0.0,0.006174835534689073,0.0,0.0007307162392042987,0.0,0.0,0.0006605091391267131
2018-07-01 19:00:00,0.0,0.0,0.0,0.00404360490749632,0.0,0.0,0.03073705743190337,0.0,0.0,0.0,0.0,7.063942802532275e-07,0.07567310618894513,0.002280474185024924,0.0007666424589837384,0.0,0.0,0.006234742970181679,0.0,0.00010623120915547334,0.0,0.0,0.0007151788689025342
2018-07-01 20:00:00,0.0,0.0,0.0,0.004222916726601641,0.0,0.0,0.032415420836894616,0.0,0.0,0.0,0.0,7.377190130833266e-07,0.07640417312216306,0.002351562629338353,0.0006360738437873446,0.0,0.0,0.006511219809341912,0.0,0.0,0.0,0.0,0.0006641373859472129
2018-07-01 21:00:00,0.0,0.0,0.0,0.004403354799647403,0.0,0.0,0.03441942630462885,0.0,0.0,0.0,0.0,7.692404959322432e-07,0.057517569399234025,0.002358009028501336,0.0004471973333834659,0.0,0.0,0.006789433193985306,0.0,0.0,0.0,0.0,0.0007424221884561971
2018-07-01 22:00:00,0.0,0.0,0.0,0.004818821408710685,0.0,0.0,0.03771989592170069,0.0,0.0,0.0,0.0,8.418200982901359e-07,0.0,0.0024205821081419976,0.000362805701170804,0.0,0.0,0.007430031763692347,0.0,0.0,0.0,0.0,0.0004392774140112022
2018-07-01 23:00:00,0.0,0.0,0.0,0.00475293463672567,0.0,0.0,0.03803987669843978,0.0,0.0,0.0,0.0,8.423435412481571e-07,0.0,0.0024357626202395097,0.000477910415904871,0.0,0.0,0.007434651750566595,0.0,0.0,0.0,0.0,0.00020951430546726216
2018-07-02 00:00:00,0.0,0.0,0.0,0.0050465496515050695,0.0,0.0,0.03997376652374272,0.0,0.0,0.0,0.0,8.94379752603105e-07,0.0,0.002531879289843256,0.00029564232514334816,0.0,0.0,0.007893931237971063,0.0,0.0,0.0,0.0,0.00014477331710889454
2018-07-02 01:00:00,0.0,0.0,0.0,0.005177361216991484,0.0,0.0,0.0409407138965006,0.0,0.0,0.0,0.0,9.17562961658122e-07,0.0,0.0025973488255974578,0.00025111503205054993,0.0,0.0,0.008098549754460472,0.0,0.0,0.0,0.0,0.00017120983179000002
2018-07-02 02:00:00,0.0,0.0,0.0,0.005092221485957846,0.0,0.0,0.04043764812968259,0.0,0.0,0.0,0.0,9.02473988629619e-07,0.0,0.00254836832950233,0.00029914397399058375,0.0,0.0,0.00796537219180666,0.0,0.0,0.0,0.0,0.00018348696284835707
2018-07-02 03:00:00,0.0,0.0,0.0,0.005008444358829614,0.0,0.0,0.039828169524121076,0.0,0.0,0.0,0.0,8.87626504425753e-07,0.0023728324171939296,0.002490413683672055,0.00030989111513862283,0.0,0.0,0.007834326046116249,0.0,0.00015727043333849754,0.0,0.0,0.00018669353157699624
2018-07-02 04:00:00,0.0,0.0,0.0,0.004442472794706616,0.0,0.0,0.03493150873212701,0.0,0.0,0.0,0.0,7.873216342755598e-07,0.054629191784666555,0.0023354427586519916,0.0004087053227414704,0.0,0.0,0.006949020061164445,0.0,0.0011688299294888914,0.0,0.0,0.00016448056291221386
2018-07-02 05:00:00,0.0,0.0,0.0,0.003685152366850768,0.0,0.0,0.035167737327757735,0.0,0.0,0.0,0.0,6.531047725223052e-07,0.12392046737759113,0.0019251228332518094,0.000644588241105972,0.0,0.0,0.005764401699028256,0.0,0.0029915619671335297,0.0,0.0,0.00011088170422033811
2018-07-02 06:00:00,0.0,0.0,0.0,0.003316238304057835,0.0,0.0,0.03995240961043935,0.0,0.0,0.0,0.0,5.877236129187041e-07,0.0911366359639599,0.001725768823686263,0.0007548152685325593,0.0,0.0,0.005187337675980463,0.0,0.004915458216857293,0.0,0.0,7.694851262901065e-05
2018-07-02 07:00:00,0.0,0.0,0.0,0.003216634307440476,0.0,0.0,0.04531748284884994,0.0,0.0,0.0,0.0,5.700711961181787e-07,0.044709506729380705,0.0016810124017423542,0.0005682280223990355,0.0,0.0,0.005031534770109907,0.0,0.006885862631143104,0.0,0.0,0.0001141098747510039
2018-07-02 08:00:00,0.0,0.0,0.0,0.0030173662942010885,0.0,0.0,0.047969249977998785,0.0,0.0,0.0,0.0,5.347557254124455e-07,0.022725267878591797,0.0015821675525995807,0.00041492591459982986,0.0,0.0,0.004719835073670835,0.0,0.008122736726396216,0.0,0.0,0.0001663887817276398
2018-07-02 09:00:00,0.0,0.0,0.0,0.0029277931089634036,0.0,0.0,0.05103994004560473,0.0,0.0,0.0,0.0,5.188810290783155e-07,0.02554897065794181,0.0015827254217202207,0.0002868602419908282,0.0,0.0,0.004579722598046732,0.0,0.008923989430779572,0.0,0.0,0.00022042525470979685
2018-07-02 10:00:00,0.0,0.0,0.0,0.002820645931665099,0.0,0.0,0.06882453074055742,0.0,0.0,0.0,0.0,4.998917646220351e-07,0.02598959687237739,0.0014718555368707768,0.0003229018496275011,0.0,0.0,0.004412120472169845,0.0,0.009149423256881839,0.0,0.0,0.0002626196284229856
2018-07-02 11:00:00,0.0,0.0,0.0,0.002870307265709452,0.0,0.0,0.07702008796064423,0.0,0.0,0.0,0.0,5.086930436589475e-07,0.019637904936939468,0.001489334356411471,0.0002589451555789209,0.0,0.0,0.004489801894766197,0.0,0.009374583930177469,0.0,0.0,0.0002268377977736675
2018-07-02 12:00:00,0.0,0.0,0.0,0.002948289346179572,0.0,0.0,0.06473268001940322,0.0,0.0,0.0,0.0,5.225134949880136e-07,0.016294290541397215,0.0015209967993339687,0.0003199552639477932,0.0,0.0,0.004611783292658807,0.0,0.009274950353466172,0.0,0.0,0.00017954166010451594
2018-07-02 13:00:00,0.0,0.0,0.0,0.0030440972847896844,0.0,0.0,0.048387430835731174,0.0,0.0,0.0,0.0,5.394931516542213e-07,0.025959435223971657,0.0015667700265803257,0.00037035041974593644,0.0,0.0,0.004761648315628397,0.0,0.00870182479712459,0.0,0.0,0.00012386375846531282
2018-07-02 14:00:00,0.0,0.0,0.0,0.003162852828413696,0.0,0.0,0.04654711002026779,0.0,0.0,0.0,0.0,5.605397203122774e-07,0.031219608795584188,0.0015757722112206465,0.0003954262017803104,0.0,0.0,0.004947408520170571,0.0,0.00753883102420668,0.0,0.0,8.00344589739324e-05
2018-07-02 15:00:00,0.0,0.0,0.0,0.0033400888608334893,0.0,0.0,0.03298364676796606,0.0,0.0,0.0,0.0,5.919505514294735e-07,0.04195744595990745,0.0017015381115642134,0.000718988601683384,0.0,0.0,0.005224645275860747,0.0,0.005979692423784104,0.0,0.0,6.45894838189489e-05
2018-07-02 16:00:00,0.0,0.0,0.0,0.0033991108451046814,0.0,0.0,0.024728024864569268,0.0,0.0,0.0,0.0,6.024107809597368e-07,0.10794903595001927,0.0017466158669483909,0.000990295242673202,0.0,0.0,0.005316968846922105,0.0,0.003930320148527811,0.0,0.0,7.593282843785055e-05
2018-07-02 17:00:00,0.0,0.0,0.0,0.0032611602451452903,0.0,0.0,0.023637258374186936,0.0,0.0,0.0,0.0,5.779623494603392e-07,0.1271353487744757,0.0016797949616834294,0.001251339173851979,0.0,0.0,0.0051011832853966165,0.0,0.001794074110583909,0.0,0.0,7.467042917604066e-05
2018-07-02 18:00:00,0.0,0.0,0.0,0.0033023511804845702,0.0,0.0,0.024163915686906953,0.0,0.0,0.0,0.0,5.852624537102298e-07,0.12224716743873301,0.0017152900934793885,0.001320713880977446,0.0,0.0,0.005165615111822621,0.0,0.000547323118373745,0.0,0.0,0.0001089251306261135
2018-07-02 19:00:00,0.0,0.0,0.0,0.0036737110487614208,0.0,0.0,0.027167717635747067,0.0,0.0,0.0,0.0,6.51077073609415e-07,0.102426002543349,0.0018907700978663886,0.0012667850684071425,0.0,0.0,0.0057465049211292965,0.0,7.939470891106821e-05,0.0,0.0,0.0001584533737301372
2018-07-02 20:00:00,0.0,0.0,0.0,0.0037733362420825497,0.0,0.0,0.028156687610760272,0.0,0.0,0.0,0.0,6.687332470167278e-07,0.09691589856077953,0.0019263109593543703,0.0010329534224362757,0.0,0.0,0.005902340983380665,0.0,0.0,0.0,0.0,0.0001304674374783189
2018-07-02 21:00:00,0.0,0.0,0.0,0.004233870485106768,0.0,0.0,0.032102615577731135,0.0,0.0,0.0,0.0,7.503518836665064e-07,0.056732064983986176,0.0021087801577244487,0.0008493760333850238,0.0,0.0,0.006622719439595796,0.0,0.0,0.0,0.0,0.00010364150138554112
2018-07-02 22:00:00,0.0,0.0,0.0,0.0047831702076539025,0.0,0.0,0.03740032972800174,0.0,0.0,0.0,0.0,8.446417739240283e-07,0.0010874561509264427,0.002382790831534132,0.0006066661282565334,0.0,0.0,0.007454936300456486,0.0,0.0,0.0,0.0,0.00010088385994443182
2018-07-02 23:00:00,0.0,0.0,0.0,0.004878720583346029,0.0,0.0,0.038416111154690506,0.0,0.0,0.0,0.0,8.64636080029721e-07,0.0,0.002413974021547683,0.0006672678031917182,0.0,0.0,0.007631409076243175,0.0,0.0,0.0,0.0,7.628613222341327e-05
2018-07-03 00:00:00,0.0,0.0,0.0,0.005050051419535955,0.0,0.0,0.03970894666353507,0.0,0.0,0.0,0.0,8.950003569053341e-07,0.0,0.002483362848127593,0.000643655522330689,0.0,0.0,0.007899408785593903,0.0,0.0,0.0,0.0,5.57352611406038e-05
2018-07-03 01:00:00,0.0,0.0,0.0,0.0051171672862001085,0.0,0.0,0.04022528151743616,0.0,0.0,0.0,0.0,9.06895032746862e-07,0.0,0.0025058952976098224,0.0006728433663886727,0.0,0.0,0.008004392997186005,0.0,0.0,0.0,0.0,8.473067670637077e-05
2018-07-03 02:00:00,0.0,0.0,0.0,0.005137473881231197,0.0,0.0,0.040476486458943826,0.0,0.0,0.0,0.0,9.104938891327693e-07,0.0,0.002499555682199898,0.0006256296999271098,0.0,0.0,0.008036157049047645,0.0,0.0,0.0,0.0,0.0001174729522085609
2018-07-03 03:00:00,0.0,0.0,0.0,0.005211875169439772,0.0,0.0,0.04094654256157352,0.0,0.0,0.0,0.0,9.236797310121793e-07,0.001234605545194149,0.0025080883575687657,0.0005569088806512844,0.0,0.0,0.00815253728776377,0.0,0.00014266068797632775,0.0,0.0,6.486654757164303e-05
2018-07-03 04:00:00,0.0,0.0,0.0,0.004747531562856328,0.0,0.0,0.03874767789886823,0.0,0.0,0.0,0.0,8.413859761384753e-07,0.009939570415744642,0.0024112985997288405,0.000765283639431288,0.0,0.0,0.007426200135791431,0.0,0.0011436342441281228,0.0,0.0,3.951031954568426e-05
2018-07-03 05:00:00,0.0,0.0,0.0,0.003628384439457544,0.0,0.0,0.030899034433663566,0.0,0.0,0.0,0.0,6.430440204513133e-07,0.1104208795268412,0.0018614680371745703,0.001049019746780057,0.0,0.0,0.005675603976562452,0.0,0.002674812437368662,0.0,0.0,1.3091839068780346e-05
2018-07-03 06:00:00,0.0,0.0,0.0,0.0033034121222729525,0.0,0.0,0.03065622535039687,0.0,0.0,0.0,0.0,5.854504801678585e-07,0.11211939569683971,0.0016816341025913625,0.000946644687081555,0.0,0.0,0.005167274661832692,0.0,0.0044047725193383765,0.0,0.0,2.6026280449087863e-06
2018-07-03 07:00:00,0.0,0.0,0.0,0.0033314237210970246,0.0,0.0,0.04294119765788002,0.0,0.0,0.0,0.0,5.904148634705808e-07,0.07224279209975529,0.00171978027817656,0.0006858567949570015,0.0,0.0,0.005211091061205064,0.0,0.006451610699719032,0.0,0.0,1.1031336405285788e-06
2018-07-03 08:00:00,0.0,0.0,0.0,0.0033805100311969805,0.0,0.0,0.04321236184611433,0.0,0.0,0.0,0.0,5.991142333202967e-07,0.011163898347227209,0.0017073579166851762,0.0005734404442790586,0.0,0.0,0.005287873017871083,0.0,0.008198660968966322,0.0,0.0,4.665034041427217e-06
2018-07-03 09:00:00,0.0,0.0,0.0,0.003224598401256458,0.0,0.0,0.04341074908754385,0.0,0.0,0.0,0.0,5.714826405205382e-07,0.006661248188925126,0.0015770136738223687,0.0005659733202271343,0.0,0.0,0.00504399239230676,0.0,0.009057264127431361,0.0,0.0,2.7177925492781327e-05
2018-07-03 10:00:00,0.0,0.0,0.0,0.00327403470432414,0.0,0.0,0.058775666790758775,0.0,0.0,0.0,0.0,5.802440382200732e-07,0.007767042361631864,0.001521496568202501,0.00045500099494023236,0.0,0.0,0.00512132181617548,0.0,0.009543818456252906,0.0,0.0,4.4257090030720136e-05
2018-07-03 11:00:00,0.0,0.0,0.0,0.0032675611497559134,0.0,0.0,0.0585720855725848,0.0,0.0,0.0,0.0,5.790967561099156e-07,0.005566188241510101,0.001502550713285746,0.0004441818150794616,0.0,0.0,0.005111195730402879,0.0,0.00942544020732551,0.0,0.0,6.47166709651851e-05
2018-07-03 12:00:00,0.0,0.0,0.0,0.003406961455023011,0.0,0.0,0.04501557785888572,0.0,0.0,0.0,0.0,6.038021130661088e-07,0.0023974187582712606,0.001597318604811662,0.0004131549447262774,0.0,0.0,0.005329248954946594,0.0,0.009264346246812293,0.0,0.0,7.388525475272204e-05
2018-07-03 13:00:00,0.0,0.0,0.0,0.003354239632589515,0.0,0.0,0.04263739381456784,0.0,0.0,0.0,0.0,5.944584359478637e-07,0.006999164691211055,0.001577606644064385,0.0004153895488136917,0.0,0.0,0.005246780244685036,0.0,0.008287510914704165,0.0,0.0,6.549233526179881e-05
2018-07-03 14:00:00,0.0,0.0,0.0,0.003429344712653869,0.0,0.0,0.031053156401603554,0.0,0.0,0.0,0.0,6.077690080349054e-07,0.003828815668630701,0.0016614750896527487,0.0005822011405261532,0.0,0.0,0.005364261371116341,0.0,0.007242279537550909,0.0,0.0,5.6615687585984256e-05
2018-07-03 15:00:00,0.0,0.0,0.0,0.0036590534167156063,0.0,0.0,0.02737728276407904,0.0,0.0,0.0,0.0,6.484793602749245e-07,0.009923220712353287,0.0018935290488474965,0.0007252408470803695,0.0,0.0,0.0057235771095607265,0.0,0.005904563318623389,0.0,0.0,6.499783014989189e-05
2018-07-03 16:00:00,0.0,0.0,0.0,0.0036113188167267046,0.0,0.0,0.026778734438927827,0.0,0.0,0.0,0.0,6.400195485863682e-07,0.08924467717946069,0.0018835515959096205,0.0009024865326748909,0.0,0.0,0.0056489095295296715,0.0,0.0037478031286451163,0.0,0.0,5.467172982151768e-05
2018-07-03 17:00:00,0.0,0.0,0.0,0.003390657236380164,0.0,0.0,0.024900726370550727,0.0,0.0,0.0,0.0,6.009125817936228e-07,0.13370745079411675,0.0017695047789625705,0.0010236621963028607,0.0,0.0,0.005303745514032841,0.0,0.0016991038971149878,0.0,0.0,3.5463336482392075e-05
2018-07-03 18:00:00,0.0,0.0,0.0,0.003361234819488958,0.0,0.0,0.024886859450221916,0.0,0.0,0.0,0.0,5.956981648637719e-07,0.12815628594649703,0.0017705442893455768,0.0011603597810635,0.0,0.0,0.005257722279975325,0.0,0.000526843105949318,0.0,0.0,7.19505621984587e-05
2018-07-03 19:00:00,0.0,0.0,0.0,0.003491838173176321,0.0,0.0,0.025993903837341407,0.0,0.0,0.0,0.0,6.188444733767977e-07,0.1084975464633279,0.0018417578541172464,0.001280215385907364,0.0,0.0,0.005462015106688915,0.0,6.333768279955386e-05,0.0,0.0,0.00018552428195690263
2018-07-03 20:00:00,0.0,0.0,0.0,0.00428455633507594,0.0,0.0,0.03236282849011759,0.0,0.0,0.0,0.0,7.593347335513551e-07,0.03491838864577202,0.0022674555396878207,0.001383789887052254,0.0,0.0,0.0067020034340127405,0.0,0.0,0.0,0.0,0.0003406244267071919
2018-07-03 21:00:00,0.0,0.0,0.0,0.004792617200454921,0.0,0.0,0.0370974025508167,0.0,0.0,0.0,0.0,8.493763228478071e-07,0.005835058637604446,0.002398802066252779,0.0007381218696745933,0.0,0.0,0.007496724146769354,0.0,0.0,0.0,0.0,0.00039667423280119295
2018-07-03 22:00:00,0.0,0.0,0.0,0.004726047808056512,0.0,0.0,0.03545748656811603,0.0,0.0,0.0,0.0,8.256130893563224e-07,0.009793810978256745,0.002189839142207074,0.0007465112480364749,0.0,0.0,0.007286986246702117,0.0,0.0,0.0,0.0,0.0003771871646420564
2018-07-03 23:00:00,0.0,0.0,0.0,0.004946925228896043,0.0,0.0,0.03707117494625192,0.0,0.0,0.0,0.0,8.641990912747781e-07,0.003864498036583061,0.0022614223333789307,0.0006742756148680323,0.0,0.0,0.007627552147267263,0.0,0.0,0.0,0.0,0.00036976813866164236
2018-07-04 00:00:00,0.0,0.0,0.0,0.005247716878404818,0.0,0.0,0.03914083193197617,0.0,0.0,0.0,0.0,9.167456445661312e-07,0.002838097415030897,0.0023474303611838803,0.0006649280169164952,0.0,0.0,0.00809133598994376,0.0,0.0,0.0,0.0,0.0002965342509494601
2018-07-04 01:00:00,0.0,0.0,0.0,0.005479585959300279,0.0,0.0,0.02799299925949341,0.0,0.0,0.0,0.0,9.572518256246415e-07,0.0,0.0024761662138697445,0.0006725284107337444,0.0,0.0,0.008448849682598406,0.0,0.0,0.0,0.0,0.00021289714823522095
2018-07-04 02:00:00,0.0,0.0,0.0,0.005355736822169822,0.0,0.0,0.02737206560043508,0.0,0.0,0.0,0.0,9.356161010460447e-07,0.0,0.002484614075983461,0.0006151209904078869,0.0,0.0,0.008257889498616116,0.0,0.0,0.0,0.0,0.00018536845349480572
2018-07-04 03:00:00,0.0,0.0,0.0,0.00516783194459493,0.0,0.0,0.028374480251827077,0.0,0.0,0.0,0.0,9.060260180422266e-07,0.0,0.002430891366875787,0.0009451533900058131,0.0,0.0,0.007996722941705418,0.0,0.00011477112858087598,0.0,0.0,0.00015211223105422196
2018-07-04 04:00:00,0.0,0.0,0.0,0.004440630446064398,0.0,0.0,0.025576793412372314,0.0,0.0,0.0,0.0,7.869951222155143e-07,0.05849705778736307,0.0021970035316590743,0.0011553228051957075,0.0,0.0,0.006946138216240222,0.0,0.00099959995498408,0.0,0.0,0.0001134327941680949
2018-07-04 05:00:00,0.0,0.0,0.0,0.0034983015188332633,0.0,0.0,0.02024277857577866,0.0,0.0,0.0,0.0,6.19989946202557e-07,0.12732559546459238,0.0017645889190454347,0.0010863993261069585,0.0,0.0,0.005472125223443225,0.0,0.002495277212489845,0.0,0.0,8.469385162575804e-05
2018-07-04 06:00:00,0.0,0.0,0.0,0.0033338471234906396,0.0,0.0,0.023220714515898622,0.0,0.0,0.0,0.0,5.908443533563314e-07,0.11911020603921393,0.001671222868847011,0.0010636813969335925,0.0,0.0,0.005214881804025047,0.0,0.004302561867685705,0.0,0.0,5.4587740293708866e-05
2018-07-04 07:00:00,0.0,0.0,0.0,0.0030937969760088963,0.0,0.0,0.02988973098076708,0.0,0.0,0.0,0.0,5.4830122857938e-07,0.08736761314994804,0.001600489970705343,0.0009083713655984579,0.0,0.0,0.004839389737416618,0.0,0.005761595710214033,0.0,0.0,3.399351832040455e-05
2018-07-04 08:00:00,0.0,0.0,0.0,0.003016715576589693,0.0,0.0,0.043065551578480014,0.0,0.0,0.0,0.0,5.346404013402608e-07,0.044037787466775585,0.0016443494027326422,0.0008633687664813248,0.0,0.0,0.004718817205932595,0.0,0.007036602907008661,0.0,0.0,2.59917178141627e-05
2018-07-04 09:00:00,0.0,0.0,0.0,0.0028601598744797214,0.0,0.0,0.04364857620274376,0.0,0.0,0.0,0.0,5.050647175844092e-07,0.026462055905702095,0.0015580338140597013,0.0009558796332646966,0.0,0.0,0.004457777738966625,0.0,0.0074441903339323235,0.0,0.0,2.6594619839913388e-05
2018-07-04 10:00:00,0.0,0.0,0.0,0.0027509642659074435,0.0,0.0,0.05230924900045049,0.0,0.0,0.0,0.0,4.875423624988009e-07,0.025098382314324534,0.0014733354357457362,0.0009494920128521596,0.0,0.0,0.004303122777502526,0.0,0.0074891831098184685,0.0,0.0,5.9412132015438206e-05
2018-07-04 11:00:00,0.0,0.0,0.0,0.0027691770814413158,0.0,0.0,0.05811987961522913,0.0,0.0,0.0,0.0,4.854930483906688e-07,0.06032074184750276,0.0013954460114854132,0.0008952231674835869,0.0,0.0,0.004285035220614622,0.0,0.007424943683153132,0.0,0.0,0.00011433447224665486
2018-07-04 12:00:00,0.0,0.0,0.0,0.002854715169825445,0.0,0.0,0.060833566317128863,0.0,0.0,0.0,0.0,5.059297190466269e-07,0.04328394691403084,0.0014719760126285886,0.0009684983154422023,0.0,0.0,0.004465412372961434,0.0,0.007298864345242525,0.0,0.0,0.00016864654900613488
2018-07-04 13:00:00,0.0,0.0,0.0,0.0028632619786805777,0.0,0.0,0.061341062024558475,0.0,0.0,0.0,0.0,5.074444356980563e-07,0.06031514229463744,0.0015095126060604906,0.0009015953230607725,0.0,0.0,0.004478781491679285,0.0,0.006469930591511291,0.0,0.0,0.00015962832384297786
2018-07-04 14:00:00,0.0,0.0,0.0,0.0030820643394606135,0.0,0.0,0.05488989788922188,0.0,0.0,0.0,0.0,5.462219004645153e-07,0.07609569108058077,0.0016069872308172666,0.0008272185275597135,0.0,0.0,0.004821037272356727,0.0,0.0057201656228746305,0.0,0.0,0.0002708565085334118
2018-07-04 15:00:00,0.0,0.0,0.0,0.0035915913624023133,0.0,0.0,0.021358777827050167,0.0,0.0,0.0,0.0,6.365233309849272e-07,0.02004980945819466,0.0018913882457252474,0.0009296002437935863,0.0,0.0,0.005618051383134438,0.0,0.0051124421724169445,0.0,0.0,0.0005292777607235383
2018-07-04 16:00:00,0.0,0.0,0.0,0.0035324205016701166,0.0,0.0,0.0,0.0,0.0,0.0,0.0,6.215328554055811e-07,0.11125955492781191,0.0018603889634310942,0.0010754494986265867,0.0,0.0,0.005485743173893978,0.0,0.0034339422933876485,0.0,0.0,0.000595665257433216
2018-07-04 17:00:00,0.0,0.0,0.0,0.0034374327549810744,0.0,0.0,0.0,0.0,0.0,0.0,0.0,6.00499527629959e-07,0.12652164667556215,0.0017632314663143592,0.001203633046177397,0.0,0.0,0.005300099835386797,0.0,0.0016708811379662237,0.0,0.0,0.000478000436381895
2018-07-04 18:00:00,0.0,0.0,0.0,0.0034735883135108584,0.0,0.0,0.0,0.0,0.0,0.0,0.0,6.068156936078597e-07,0.12196016561745704,0.0017905226940716898,0.0011877285645190898,0.0,0.0,0.005355847273510305,0.0,0.0004865846133431502,0.0,0.0,0.0007062481582694562
2018-07-04 19:00:00,0.0,0.0,0.0,0.0035867558325548025,0.0,0.0,0.0,0.0,0.0,0.0,0.0,6.333715250596097e-07,0.10803788134498192,0.0018643716219381517,0.0011979662260239619,0.0,0.0,0.0055902330663875855,0.0,4.896041533291057e-05,0.0,0.0,0.0010629443736008615
2018-07-04 20:00:00,0.0,0.0,0.0,0.0037786558076147655,0.0,0.0,0.0,0.0,0.0,0.0,0.0,6.696760122787795e-07,0.0823491935814552,0.001929666226365956,0.0012949166074255269,0.0,0.0,0.0059106619724577595,0.0,0.0,0.0,0.0,0.0014488944737474532
2018-07-04 21:00:00,0.0,0.0,0.0,0.004568261395405029,0.0,0.0,0.0,0.0,0.0,0.0,0.0,8.096146434287316e-07,0.0028326715647702845,0.0022345637928720204,0.0011075432699121483,0.0,0.0,0.007145781538412118,0.0,0.0,0.0,0.0,0.0015694616344387267
2018-07-04 22:00:00,0.0,0.0,0.0,0.0047615549491891755,0.0,0.0,0.0,0.0,0.0,0.0,0.0,8.438712846492694e-07,0.010226032891537602,0.0022890381190403394,0.0005399070712515914,0.0,0.0,0.007448135845351327,0.0,0.0,0.0,0.0,0.0013285694691876114
2018-07-04 23:00:00,0.0,0.0,0.0,0.005001339072002656,0.0,0.0,0.0,0.0,0.0,0.0,0.0,8.863672629413117e-07,0.0019251910773130092,0.0023809938162277877,0.00051494116410291,0.0,0.0,0.007823211789938993,0.0,0.0,0.0,0.0,0.0011988559069320635
2018-07-05 00:00:00,0.0,0.0,0.0,0.005182473817257118,0.0,0.0,0.0,0.0,0.0,0.0,0.0,9.184690472961327e-07,0.019831815111771095,0.002423688896531634,0.00043475110774103857,0.0,0.0,0.008106547003617053,0.0,0.0,0.0,0.0,0.0011365549725241809
2018-07-05 01:00:00,0.0,0.0,0.0,0.005260410525172154,0.0,0.0,0.0,0.0,0.0,0.0,0.0,9.322814574292542e-07,0.013560529594297979,0.002427519164871725,0.0004879779800807514,0.0,0.0,0.008228457428695629,0.0,0.0,0.0,0.0,0.001143719266797832
2018-07-05 02:00:00,0.0,0.0,0.0,0.0055691834693305355,0.0,0.0,0.0,0.0,0.0,0.0,0.0,9.870040478083153e-07,0.0021049732049645492,0.0025859468565001082,0.0005070707479070483,0.0,0.0,0.008711447304482386,0.0,0.0,0.0,0.0,0.0010503686102652093
2018-07-05 03:00:00,0.0,0.0,0.0,0.00545613484605169,0.0,0.0,0.00043765160870978755,0.0,0.0,0.0,0.0,9.669688937520979e-07,0.00520788007913561,0.0025609065646248048,0.0004451907558503162,0.0,0.0,0.008534613998493938,0.0,9.648100324869099e-05,0.0,0.0,0.0006724976329518629
2018-07-05 04:00:00,0.0,0.0,0.0,0.0046740637913060094,0.0,0.0,0.003363861167221286,0.0,0.0,0.0,0.0,8.283655776719945e-07,0.030684288904152496,0.0022955942427722296,0.0009967170331373156,0.0,0.0,0.007311280125710441,0.0,0.0009982525977682063,0.0,0.0,0.00022676028955328074
2018-07-05 05:00:00,0.0,0.0,0.0,0.003777506622799634,0.0,0.0,0.010411560793018736,0.0,0.0,0.0,0.0,6.694723468634704e-07,0.08416644955164013,0.0018836277504373276,0.0014186526463734468,0.0,0.0,0.005908864390637146,0.0,0.002651630362047935,0.0,0.0,9.017790824522087e-05
2018-07-05 06:00:00,0.0,0.0,0.0,0.0034627859881825006,0.0,0.0,0.026746399035220227,0.0,0.0,0.0,0.0,6.15927291783493e-07,0.07410537255922044,0.0017097123269646942,0.0012463146714996574,0.0,0.0,0.005436267619853263,0.0,0.004584464108553813,0.0,0.0,4.162725687565888e-05
2018-07-05 07:00:00,0.0,0.0,0.0,0.0031337984788181892,0.0,0.0,0.04329766000132732,0.0,0.0,0.0,0.0,5.635580423327898e-07,0.07050190234361654,0.001545947338017084,0.0010384339373323273,0.0,0.0,0.004974048687744391,0.0,0.006243527813555461,0.0,0.0,2.924411926680651e-05
2018-07-05 08:00:00,0.0,0.0,0.0,0.002961752566160689,0.0,0.0,0.05040916118604708,0.0,0.0,0.0,0.0,5.326186381611523e-07,0.06401403493416591,0.0015287714328898892,0.0008052940782481096,0.0,0.0,0.0047009728177195426,0.0,0.007568816518200923,0.0,0.0,3.7555767387682515e-05
2018-07-05 09:00:00,0.0,0.0,0.0,0.002904520770147682,0.0,0.0,0.0486404889838702,0.0,0.0,0.0,0.0,5.223265153146178e-07,0.055205202070193436,0.0014793224573681275,0.0007372114945913823,0.0,0.0,0.004610132981725013,0.0,0.008547406233087753,0.0,0.0,8.491440457408068e-05
2018-07-05 10:00:00,0.0,0.0,0.0,0.002900314640539754,0.0,0.0,0.05550113647530546,0.0,0.0,0.0,0.0,5.215701175488828e-07,0.048963776811240485,0.0014610146516685326,0.0005731474431592152,0.0,0.0,0.004603456900414038,0.0,0.009072870399370771,0.0,0.0,0.000118500629775792
2018-07-05 11:00:00,0.0,0.0,0.0,0.002966466108081381,0.0,0.0,0.0801026900573421,0.0,0.0,0.0,0.0,5.257348895913575e-07,0.036695715807712234,0.0014434692411889498,0.0006446806330648666,0.0,0.0,0.00464021580962395,0.0,0.009010851814183665,0.0,0.0,0.0002103784266651559
2018-07-05 12:00:00,0.0,0.0,0.0,0.003024250899444618,0.0,0.0,0.08263337290161384,0.0,0.0,0.0,0.0,5.359758563850282e-07,0.033101624601622054,0.0014747977541527772,0.0006953637658028967,0.0,0.0,0.004730604134543305,0.0,0.008483969339668548,0.0,0.0,0.0003081806956559401
2018-07-05 13:00:00,0.0,0.0,0.0,0.0030501034581518387,0.0,0.0,0.0850591488575833,0.0,0.0,0.0,0.0,5.405576016679316e-07,0.035350265549473056,0.0015048629432094184,0.0005920334385874946,0.0,0.0,0.004771043312764715,0.0,0.00764829967187659,0.0,0.0,0.0006150380708216217
2018-07-05 14:00:00,0.0,0.0,0.0,0.0032053954663729,0.0,0.0,0.07049911667139035,0.0,0.0,0.0,0.0,5.680793813957047e-07,0.013846136112541551,0.0015724556779703278,0.0005973662796907313,0.0,0.0,0.005013954711513739,0.0,0.006715074859798194,0.0,0.0,0.0011768490401587145
2018-07-05 15:00:00,0.0,0.0,0.0,0.003402426696528904,0.0,0.0,0.05235543839882885,0.0,0.0,0.0,0.0,6.118660600664279e-07,0.014396217114028685,0.001678199851292882,0.000656291335327492,0.0,0.0,0.005400422573246751,0.0,0.005457397982088327,0.0,0.0,0.001126712571662749
2018-07-05 16:00:00,0.0,0.0,0.0,0.003500369693101742,0.0,0.0,0.04472190528633891,0.0,0.0,0.0,0.0,6.294793698506648e-07,0.04078800445969568,0.0018705668407792294,0.0006774881321559957,0.0,0.0,0.005555880314664955,0.0,0.0036958916435094642,0.0,0.0,0.0012101773569683282
2018-07-05 17:00:00,0.0,0.0,0.0,0.0035374734518587862,0.0,0.0,0.04461211198183081,0.0,0.0,0.0,0.0,6.361518223997496e-07,0.05330574047442053,0.0018517892744237864,0.0007669363079027082,0.0,0.0,0.005614772392060264,0.0,0.0017945889669248958,0.0,0.0,0.00228951477437287
2018-07-05 18:00:00,0.0,0.0,0.0,0.0035647598178632093,0.0,0.0,0.04636665143519065,0.0,0.0,0.0,0.0,6.410587910870365e-07,0.04423486509945621,0.0019304108929747493,0.0008664828228155253,0.0,0.0,0.005658082041335732,0.0,0.00048644663712979854,0.0,0.0,0.0018860247335262992
2018-07-05 19:00:00,0.0,0.0,0.0,0.0036997916468804112,0.0,0.0,0.04850812152127741,0.0,0.0,0.0,0.0,6.580835942513178e-07,0.023458299316703936,0.002018928483324786,0.0007970770855697356,0.0,0.0,0.005808345534139182,0.0,3.3913795055956894e-05,0.0,0.0,0.0013540734437291425
2018-07-05 20:00:00,0.0,0.0,0.0,0.003699462794348051,0.0,0.0,0.048418746304786306,0.0,0.0,0.0,0.0,6.556409521873259e-07,0.024601969261353898,0.0019496180680457316,0.0007157611923325102,0.0,0.0,0.005786786405104778,0.0,0.0,0.0,0.0,0.0014303320708794341
2018-07-05 21:00:00,0.0,0.0,0.0,0.00402625667994507,0.0,0.0,0.05366471062780473,0.0,0.0,0.0,0.0,7.135573217340518e-07,0.0015989378683908555,0.0020831818585312105,0.00038851445606907054,0.0,0.0,0.00629796505983631,0.0,0.0,0.0,0.0,0.0014804909601343497
2018-07-05 22:00:00,0.0,0.0,0.0,0.004279401925133969,0.0,0.0,0.011995120606233417,0.0,0.0,0.0,0.0,7.584212381521093e-07,0.0,0.002045201647337996,0.00036871215850971294,0.0,0.0,0.006693940785180563,0.0,0.0,0.0,0.0,0.003098265355103624
2018-07-05 23:00:00,0.0,0.0,0.0,0.00400785528694058,0.0,0.0,0.0,0.0,0.0,0.0,0.0,7.102961166613942e-07,0.0,0.0018828647525481346,0.0003651914193275055,0.0,0.0,0.006269181169635806,0.0,0.0,0.0,0.0,0.0038555132919167647
2018-07-06 00:00:00,0.0,0.0,0.0,0.0038714234780929517,0.0,0.0,0.0,0.0,0.0,0.0,0.0,6.86116854418736e-07,0.0,0.0018551059010731515,0.0003532084767832702,0.0,0.0,0.00605577133676237,0.0,0.0,0.0,0.0,0.004069905956859456
2018-07-06 01:00:00,0.0,0.0,0.0,0.0040102769682703624,0.0,0.0,0.0,0.0,0.0,0.0,0.0,7.107253015299048e-07,0.0,0.001966623783477654,0.0004241456409987087,0.0,0.0,0.006272969220327405,0.0,0.0,0.0,0.0,0.0036880127184497455
2018-07-06 02:00:00,0.0,0.0,0.0,0.0040939130637538245,0.0,0.0,0.0,0.0,0.0,0.0,0.0,7.255477912610579e-07,0.0,0.0020386930210055643,0.00048298840210511153,0.0,0.0,0.00640379476101379,0.0,0.0,0.0,0.0,0.0034446152367919947
2018-07-06 03:00:00,0.0,0.0,0.0,0.004204558322636372,0.0,0.0,0.0,0.0,0.0,0.0,0.0,7.451570066854158e-07,0.0,0.0020913987011511657,0.0005033496517486587,0.0,0.0,0.006576868668087281,0.0,6.120406936710296e-05,0.0,0.0,0.003083247175356958
2018-07-06 04:00:00,0.0,0.0,0.0,0.0042972837974866,0.0,0.0,0.0,0.0,0.0,0.0,0.0,7.615903706634789e-07,0.0006586762660814263,0.0022971346600797003,0.0007116263865956895,0.0,0.0,0.006721912029001724,0.0,0.0003515078959071787,0.0,0.0,0.0026032013055483525
2018-07-06 05:00:00,0.0,0.0,0.0,0.0036866180031439166,0.0,0.0,0.0,0.0,0.0,0.0,0.0,6.533645213637499e-07,0.06009701421445784,0.002010009849515771,0.001034075082784793,0.0,0.0,0.005766694281667275,0.0,0.0013037108502249833,0.0,0.0,0.0021956825560733592
2018-07-06 06:00:00,0.0,0.0,0.0,0.003056424862266221,0.0,0.0,0.0,0.0,0.0,0.0,0.0,5.416779187634425e-07,0.11659313655363618,0.0015883517664376718,0.0010669622349832786,0.0,0.0,0.004780931401231551,0.0,0.0021543522831453553,0.0,0.0,0.002057161074292745
2018-07-06 07:00:00,0.0,0.0,0.0,0.0030748075108049315,0.0,0.0,0.0,0.0,0.0,0.0,0.0,5.44935801829616e-07,0.10059541820027508,0.0016075560458807699,0.0010779397151501552,0.0,0.0,0.004809685970899381,0.0,0.003189445529557569,0.0,0.0,0.0022439351740605397
2018-07-06 08:00:00,0.0,0.0,0.0,0.00304040222433572,0.0,0.0,0.0,0.0,0.0,0.0,0.0,5.388382909111619e-07,0.06533879519234062,0.0016755050598451988,0.0008988943819237997,0.0,0.0,0.004755868415467295,0.0,0.004055876321861518,0.0,0.0,0.0022328075124561303
2018-07-06 09:00:00,0.0,0.0,0.0,0.003045106908392101,0.0,0.0,0.0,0.0,0.0,0.0,0.0,5.396720831955928e-07,0.02807901048056994,0.00167955010101007,0.0008431265905670504,0.0,0.0,0.004763227592529265,0.0,0.004954286829910712,0.0,0.0,0.0021654065964255343
2018-07-06 10:00:00,0.0,0.0,0.0,0.0031243596346358653,0.0,0.0,0.0,0.0,0.0,0.0,0.0,5.537177259784552e-07,0.004168550591427254,0.0017261949811629472,0.00046960526388051217,0.0,0.0,0.004887196564320405,0.0,0.005731511681981452,0.0,0.0,0.002104873129541749
2018-07-06 11:00:00,0.0,0.0,0.0,0.003149171304693262,0.0,0.0,0.0,0.0,0.0,0.0,0.0,5.581149987410418e-07,0.001124463710019703,0.0017669409407716113,0.0003313196153024903,0.0,0.0,0.004926007560121052,0.0,0.005976839916659264,0.0,0.0,0.002040765143096399
2018-07-06 12:00:00,0.0,0.0,0.0,0.003131318452549505,0.0,0.0,0.0,0.0,0.0,0.0,0.0,5.549510093648884e-07,0.0,0.0017470952938966617,0.00046129045373420147,0.0,0.0,0.0048980817103907405,0.0,0.005807754415564105,0.0,0.0,0.0020605932277346323
2018-07-06 13:00:00,0.0,0.0,0.0,0.003083827058676576,0.0,0.0,0.0,0.0,0.0,0.0,0.0,5.465343001207459e-07,0.0,0.001761356645238759,0.00033101950661730155,0.0,0.0,0.004823794559066173,0.0,0.005372046822635942,0.0,0.0,0.002235079563384597
2018-07-06 14:00:00,0.0,0.0,0.0,0.0031706299507089264,0.0,0.0,0.0,0.0,0.0,0.0,0.0,5.619180285019724e-07,0.0,0.0018050807706232897,0.00036083651558067116,0.0,0.0,0.00495957367713272,0.0,0.004817660053701091,0.0,0.0,0.0022873432919156885
2018-07-06 15:00:00,0.0,0.0,0.0,0.003266870609177887,0.0,0.0,0.0,0.0,0.0,0.0,0.0,5.832004646969793e-07,0.00202330076802522,0.0019231177915582278,0.00039524525210957086,0.0,0.0,0.005147415684301284,0.0,0.0038743334289671745,0.0,0.0,0.0022814085298872022
2018-07-06 16:00:00,0.0,0.0,0.0,0.0032694382313118537,0.0,0.0,0.0,0.0,0.0,0.0,0.0,5.879504446823695e-07,0.02116055073315583,0.001954400704382469,0.0005630625916779485,0.0,0.0,0.00518933972750248,0.0,0.0025049131269577847,0.0,0.0,0.002501437254305621
2018-07-06 17:00:00,0.0,0.0,0.0,0.0033085437132806283,0.0,0.0,0.0,0.0,0.0,0.0,0.0,5.94982871627421e-07,0.03210293185549838,0.001982735961147915,0.0005794443887450894,0.0,0.0,0.005251408993470008,0.0,0.0011105011437031228,0.0,0.0,0.002844075284845392
2018-07-06 18:00:00,0.0,0.0,0.0,0.0034289632652893536,0.0,0.0,0.0,0.0,0.0,0.0,0.0,6.077014056485096e-07,0.033428234977514903,0.0020182607940412637,0.0004405356745614493,0.0,0.0,0.005363664702209003,0.0,0.00039581179013498704,0.0,0.0,0.00390327358174974
2018-07-06 19:00:00,0.0,0.0,0.0,0.003389100013176138,0.0,0.0,0.0,0.0,0.0,0.0,0.0,6.006366013713258e-07,0.03581997232292719,0.002079900038816035,0.00040242832127332135,0.0,0.0,0.0053013096690013575,0.0,4.720225569485969e-05,0.0,0.0,0.003453057942977682
2018-07-06 20:00:00,0.0,0.0,0.0,0.003492894686547182,0.0,0.0,0.0,0.0,0.0,0.0,0.0,6.190317150037517e-07,0.026227616085728215,0.002151391872984531,0.00038537069714165474,0.0,0.0,0.005463667729664513,0.0,0.0,0.0,0.0,0.003352668786267788
2018-07-06 21:00:00,0.0,0.0,0.0,0.0037558263435823,0.0,0.0,0.0,0.0,0.0,0.0,0.0,6.656300379391974e-07,0.0,0.002267225076132046,0.00033865832145104843,0.0,0.0,0.005874951589777137,0.0,0.0,0.0,0.0,0.0031922027285665035
2018-07-06 22:00:00,0.0,0.0,0.0,0.0038997209501923547,0.0,0.0,0.0,0.0,0.0,0.0,0.0,6.716633976166403e-07,0.024972147893802324,0.002238268084253752,0.00035147657138356414,0.0,0.0,0.005928202936634065,0.0,0.0,0.0,0.0,0.0028297570570806007
2018-07-06 23:00:00,0.0,0.0,0.0,0.00425869767331181,0.0,0.0,0.0,0.0,0.0,0.0,0.0,7.33491289559475e-07,0.01034462497890172,0.0024450054598101176,0.00042104361206241726,0.0,0.0,0.006473905280817195,0.0,0.0,0.0,0.0,0.0028114983691946652
2018-07-07 00:00:00,0.0,0.0,0.0,0.00413379939647866,0.0,0.0,0.0,0.0,0.0,0.0,0.0,7.119795962753495e-07,0.0005527929981278719,0.002369342851129903,0.0003338454351243687,0.0,0.0,0.006284039815836608,0.0,0.0,0.0,0.0,0.003881210808300494
2018-07-07 01:00:00,0.0,0.0,0.0,0.004146971865895926,0.0,0.0,0.0,0.0,0.0,0.0,0.0,7.142483395205208e-07,0.0,0.0023128368072474112,0.00028989354502508523,0.0,0.0,0.006304064087542075,0.0,0.0,0.0,0.0,0.004405245939025867
2018-07-07 02:00:00,0.0,0.0,0.0,0.004084383210598972,0.0,0.0,0.0,0.0,0.0,0.0,0.0,7.034684633688859e-07,0.0,0.0023469434253090985,0.0002856102825761239,0.0,0.0,0.006208919266958674,0.0,0.0,0.0,0.0,0.004367435710423608
2018-07-07 03:00:00,0.0,0.0,0.0,0.003922783060544694,0.0,0.0,0.0,0.0,0.0,0.0,0.0,6.756354703862828e-07,0.0,0.002259130179028315,0.00026052824078296274,0.0,0.0,0.00596326105285876,0.0,0.0003905419553515841,0.0,0.0,0.004033651123834681
2018-07-07 04:00:00,0.0,0.0,0.0,0.0038924911183896944,0.0,0.0,0.0,0.0,0.0,0.0,0.0,6.704181768803896e-07,0.0,0.002377010335333255,0.00034205871590508425,0.0,0.0,0.005917212429705157,0.0,0.0009741082167126633,0.0,0.0,0.0035217777530563185
2018-07-07 05:00:00,0.0,0.0,0.0,0.0037301930961916854,0.0,0.0,0.0,0.0,0.0,0.0,0.0,6.424649867910836e-07,0.0,0.0023753998925384414,0.0005457954878462782,0.0,0.0,0.005670493337725849,0.0,0.001794786572752234,0.0,0.0,0.0031544268686501224
2018-07-07 06:00:00,0.0,0.0,0.0,0.003505487096528099,0.0,0.0,0.0,0.0,0.0,0.0,0.0,6.03763039362911e-07,0.002688020688474881,0.0023042755278230406,0.0003846284594605683,0.0,0.0,0.005328904084520627,0.0,0.003283286699718501,0.0,0.0,0.0024344713522401187
2018-07-07 07:00:00,0.0,0.0,0.0,0.003177709965406471,0.0,0.0,0.0,0.0,0.0,0.0,0.0,5.531519229391e-07,0.0033651387472947345,0.00210780345696085,0.00030660232122875877,0.0,0.0,0.004882202700948716,0.0,0.005131831960733526,0.0,0.0,0.0022448375938007525
2018-07-07 08:00:00,0.0,0.0,0.0,0.002846308059568502,0.0,0.0,0.0,0.0,0.0,0.0,0.0,4.972334783228775e-07,0.0,0.0019168699385570425,0.00024303411828513813,0.0,0.0,0.004388658034435409,0.0,0.005773597656257853,0.0,0.0,0.0023851667777253947
2018-07-07 09:00:00,0.0,0.0,0.0,0.002820894632516422,0.0,0.0,0.0,0.0,0.0,0.0,0.0,4.927939002924073e-07,0.0,0.0018710473355026,0.00018512647543342654,0.0,0.0,0.004349473645929142,0.0,0.006410266955550386,0.0,0.0,0.0022409907121093424
2018-07-07 10:00:00,0.0,0.0,0.0,0.002843540074120192,0.0,0.0,0.0,0.0,0.0,0.0,0.0,4.967499273496146e-07,0.0,0.0018773561360214848,0.0001619301324847986,0.0,0.0,0.00438439014026419,0.0,0.007189398899844316,0.0,0.0,0.002132906069590872
2018-07-07 11:00:00,0.0,0.0,0.0,0.00277757381565547,0.0,0.0,0.0,0.0,0.0,0.0,0.0,4.852260053208331e-07,0.0,0.0018473266426432594,0.00015982320193522643,0.0,0.0,0.0042826782580104,0.0,0.007473640921778709,0.0,0.0,0.0022199957970961094
2018-07-07 12:00:00,0.0,0.0,0.0,0.0026754719292712624,0.0,0.0,0.0,0.0,0.0,0.0,0.0,4.673893990759549e-07,0.0,0.0017245587281807058,0.00014698111590123356,0.0,0.0,0.004125249668190436,0.0,0.007147808762410233,0.0,0.0,0.0023025954302300536
2018-07-07 13:00:00,0.0,0.0,0.0,0.002739860481792916,0.0,0.0,0.0,0.0,0.0,0.0,0.0,4.786377050444139e-07,0.0,0.0017223886500966797,0.0001582164311635033,0.0,0.0,0.0042245289213267475,0.0,0.006741059942698885,0.0,0.0,0.002304626193098299
2018-07-07 14:00:00,0.0,0.0,0.0,0.002809385457015369,0.0,0.0,0.0,0.0,0.0,0.0,0.0,4.873025814864303e-07,0.0,0.0018331904464910435,0.00016891804697842156,0.0,0.0,0.004301006433949001,0.0,0.005568761442640642,0.0,0.0,0.002329119918694491
2018-07-07 15:00:00,0.0,0.0,0.0,0.0029706387676404853,0.0,0.0,0.0,0.0,0.0,0.0,0.0,5.189533305465861e-07,0.0,0.001988301692631466,0.00018246799400456132,0.0,0.0,0.004580360741762833,0.0,0.004501531338789765,0.0,0.0,0.002426950222748804
2018-07-07 16:00:00,0.0,0.0,0.0,0.0030530162892487196,0.0,0.0,0.0,0.0,0.0,0.0,0.0,5.333442048819136e-07,0.0,0.0020553847636795874,0.00024185454644668383,0.0,0.0,0.004707376779555195,0.0,0.003441140197032551,0.0,0.0,0.0026241938855399807
2018-07-07 17:00:00,0.0,0.0,0.0,0.0034747721764536985,0.0,0.0,0.0,0.0,0.0,0.0,0.0,6.070225075846348e-07,0.0,0.002360931057702388,0.0003182060596784135,0.0,0.0,0.005357672645011574,0.0,0.002409463124562193,0.0,0.0,0.0026737652885408464
2018-07-07 18:00:00,0.0,0.0,0.0,0.0036282536112738355,0.0,0.0,0.0,0.0,0.0,0.0,0.0,6.271157253215315e-07,0.009429898343330766,0.00245029660147767,0.00039089530649703954,0.0,0.0,0.0055350184298451335,0.0,0.0010683287500242661,0.0,0.0,0.0031366908671378643
2018-07-07 19:00:00,0.0,0.0,0.0,0.0036028750572598815,0.0,0.0,0.0,0.0,0.0,0.0,0.0,6.205365289093459e-07,0.001073366207277697,0.002363874180268961,0.00047142334613642237,0.0,0.0,0.005476949445246881,0.0,0.00020061773311472525,0.0,0.0,0.003834247718301082
2018-07-07 20:00:00,0.0,0.0,0.0,0.0037745939531618382,0.0,0.0,0.0,0.0,0.0,0.0,0.0,6.501123110049334e-07,0.0,0.002523894919225173,0.0003077262627385565,0.0,0.0,0.0057379897801742635,0.0,0.0,0.0,0.0,0.0038976510143188202
2018-07-07 21:00:00,0.0,0.0,0.0,0.003858203733693324,0.0,0.0,0.0,0.0,0.0,0.0,0.0,6.645127334923396e-07,0.0,0.0025434550943370235,0.0003447804185897156,0.0,0.0,0.005865090091403874,0.0,0.0,0.0,0.0,0.003350512336110934
2018-07-07 22:00:00,0.0,0.0,0.0,0.0038277965869112506,0.0,0.0,0.0,0.0,0.0,0.0,0.0,6.68693820693063e-07,0.0,0.0024326088546596267,0.0003008704890691567,0.0,0.0,0.0059019930006730175,0.0,0.0,0.0,0.0,0.003078565801405736
2018-07-07 23:00:00,0.0,0.0,0.0,0.003909879707003986,0.0,0.0,0.0,0.0,0.0,0.0,0.0,6.83033264794378e-07,0.0,0.002418476452613925,0.00029669423026748457,0.0,0.0,0.0060285551074258335,0.0,0.0,0.0,0.0,0.0032066879121949664
2018-07-08 00:00:00,0.0,0.0,0.0,0.003907995683843186,0.0,0.0,0.0,0.0,0.0,0.0,0.0,6.827041368961043e-07,0.0,0.002346008104161672,0.00032993782406975675,0.0,0.0,0.006025650174716981,0.0,0.0,0.0,0.0,0.0030644530639204978
2018-07-08 01:00:00,0.0,0.0,0.0,0.004197729077500008,0.0,0.0,0.0,0.0,0.0,0.0,0.0,7.333188771488207e-07,0.0,0.0024831393017004863,0.0003659053881283347,0.0,0.0,0.006472383542751998,0.0,0.0,0.0,0.0,0.002771177960606091
2018-07-08 02:00:00,0.0,0.0,0.0,0.004271933422502955,0.0,0.0,0.0,0.0,0.0,0.0,0.0,7.46281945024924e-07,0.0,0.0024809034028329025,0.00045346442364015447,0.0,0.0,0.006586797544353978,0.0,0.0,0.0,0.0,0.002847117594807303
2018-07-08 03:00:00,0.0,0.0,0.0,0.004464169921715757,0.0,0.0,0.0,0.0,0.0,0.0,0.0,7.798645443654484e-07,0.0,0.0025678309464914565,0.0003929033873704631,0.0,0.0,0.006883202655510462,0.0,0.0005743272972891505,0.0,0.0,0.0026911889347479233
2018-07-08 04:00:00,0.0,0.0,0.0,0.004340409072317539,0.0,0.0,0.0,0.0,0.0,0.0,0.0,7.582442431406407e-07,0.0,0.0025963739947518377,0.0003948998933734593,0.0,0.0,0.006692378600386094,0.0,0.0014878323742280068,0.0,0.0,0.0024489834890218023
2018-07-08 05:00:00,0.0,0.0,0.0,0.003982215359186088,0.0,0.0,0.0,0.0,0.0,0.0,0.0,6.956698828935143e-07,0.0,0.0024531942787658174,0.00037422697131432196,0.0,0.0,0.006140087813823478,0.0,0.0025601815686382774,0.0,0.0,0.0019844759864888705
2018-07-08 06:00:00,0.0,0.0,0.0,0.00364054832277911,0.0,0.0,0.0,0.0,0.0,0.0,0.0,6.359826370348682e-07,0.0,0.002268996708692748,0.0003920979375532384,0.0,0.0,0.00561327913639011,0.0,0.0042853265332319125,0.0,0.0,0.0014182824312602485
2018-07-08 07:00:00,0.0,0.0,0.0,0.0033109570989182627,0.0,0.0,0.0,0.0,0.0,0.0,0.0,5.784049654563856e-07,0.0,0.001989056206430843,0.0003516839650367273,0.0,0.0,0.005105089881255306,0.0,0.006558807202070754,0.0,0.0,0.000882331014960865
2018-07-08 08:00:00,0.0,0.0,0.0,0.0033200840447720464,0.0,0.0,0.0,0.0,0.0,0.0,0.0,5.799993898610403e-07,0.0,0.0019438826037148286,0.00024116943080319044,0.0,0.0,0.005119162512682678,0.0,0.007975919426814367,0.0,0.0,0.0009280247150172882
2018-07-08 09:00:00,0.0,0.0,0.0,0.003275131820093871,0.0,0.0,0.0,0.0,0.0,0.0,0.0,5.721464974237863e-07,0.0,0.0018602909528821878,0.00022690665737268176,0.0,0.0,0.0050498516939410385,0.0,0.00837185473784914,0.0,0.0,0.0008764281059457892
2018-07-08 10:00:00,0.0,0.0,0.0,0.0031975077286808345,0.0,0.0,0.0,0.0,0.0,0.0,0.0,5.585860197217316e-07,0.0,0.0017442814329090128,0.000268420083487033,0.0,0.0,0.004930164862678924,0.0,0.008561473160194719,0.0,0.0,0.0008690692168896081
2018-07-08 11:00:00,0.0,0.0,0.0,0.003172556363179273,0.0,0.0,0.0,0.0,0.0,0.0,0.0,5.542271611591318e-07,0.0,0.0016409319316372884,0.00029125501152004634,0.0,0.0,0.004891692916428959,0.0,0.00803591071160302,0.0,0.0,0.0009866826087374945
2018-07-08 12:00:00,0.0,0.0,0.0,0.0032614950050156525,0.0,0.0,0.0,0.0,0.0,0.0,0.0,5.697642250721364e-07,0.0,0.00161961046788092,0.00027312109590744743,0.0,0.0,0.0050288253971366775,0.0,0.0074613424912041895,0.0,0.0,0.000941229917733989
2018-07-08 13:00:00,0.0,0.0,0.0,0.0033062685673625304,0.0,0.0,0.0,0.0,0.0,0.0,0.0,5.775859062383062e-07,0.0,0.001635826972412051,0.00031251773108434985,0.0,0.0,0.0050978607404697195,0.0,0.006502227057800701,0.0,0.0,0.0010544495327971866
2018-07-08 14:00:00,0.0,0.0,0.0,0.0034081878482005216,0.0,0.0,0.0,0.0,0.0,0.0,0.0,5.953906123553676e-07,0.0,0.0016476401891725016,0.00045520045485933293,0.0,0.0,0.00525500777492717,0.0,0.005361066823466456,0.0,0.0,0.0011507845490819314
2018-07-08 15:00:00,0.0,0.0,0.0,0.0035333287863102717,0.0,0.0,0.0,0.0,0.0,0.0,0.0,6.172520070584878e-07,0.0,0.0018809075183642806,0.0005908816524189831,0.0,0.0,0.005447959757628368,0.0,0.004274514244836733,0.0,0.0,0.001446259575863921
2018-07-08 16:00:00,0.0,0.0,0.0,0.0035256420217646147,0.0,0.0,0.0,0.0,0.0,0.0,0.0,6.159091739595766e-07,0.027257529900390976,0.0019750972627905366,0.0009255879666054582,0.0,0.0,0.005436107709193658,0.0,0.003189812057268074,0.0,0.0,0.001711162716086372
2018-07-08 17:00:00,0.0,0.0,0.0,0.0036344727608672465,0.0,0.0,0.0,0.0,0.0,0.0,0.0,6.349212716735025e-07,0.04104078096424771,0.0020841873484681124,0.0011856215673420947,0.0,0.0,0.005603911364862859,0.0,0.001980776898482039,0.0,0.0,0.001737248134627803
2018-07-08 18:00:00,0.0,0.0,0.0,0.0036387564805904567,0.0,0.0,0.0,0.0,0.0,0.0,0.0,6.356696126167716e-07,0.044937550210328324,0.002101986031120987,0.0013136919930608944,0.0,0.0,0.005610516335437755,0.0,0.0008077211773708369,0.0,0.0,0.0019294310699418458
2018-07-08 19:00:00,0.0,0.0,0.0,0.0036119365228073986,0.0,0.0,0.0,0.0,0.0,0.0,0.0,6.309843218408447e-07,0.036600386500104214,0.0021008456084564545,0.001114162679983319,0.0,0.0,0.005569163249002802,0.0,0.0001445752301580009,0.0,0.0,0.0022282546229672497
2018-07-08 20:00:00,0.0,0.0,0.0,0.0037363396225297543,0.0,0.0,0.0,0.0,0.0,0.0,0.0,6.52716820465211e-07,0.03322298308574116,0.0021354061100813167,0.0011667899556315469,0.0,0.0,0.00576097757537897,0.0,0.0,0.0,0.0,0.0024714104921454024
2018-07-08 21:00:00,0.0,0.0,0.0,0.004082382189933036,0.0,0.0,0.0,0.0,0.0,0.0,0.0,7.131684461630272e-07,0.02436350595018875,0.0022049496611879823,0.0011539044327353012,0.0,0.0,0.006294532785113118,0.0,0.0,0.0,0.0,0.002554863265219787
2018-07-08 22:00:00,0.0,0.0,0.0,0.0045380574348953635,0.0,0.0,0.0,0.0,0.0,0.0,0.0,7.816064570340423e-07,0.0,0.002319507615125573,0.0006526564552060335,0.0,0.0,0.006898577040706918,0.0,0.0,0.0,0.0,0.00282621486075187
2018-07-08 23:00:00,0.0,0.0,0.0,0.004820422868300316,0.0,0.0,0.0,0.0,0.0,0.0,0.0,8.30239302510053e-07,0.000726208228588557,0.002367532723660839,0.0005536573456488782,0.0,0.0,0.007327817905090466,0.0,0.0,0.0,0.0,0.0026827670325395743
2018-07-09 00:00:00,0.0,0.0,0.0,0.00473251871860569,0.0,0.0,0.0,0.0,0.0,0.0,0.0,8.208800906086523e-07,0.0,0.0023285856392987717,0.0006112812188831121,0.0,0.0,0.007245212082478509,0.0,0.0,0.0,0.0,0.0021553673467672643
2018-07-09 01:00:00,0.0,0.0,0.0,0.0048545133064918115,0.0,0.0,0.0,0.0,0.0,0.0,0.0,8.480552654295442e-07,0.0,0.0023981634245424733,0.0005569996525396403,0.0,0.0,0.0074850642937921074,0.0,0.0,0.0,0.0,0.0022470148415593126
2018-07-09 02:00:00,0.0,0.0,0.0,0.00484798748057114,0.0,0.0,0.0002448957697585325,0.0,0.0,0.0,0.0,8.469152415622901e-07,0.00274676672524824,0.0023898662912545214,0.0005623416314697134,0.0,0.0,0.007475002270371344,0.0,0.0,0.0,0.0,0.0024671722179641967
2018-07-09 03:00:00,0.0,0.0,0.0,0.004607095116534891,0.0,0.0,0.0019022911041065898,0.0,0.0,0.0,0.0,8.048327453727094e-07,0.011762089680663198,0.0022414194071656885,0.0005426079188157367,0.0,0.0,0.007103575781482403,0.0,0.0005704452242807472,0.0,0.0,0.00253480160669432
2018-07-09 04:00:00,0.0,0.0,0.0,0.004156144697530951,0.0,0.0,0.003395670409983417,0.0,0.0,0.0,0.0,7.260543276119554e-07,0.029106548300588165,0.00209583904042556,0.0009760500069694446,0.0,0.0,0.006408265527611401,0.0,0.0013700752112731343,0.0,0.0,0.002003971046119414
2018-07-09 05:00:00,0.0,0.0,0.0,0.0034638817095359463,0.0,0.0,0.008733672829733257,0.0,0.0,0.0,0.0,6.051200062977941e-07,0.09370934930711033,0.0017745920006623712,0.0010036899716802754,0.0,0.0,0.005340880880333581,0.0,0.002194793674381785,0.0,0.0,0.001255716455122236
2018-07-09 06:00:00,0.0,0.0,0.0,0.0031616661847708853,0.0,0.0,0.0223804219402027,0.0,0.0,0.0,0.0,5.523247102732006e-07,0.12029615195744273,0.0016021647487577694,0.0007678512099754148,0.0,0.0,0.004874901596597032,0.0,0.0035753345537569317,0.0,0.0,0.0008572484702231368
2018-07-09 07:00:00,0.0,0.0,0.0,0.0031901590618909643,0.0,0.0,0.023549019246579487,0.0,0.0,0.0,0.0,5.573022503360956e-07,0.026049568707037264,0.0017186450551067826,0.000841229948745583,0.0,0.0,0.00491883411952857,0.0,0.00577729951877228,0.0,0.0,0.0007660229224336978
2018-07-09 08:00:00,0.0,0.0,0.0,0.0030400204375284085,0.0,0.0,0.025638918058683794,0.0,0.0,0.0,0.0,5.310739051042998e-07,0.012787596844950216,0.0017160036219175314,0.0006652548863848262,0.0,0.0,0.0046873387696585,0.0,0.006700682493015326,0.0,0.0,0.0006523112527253302
2018-07-09 09:00:00,0.0,0.0,0.0,0.003101938921448059,0.0,0.0,0.017502065416601934,0.0,0.0,0.0,0.0,5.418907044413731e-07,0.01679736931117837,0.0016675423886176315,0.0005360997761147053,0.0,0.0,0.004782809479872219,0.0,0.007514405171381165,0.0,0.0,0.0007250089793933893
2018-07-09 10:00:00,0.0,0.0,0.0,0.003137190526595129,0.0,0.0,0.01648828804191806,0.0,0.0,0.0,0.0,5.480489550161193e-07,0.017548431578933356,0.0016371043248392236,0.0003922760270524768,0.0,0.0,0.0048371631327157145,0.0,0.008197504545265022,0.0,0.0,0.000757056957130651
2018-07-09 11:00:00,0.0,0.0,0.0,0.0031943688228717386,0.0,0.0,0.01736409800732254,0.0,0.0,0.0,0.0,5.5803767111683e-07,0.013886573677478068,0.0016653433163188096,0.0003260200216026296,0.0,0.0,0.004925325054790907,0.0,0.008510993055959168,0.0,0.0,0.000717937260849457
2018-07-09 12:00:00,0.0,0.0,0.0,0.0031037373092807517,0.0,0.0,0.021329588560882847,0.0,0.0,0.0,0.0,5.422048723454471e-07,0.015208460859777334,0.0016200709021261886,0.000388447505958539,0.0,0.0,0.004785582373405103,0.0,0.008140152534853872,0.0,0.0,0.0008167642272299719
2018-07-09 13:00:00,0.0,0.0,0.0,0.003055261052316918,0.0,0.0,0.022929009002806235,0.0,0.0,0.0,0.0,5.337363519457771e-07,0.010433486098837581,0.0016008841341918288,0.0005054903422515336,0.0,0.0,0.004710837928969973,0.0,0.007191412784062522,0.0,0.0,0.0011336993360057113
2018-07-09 14:00:00,0.0,0.0,0.0,0.00316823636765941,0.0,0.0,0.023916029977161593,0.0,0.0,0.0,0.0,5.534724830449834e-07,0.008942639426848913,0.0015885799749992872,0.0004567323769146796,0.0,0.0,0.004885032013023498,0.0,0.0057830578821315495,0.0,0.0,0.001506744658620409
2018-07-09 15:00:00,0.0,0.0,0.0,0.0032712929777334032,0.0,0.0,0.012257176798391107,0.0,0.0,0.0,0.0,5.714758739706391e-07,0.0062848639660945255,0.0016266591051528768,0.0006260454332311469,0.0,0.0,0.005043932669711893,0.0,0.00424469795478133,0.0,0.0,0.0016249808636318004
2018-07-09 16:00:00,0.0,0.0,0.0,0.0034520560463065374,0.0,0.0,0.0,0.0,0.0,0.0,0.0,6.030541316496629e-07,0.014390400273257645,0.0018483763376890008,0.0006551192794400882,0.0,0.0,0.005322647157609928,0.0,0.0030532327697987273,0.0,0.0,0.0016081536844105048
2018-07-09 17:00:00,0.0,0.0,0.0,0.003528240141970835,0.0,0.0,0.0,0.0,0.0,0.0,0.0,6.163630504621207e-07,0.02708983074670137,0.0018932890011452335,0.0008478517821856533,0.0,0.0,0.005440113691989205,0.0,0.0017682142597707823,0.0,0.0,0.001935859702235097
2018-07-09 18:00:00,0.0,0.0,0.0,0.0035223552168464865,0.0,0.0,0.0,0.0,0.0,0.0,0.0,6.153349882397577e-07,0.06404960518809726,0.0018341979382799618,0.0009868400445472844,0.0,0.0,0.005431039859013816,0.0,0.0006980169103748624,0.0,0.0,0.0018675626683107088
2018-07-09 19:00:00,0.0,0.0,0.0,0.003619142253613339,0.0,0.0,0.0,0.0,0.0,0.0,0.0,6.322431211406786e-07,0.05438873079415956,0.0019090789589441021,0.0007961190236166399,0.0,0.0,0.0055802736023917,0.0,0.00012109364337255728,0.0,0.0,0.0016509312551988278
2018-07-09 20:00:00,0.0,0.0,0.0,0.00377492027432644,0.0,0.0,0.0,0.0,0.0,0.0,0.0,6.594566361448032e-07,0.03510855679651694,0.0019791135075365265,0.0008490116806988311,0.0,0.0,0.005820464209972888,0.0,0.0,0.0,0.0,0.001540686403087561
2018-07-09 21:00:00,0.0,0.0,0.0,0.0041239716200059204,0.0,0.0,0.0,0.0,0.0,0.0,0.0,7.204338779236852e-07,0.021326373019893794,0.0020529074096139127,0.0007836693577892222,0.0,0.0,0.00635865858689461,0.0,0.0,0.0,0.0,0.0013191272455336319
2018-07-09 22:00:00,0.0,0.0,0.0,0.004575101381556078,0.0,0.0,0.0,0.0,0.0,0.0,0.0,7.879866733092705e-07,0.00078218260212207,0.0021125469263988347,0.0004509859717527629,0.0,0.0,0.006954889796461336,0.0,0.0,0.0,0.0,0.0010683296651372437
2018-07-09 23:00:00,0.0,0.0,0.0,0.004842963743563517,0.0,0.0,0.0,0.0,0.0,0.0,0.0,8.341216010277937e-07,0.0,0.0021969821209673985,0.00045339525970910285,0.0,0.0,0.007362083660162766,0.0,0.0,0.0,0.0,0.0008269521461069427
2018-07-10 00:00:00,0.0,0.0,0.0,0.005062565325139101,0.0,0.0,0.0,0.0,0.0,0.0,0.0,8.719443956038439e-07,0.0,0.0022734386516215527,0.00044408269948016725,0.0,0.0,0.007695913377061265,0.0,0.0,0.0,0.0,0.000528059539136231
2018-07-10 01:00:00,0.0,0.0,0.0,0.005233878943716181,0.0,0.0,0.0,0.0,0.0,0.0,0.0,9.014503752831866e-07,0.0,0.0023329960334471014,0.0005366696854354977,0.0,0.0,0.007956337625284452,0.0,0.0,0.0,0.0,0.0003250814229731019
2018-07-10 02:00:00,0.0,0.0,0.0,0.00516500257850641,0.0,0.0,0.0,0.0,0.0,0.0,0.0,8.895875435413418e-07,0.0,0.002310867325352785,0.0004478339605179379,0.0,0.0,0.007851634474542063,0.0,0.0,0.0,0.0,0.00030570526752904826
2018-07-10 03:00:00,0.0,0.0,0.0,0.0053164638394954155,0.0,0.0,0.0,0.0,0.0,0.0,0.0,9.156742780699132e-07,0.0,0.002373783018217198,0.0004274416449807874,0.0,0.0,0.00808187994688465,0.0,0.0005235947357136341,0.0,0.0,0.00023758899297707681
2018-07-10 04:00:00,0.0,0.0,0.0,0.004662875557126439,0.0,0.0,0.00029280837562299373,0.0,0.0,0.0,0.0,8.031043449938767e-07,0.008555968025316616,0.0023446082760851814,0.0006433044452743317,0.0,0.0,0.007088320657803141,0.0,0.0012954395923372114,0.0,0.0,0.00019458020491198703
2018-07-10 05:00:00,0.0,0.0,0.0,0.004068145540624621,0.0,0.0,0.0022815390025815482,0.0,0.0,0.0,0.0,7.006717892674192e-07,0.03138750756106155,0.002187299616460639,0.0011637356145302916,0.0,0.0,0.0061842353975086585,0.0,0.002236062837027271,0.0,0.0,0.00010435056341627101
2018-07-10 06:00:00,0.0,0.0,0.0,0.0035906014178126505,0.0,0.0,0.019100386367821152,0.0,0.0,0.0,0.0,6.206078333321211e-07,0.06927056805532172,0.0019002392818352604,0.0010722259299788528,0.0,0.0,0.00547757878888834,0.0,0.003557017089411493,0.0,0.0,2.073474428468686e-05
2018-07-10 07:00:00,0.0,0.0,0.0,0.003291995674186769,0.0,0.0,0.030516600190701248,0.0,0.0,0.0,0.0,5.669926201654261e-07,0.09129326501625984,0.0017004849938210844,0.000856302066671166,0.0,0.0,0.0050043627921987684,0.0,0.005266653825072451,0.0,0.0,1.0578058868462706e-05
2018-07-10 08:00:00,0.0,0.0,0.0,0.003202240434513907,0.0,0.0,0.04399640806420432,0.0,0.0,0.0,0.0,5.515337424655751e-07,0.07401703447916635,0.0016533078092051052,0.0006909562001454758,0.0,0.0,0.00486792039485731,0.0,0.006254272070637662,0.0,0.0,6.4062849673350525e-06
2018-07-10 09:00:00,0.0,0.0,0.0,0.003033136397792892,0.0,0.0,0.037095247861588604,0.0,0.0,0.0,0.0,5.224083272614118e-07,0.07972481425688814,0.0014989659075223948,0.0008783849726692228,0.0,0.0,0.004610855066365857,0.0,0.006470897443672637,0.0,0.0,2.189185407236943e-05
2018-07-10 10:00:00,0.0,0.0,0.0,0.003100400062131735,0.0,0.0,0.04202088867866133,0.0,0.0,0.0,0.0,5.41621874661008e-07,0.06411665979561232,0.0014405365477249798,0.0008155070879032228,0.0,0.0,0.00478043674749009,0.0,0.007164924984140768,0.0,0.0,6.710897125067802e-05
2018-07-10 11:00:00,0.0,0.0,0.0,0.0030507426955708058,0.0,0.0,0.040336112355786345,0.0,0.0,0.0,0.0,5.329470212780653e-07,0.05321118112012546,0.0013535199399011307,0.0007365217032898072,0.0,0.0,0.004703871176875233,0.0,0.006815181127019658,0.0,0.0,0.00011255527567693593
2018-07-10 12:00:00,0.0,0.0,0.0,0.0031194367419532273,0.0,0.0,0.041388240878649576,0.0,0.0,0.0,0.0,5.449474720050968e-07,0.023120892379342523,0.0013664448213569797,0.000680709820476118,0.0,0.0,0.004809788973636768,0.0,0.006487073286114183,0.0,0.0,0.000379511121652499
2018-07-10 13:00:00,0.0,0.0,0.0,0.003268461028727858,0.0,0.0,0.03790261728382253,0.0,0.0,0.0,0.0,5.709811489356146e-07,0.004068437659915027,0.0014004442050348097,0.000474465814488,0.0,0.0,0.005039566151578159,0.0,0.006098648105737612,0.0,0.0,0.0009763328341490512
2018-07-10 14:00:00,0.0,0.0,0.0,0.003428864137273548,0.0,0.0,0.040410376111032036,0.0,0.0,0.0,0.0,5.990026399080524e-07,0.00229005674495466,0.0014924702619254512,0.00033945736752675847,0.0,0.0,0.005286888077502852,0.0,0.005330219330952377,0.0,0.0,0.0011379845356279921
2018-07-10 15:00:00,0.0,0.0,0.0,0.003526953816170322,0.0,0.0,0.009341982927820448,0.0,0.0,0.0,0.0,6.161383368195143e-07,0.023137858753746215,0.0016780960251292683,0.0005670157057751827,0.0,0.0,0.005438130335324649,0.0,0.004312560442949194,0.0,0.0,0.0015640664114220664
2018-07-10 16:00:00,0.0,0.0,0.0,0.0036993310394282403,0.0,0.0,0.0,0.0,0.0,0.0,0.0,6.462516360514912e-07,0.06205953926444792,0.0018878657944600156,0.0008205187073585054,0.0,0.0,0.005703914877957471,0.0,0.003463421145930381,0.0,0.0,0.0006449022213780184
2018-07-10 17:00:00,0.0,0.0,0.0,0.003799126126840523,0.0,0.0,0.0,0.0,0.0,0.0,0.0,6.613233886753418e-07,0.07700640248181943,0.0019579605032362174,0.0008921438666509659,0.0,0.0,0.0058369404507101035,0.0,0.0021726651500201233,0.0,0.0,0.0005520236298119486
2018-07-10 18:00:00,0.0,0.0,0.0,0.003952607320494021,0.0,0.0,0.0,0.0,0.0,0.0,0.0,6.807722132519429e-07,0.04970500052206001,0.0020660163988133794,0.000747469682420069,0.0,0.0,0.006008598723854377,0.0,0.0009365628820255151,0.0,0.0,0.0010991218662926188
2018-07-10 19:00:00,0.0,0.0,0.0,0.004224072468581623,0.0,0.0,0.0,0.0,0.0,0.0,0.0,7.275276621745202e-07,0.004683372481608391,0.002294127337415379,0.0007124279628694533,0.0,0.0,0.006421269401741558,0.0,0.00019281340706232708,0.0,0.0,0.0010834416569993391
2018-07-10 20:00:00,0.0,0.0,0.0,0.004298953189927113,0.0,0.0,0.0,0.0,0.0,0.0,0.0,7.404246464350007e-07,0.008492188561770387,0.0022595210753304324,0.0007424842061348537,0.0,0.0,0.006535100139337211,0.0,0.0,0.0,0.0,0.0008213109570579451
2018-07-10 21:00:00,0.0,0.0,0.0,0.004635383952300154,0.0,0.0,0.0,0.0,0.0,0.0,0.0,7.983693639684662e-07,0.0,0.002294603522963995,0.000497328344882727,0.0,0.0,0.007046528997695788,0.0,0.0,0.0,0.0,0.0004917609811349866
2018-07-10 22:00:00,0.0,0.0,0.0,0.00472196410687033,0.0,0.0,0.0,0.0,0.0,0.0,0.0,8.248996904891793e-07,0.00123228919192317,0.002224685914216003,0.0004108466101896941,0.0,0.0,0.007280689680186512,0.0,0.0,0.0,0.0,0.00038790051998954523
2018-07-10 23:00:00,0.0,0.0,0.0,0.004985866004382615,0.0,0.0,0.0,0.0,0.0,0.0,0.0,8.741236887874397e-07,0.0022851905617370053,0.0023159272938505187,0.0004026735649559661,0.0,0.0,0.007715148148967289,0.0,0.0,0.0,0.0,0.0002559322695731346
2018-07-11 00:00:00,0.0,0.0,0.0,0.0052180691718344075,0.0,0.0,0.0,0.0,0.0,0.0,0.0,9.115663625088909e-07,0.0,0.0024097473523802112,0.0004279079362747896,0.0,0.0,0.008045622861596527,0.0,0.0,0.0,0.0,0.00038613399726078896
2018-07-11 01:00:00,0.0,0.0,0.0,0.005395693873694479,0.0,0.0,0.0,0.0,0.0,0.0,0.0,9.425963657599576e-07,0.0012598898308311495,0.00252450966817394,0.0004864749728482706,0.0,0.0,0.00831949837282653,0.0,0.0,0.0,0.0,0.00027806234001864327
2018-07-11 02:00:00,0.0,0.0,0.0,0.00522095330157516,0.0,0.0,0.0,0.0,0.0,0.0,0.0,9.120702032151376e-07,0.0086411829014428,0.002421690064469187,0.0005833020970181852,0.0,0.0,0.00805006983602593,0.0,0.0,0.0,0.0,0.0001998012849820787
2018-07-11 03:00:00,0.0,0.0,0.0,0.004969875618542414,0.0,0.0,0.0,0.0,0.0,0.0,0.0,8.713202490151944e-07,0.005275047775600594,0.0023122065657827347,0.00042587749557339435,0.0,0.0,0.007690404564681655,0.0,0.00015747337750172212,0.0,0.0,0.00013082371298805842
2018-07-11 04:00:00,0.0,0.0,0.0,0.004398591567574122,0.0,0.0,0.0,0.0,0.0,0.0,0.0,7.73936504859682e-07,0.020422904705299182,0.0021330672981443215,0.000683189252713616,0.0,0.0,0.0068308808804498165,0.0,0.00046519596978646864,0.0,0.0,0.0001660437111847211
2018-07-11 05:00:00,0.0,0.0,0.0,0.0036805032322387546,0.0,0.0,0.0,0.0,0.0,0.0,0.0,6.475881572370209e-07,0.092565821593458,0.0018104163811033605,0.0012234162574183325,0.0,0.0,0.005715711216488117,0.0,0.0011120310020558586,0.0,0.0,0.0001014336873693369
2018-07-11 06:00:00,0.0,0.0,0.0,0.003441412508042413,0.0,0.0,0.0,0.0,0.0,0.0,0.0,6.077059020283159e-07,0.09544168942451432,0.001693591585068147,0.001190742358680066,0.0,0.0,0.0053637043879385905,0.0,0.0020339576079990715,0.0,0.0,7.415599897084601e-05
2018-07-11 07:00:00,0.0,0.0,0.0,0.0032950800106236675,0.0,0.0,0.00038911925937935556,0.0,0.0,0.0,0.0,5.83973813441053e-07,0.09274758676781127,0.0016299885387681015,0.001094149999984976,0.0,0.0,0.0051542413775159624,0.0,0.0030321968947904154,0.0,0.0,3.521616863194217e-05
2018-07-11 08:00:00,0.0,0.0,0.0,0.0032069025738624586,0.0,0.0,0.006388295624738959,0.0,0.0,0.0,0.0,5.602272445822171e-07,0.08517151269681511,0.0016440082303393875,0.0010482659055540823,0.0,0.0,0.004944650562021975,0.0,0.0036422792031326505,0.0,0.0,5.3403905055170596e-05
2018-07-11 09:00:00,0.0,0.0,0.0,0.0031464751377828976,0.0,0.0,0.019432631102581373,0.0,0.0,0.0,0.0,5.496709226384396e-07,0.06688463596012782,0.0016103578570140313,0.0010656003486166814,0.0,0.0,0.004851478864756324,0.0,0.004346925474391245,0.0,0.0,5.991045645173171e-05
2018-07-11 10:00:00,0.0,0.0,0.0,0.0030889578292992506,0.0,0.0,0.030386704548058058,0.0,0.0,0.0,0.0,5.474436060182521e-07,0.06731305358964823,0.0015501734687509675,0.0009896283529394877,0.0,0.0,0.004831820230721086,0.0,0.005161876827197114,0.0,0.0,7.225423968123252e-05
2018-07-11 11:00:00,0.0,0.0,0.0,0.0031282304621736185,0.0,0.0,0.03413959987213466,0.0,0.0,0.0,0.0,5.54403737216758e-07,0.02777209755866077,0.0015846105893528974,0.0010053274962873674,0.0,0.0,0.004893251403473322,0.0,0.00578483317215666,0.0,0.0,7.888791370962018e-05
2018-07-11 12:00:00,0.0,0.0,0.0,0.003202029529772827,0.0,0.0,0.05299539538382372,0.0,0.0,0.0,0.0,5.674828499531272e-07,0.017997807897453564,0.0016231268184495227,0.0008573391762422413,0.0,0.0,0.005008689634598381,0.0,0.0060161315296124,0.0,0.0,8.833813321336481e-05
2018-07-11 13:00:00,0.0,0.0,0.0,0.0031976297636909837,0.0,0.0,0.05351392942268914,0.0,0.0,0.0,0.0,5.667030970582723e-07,0.018195861639369693,0.0016464805925051592,0.0005867305186165327,0.0,0.0,0.00500180741737837,0.0,0.005691627864842737,0.0,0.0,0.0003159383120997401
2018-07-11 14:00:00,0.0,0.0,0.0,0.0031823905703410585,0.0,0.0,0.05373397746445442,0.0,0.0,0.0,0.0,5.640023159465453e-07,0.00976685348693896,0.001576594439300991,0.000589760377682368,0.0,0.0,0.004977969913988192,0.0,0.004858416762887319,0.0,0.0,0.0009258974947861351
2018-07-11 15:00:00,0.0,0.0,0.0,0.0032980306348245206,0.0,0.0,0.03135582678492054,0.0,0.0,0.0,0.0,5.844967407329695e-07,0.012327633456058376,0.0016180515334161328,0.0006584229758221261,0.0,0.0,0.005158856813043022,0.0,0.004015395735803663,0.0,0.0,0.0017497374100410557
2018-07-11 16:00:00,0.0,0.0,0.0,0.00353262008024582,0.0,0.0,0.005619996825614686,0.0,0.0,0.0,0.0,6.260720871870817e-07,0.04262235342498274,0.0018127185557098614,0.0010653756191967836,0.0,0.0,0.00552580712150917,0.0,0.003294802845175197,0.0,0.0,0.0008570045625855585
2018-07-11 17:00:00,0.0,0.0,0.0,0.003752162763614923,0.0,0.0,0.0,0.0,0.0,0.0,0.0,6.578304256429943e-07,0.08958178510529936,0.0019049566708124763,0.0008978398366872719,0.0,0.0,0.005806111029634913,0.0,0.0021567911503244702,0.0,0.0,0.0007918992398871763
2018-07-11 18:00:00,0.0,0.0,0.0,0.0038628623262936582,0.0,0.0,0.0,0.0,0.0,0.0,0.0,6.748196015987747e-07,0.06512126810549232,0.0019876656943196257,0.001115768572219626,0.0,0.0,0.0059560600712969015,0.0,0.0009814404721373265,0.0,0.0,0.0007246017393761182
2018-07-11 19:00:00,0.0,0.0,0.0,0.00408685067330432,0.0,0.0,0.0,0.0,0.0,0.0,0.0,7.139490642419671e-07,0.036409843218936366,0.002059160085223952,0.00097816753522409,0.0,0.0,0.006301422638578978,0.0,0.0002075743996993294,0.0,0.0,0.0006566100103782938
2018-07-11 20:00:00,0.0,0.0,0.0,0.004080177138163103,0.0,0.0,0.0,0.0,0.0,0.0,0.0,7.127832364322111e-07,0.02802811716135454,0.002022133617758858,0.0009189713963091658,0.0,0.0,0.006291132865651156,0.0,0.0,0.0,0.0,0.000756634100285469
2018-07-11 21:00:00,0.0,0.0,0.0,0.004347430919329406,0.0,0.0,0.0,0.0,0.0,0.0,0.0,7.594709190101847e-07,0.008023936852391026,0.002063922709924588,0.0006900826007142572,0.0,0.0,0.0067032054275110095,0.0,0.0,0.0,0.0,0.0011982011188854053
2018-07-11 22:00:00,0.0,0.0,0.0,0.0044538571153403175,0.0,0.0,0.0,0.0,0.0,0.0,0.0,7.780629570186075e-07,0.0037163694729257877,0.002026970887244359,0.0004892570728149342,0.0,0.0,0.006867301572560219,0.0,0.0,0.0,0.0,0.0013108259730757845
2018-07-11 23:00:00,0.0,0.0,0.0,0.004638398174510332,0.0,0.0,0.0,0.0,0.0,0.0,0.0,8.103012077012848e-07,0.0042526105634041085,0.0020498935814851,0.000771869079913495,0.0,0.0,0.007151841258729142,0.0,0.0,0.0,0.0,0.0011297872380404608
2018-07-12 00:00:00,0.0,0.0,0.0,0.004749999594323346,0.0,0.0,0.0,0.0,0.0,0.0,0.0,8.297973272350955e-07,0.003726971982694954,0.00216174669343434,0.0006385370485353569,0.0,0.0,0.007323916964333207,0.0,0.0,0.0,0.0,0.0009666533059189607
2018-07-12 01:00:00,0.0,0.0,0.0,0.004845187211527637,0.0,0.0,0.0,0.0,0.0,0.0,0.0,8.464260508325449e-07,0.0,0.0022077859288445723,0.0006228890587428029,0.0,0.0,0.007470684598854717,0.0,0.0,0.0,0.0,0.0010102218102238318
2018-07-12 02:00:00,0.0,0.0,0.0,0.0048998595199541105,0.0,0.0,0.0,0.0,0.0,0.0,0.0,8.55976985417945e-07,0.0,0.002224300859225885,0.0005407129022799958,0.0,0.0,0.0075549825949308485,0.0,0.0,0.0,0.0,0.0012831753065792085
2018-07-12 03:00:00,0.0,0.0,0.0,0.004753870097113156,0.0,0.0,0.0,0.0,0.0,0.0,0.0,8.304734815812725e-07,0.0005794980796919055,0.0021125334295327234,0.0004908307983587756,0.0,0.0,0.007329884805062429,0.0,0.0006562750631296729,0.0,0.0,0.0012648247252477084
2018-07-12 04:00:00,0.0,0.0,0.0,0.00419057155761202,0.0,0.0,0.0,0.0,0.0,0.0,0.0,7.320685000162031e-07,0.008489881264359775,0.0020094113774615625,0.0006822225777774714,0.0,0.0,0.006461347524687314,0.0,0.0015322549091442712,0.0,0.0,0.0009578103270613867
2018-07-12 05:00:00,0.0,0.0,0.0,0.003500947551606124,0.0,0.0,0.0,0.0,0.0,0.0,0.0,6.115951935206117e-07,0.08903190002900999,0.0017709085712186907,0.0008138632138130461,0.0,0.0,0.005398031864064084,0.0,0.0024366726485159727,0.0,0.0,0.0004853971906928503
2018-07-12 06:00:00,0.0,0.0,0.0,0.003242178077438517,0.0,0.0,0.0,0.0,0.0,0.0,0.0,5.663896700736354e-07,0.07655625342870265,0.0016469468362908693,0.0011955484633990041,0.0,0.0,0.004999041063312722,0.0,0.0040258176395727464,0.0,0.0,0.0002640346994773306
2018-07-12 07:00:00,0.0,0.0,0.0,0.003079686082958605,0.0,0.0,0.00860370513815183,0.0,0.0,0.0,0.0,5.380032628668495e-07,0.07231753759088914,0.00155865973627065,0.0009628547185247541,0.0,0.0,0.004748498331401333,0.0,0.006179781911804179,0.0,0.0,0.0002627206602926769
2018-07-12 08:00:00,0.0,0.0,0.0,0.0029703140458033,0.0,0.0,0.015076283397496297,0.0,0.0,0.0,0.0,5.188966035285641e-07,0.06798983795745259,0.0014900158264599796,0.0007824436872176967,0.0,0.0,0.004579860060504903,0.0,0.007339311082943843,0.0,0.0,0.0003201527821927225
2018-07-12 09:00:00,0.0,0.0,0.0,0.0028915539010328215,0.0,0.0,0.03530819953135449,0.0,0.0,0.0,0.0,5.08771747819482e-07,0.03999192129606759,0.0014575411070044775,0.000723069740164596,0.0,0.0,0.004490496549614535,0.0,0.007958840983857365,0.0,0.0,0.0002914334943471487
2018-07-12 10:00:00,0.0,0.0,0.0,0.002865263432752803,0.0,0.0,0.03240612417778589,0.0,0.0,0.0,0.0,5.077991453752769e-07,0.041487534710471285,0.0013920642903157499,0.0005994474427781454,0.0,0.0,0.00448191221304599,0.0,0.008652383066010518,0.0,0.0,0.0004634130587433865
2018-07-12 11:00:00,0.0,0.0,0.0,0.0028208366992472362,0.0,0.0,0.05431666906592199,0.0,0.0,0.0,0.0,4.999255735954327e-07,0.023480658246454705,0.0013392300750069267,0.00041953931015919913,0.0,0.0,0.0044124188752927345,0.0,0.008805040935466635,0.0,0.0,0.0007424743164317734
2018-07-12 12:00:00,0.0,0.0,0.0,0.0029168538579692695,0.0,0.0,0.0451234964330703,0.0,0.0,0.0,0.0,5.169423095028766e-07,0.017949551034719697,0.0013587851436415016,0.0004058358251097287,0.0,0.0,0.004562611165264762,0.0,0.008965648189623804,0.0,0.0,0.0008400293583584239
2018-07-12 13:00:00,0.0,0.0,0.0,0.002961284332939522,0.0,0.0,0.03155226785135158,0.0,0.0,0.0,0.0,5.248165443674999e-07,0.019130761975665152,0.0013886408150221101,0.0003761959882222933,0.0,0.0,0.004632110355504765,0.0,0.008260767888322433,0.0,0.0,0.0009362989261408724
2018-07-12 14:00:00,0.0,0.0,0.0,0.0030277852178328566,0.0,0.0,0.03162667764235787,0.0,0.0,0.0,0.0,5.366022294565289e-07,0.013442813913851473,0.0014662721988798377,0.0003995191084546595,0.0,0.0,0.004736132598197979,0.0,0.0066504931657568375,0.0,0.0,0.0010176138938542546
2018-07-12 15:00:00,0.0,0.0,0.0,0.0030731341201057556,0.0,0.0,0.03383274922714349,0.0,0.0,0.0,0.0,5.446392335081112e-07,0.019821225830127697,0.001607059471188094,0.0005514953850141562,0.0,0.0,0.004807068413949434,0.0,0.004910417567210439,0.0,0.0,0.0009549307352644987
2018-07-12 16:00:00,0.0,0.0,0.0,0.0031329945167875937,0.0,0.0,0.00761726755552211,0.0,0.0,0.0,0.0,5.473159364854429e-07,0.05428004244567984,0.001678630256299118,0.0009446689193194398,0.0,0.0,0.004830693400076445,0.0,0.0036416305288404036,0.0,0.0,0.0010247584482535263
2018-07-12 17:00:00,0.0,0.0,0.0,0.003214818148500147,0.0,0.0,0.0,0.0,0.0,0.0,0.0,5.616100494746077e-07,0.09894324409660656,0.0017180337232459528,0.0010183951454954929,0.0,0.0,0.004956855407563582,0.0,0.00221594881496042,0.0,0.0,0.0009997280136292235
2018-07-12 18:00:00,0.0,0.0,0.0,0.003518695667037544,0.0,0.0,0.0,0.0,0.0,0.0,0.0,6.146956861535066e-07,0.08313387832398574,0.0019387588696833517,0.0008412178650604598,0.0,0.0,0.005425397281915587,0.0,0.0010171366041617394,0.0,0.0,0.0009732321302800822
2018-07-12 19:00:00,0.0,0.0,0.0,0.0036368034776840703,0.0,0.0,0.0,0.0,0.0,0.0,0.0,6.353284343577801e-07,0.04245952139800845,0.001975980059825424,0.0008927147712124395,0.0,0.0,0.005607505044418999,0.0,0.0001908591932317278,0.0,0.0,0.0012375497713792304
2018-07-12 20:00:00,0.0,0.0,0.0,0.003640201795019254,0.0,0.0,0.0,0.0,0.0,0.0,0.0,6.359221006488683e-07,0.03445559789569019,0.0018745294973040168,0.0010134538648730819,0.0,0.0,0.005612744833073104,0.0,0.0,0.0,0.0,0.0015050879579680905
2018-07-12 21:00:00,0.0,0.0,0.0,0.0039665994440464345,0.0,0.0,0.0,0.0,0.0,0.0,0.0,6.929418732615344e-07,0.018394555124347654,0.0019462926099878093,0.0008002459296987378,0.0,0.0,0.0061160099873871195,0.0,0.0,0.0,0.0,0.001550522374753256
2018-07-12 22:00:00,0.0,0.0,0.0,0.0043467459020827895,0.0,0.0,0.0,0.0,0.0,0.0,0.0,7.593512504777848e-07,0.0036419201261196858,0.002064586382474372,0.0005112498888339483,0.0,0.0,0.006702149214908517,0.0,0.0,0.0,0.0,0.0018470915141124058
2018-07-12 23:00:00,0.0,0.0,0.0,0.004608057524573293,0.0,0.0,0.0,0.0,0.0,0.0,0.0,8.05000872464537e-07,0.0034415453524912973,0.0021283186026951465,0.0005764045134782172,0.0,0.0,0.007105059696674204,0.0,0.0,0.0,0.0,0.0017909437439307097
2018-07-13 00:00:00,0.0,0.0,0.0,0.004730458285554872,0.0,0.0,0.0,0.0,0.0,0.0,0.0,8.263835741463303e-07,0.0019167328020722363,0.0021986267237979512,0.0005697797878633763,0.0,0.0,0.007293786662224184,0.0,0.0,0.0,0.0,0.001989646816732061
2018-07-13 01:00:00,0.0,0.0,0.0,0.004685125252945565,0.0,0.0,0.0,0.0,0.0,0.0,0.0,8.184641567763541e-07,0.0,0.002168177241438531,0.000526755267037838,0.0,0.0,0.007223888684344616,0.0,0.0,0.0,0.0,0.0021283530630040277
2018-07-13 02:00:00,0.0,0.0,0.0,0.00461953707765577,0.0,0.0,0.0,0.0,0.0,0.0,0.0,8.070062836812192e-07,0.0,0.002154359119977148,0.0005354205080361508,0.0,0.0,0.007122759759988774,0.0,0.0,0.0,0.0,0.002429897897404821
2018-07-13 03:00:00,0.0,0.0,0.0,0.004399091668567841,0.0,0.0,0.0,0.0,0.0,0.0,0.0,7.684957517053802e-07,0.0026963579089884777,0.0020153907460232785,0.0007209928836055882,0.0,0.0,0.006782859968574487,0.0,0.0005676148394420344,0.0,0.0,0.0026549560655149225
2018-07-13 04:00:00,0.0,0.0,0.0,0.003865817970394502,0.0,0.0,0.0,0.0,0.0,0.0,0.0,6.753359354481645e-07,0.024172841516762973,0.0019147247008694094,0.0009632357882615608,0.0,0.0,0.005960617312100998,0.0,0.0013450513723935872,0.0,0.0,0.00246593120277946
2018-07-13 05:00:00,0.0,0.0,0.0,0.0032409449352220777,0.0,0.0,0.0,0.0,0.0,0.0,0.0,5.661742472941211e-07,0.1087282904946438,0.0016511866445392655,0.0009751454956463608,0.0,0.0,0.004997139709213828,0.0,0.002128080859313649,0.0,0.0,0.00157412157445597
2018-07-13 06:00:00,0.0,0.0,0.0,0.003112576840265556,0.0,0.0,0.0,0.0,0.0,0.0,0.0,5.437490870426375e-07,0.08183267090404236,0.0016277061277073332,0.0009613354275735494,0.0,0.0,0.004799211846345213,0.0,0.0036594274582666497,0.0,0.0,0.0011715226058760585
2018-07-13 07:00:00,0.0,0.0,0.0,0.00294494881267994,0.0,0.0,0.00044629170404698355,0.0,0.0,0.0,0.0,5.1446544469739e-07,0.04203217897412017,0.0015476836509365204,0.000951673880485471,0.0,0.0,0.004540749981127538,0.0,0.0057104911076576986,0.0,0.0,0.001296021407077234
2018-07-13 08:00:00,0.0,0.0,0.0,0.0028408134935487936,0.0,0.0,0.014007190468213339,0.0,0.0,0.0,0.0,4.962736095677475e-07,0.020158325926084106,0.0014783504873777664,0.000768836161208766,0.0,0.0,0.004380186087336406,0.0,0.006772538396300981,0.0,0.0,0.0014695653817779692
2018-07-13 09:00:00,0.0,0.0,0.0,0.002719047456085779,0.0,0.0,0.024669704962131216,0.0,0.0,0.0,0.0,4.750017903963164e-07,0.01506008790682443,0.0013560948720787766,0.000669982574541504,0.0,0.0,0.00419243778762691,0.0,0.0071162040638596945,0.0,0.0,0.001794861117109649
2018-07-13 10:00:00,0.0,0.0,0.0,0.0027096531285356077,0.0,0.0,0.049338163450839655,0.0,0.0,0.0,0.0,4.802209553248209e-07,0.008405681512185646,0.001291905755924451,0.0005308489529694292,0.0,0.0,0.004238502928240092,0.0,0.007772287542181316,0.0,0.0,0.001708530454271576
2018-07-13 11:00:00,0.0,0.0,0.0,0.002911756641741877,0.0,0.0,0.052011311776290384,0.0,0.0,0.0,0.0,5.086669653117388e-07,0.001999684195757819,0.0013376073780252172,0.00036974118492394994,0.0,0.0,0.00448957172332161,0.0,0.008217350736788323,0.0,0.0,0.0015605916475311824
2018-07-13 12:00:00,0.0,0.0,0.0,0.0030870728466568676,0.0,0.0,0.028313876982797782,0.0,0.0,0.0,0.0,5.392936875610033e-07,0.007096983297506382,0.001455132565500189,0.00035279582000207236,0.0,0.0,0.004759887815313263,0.0,0.008351428950030902,0.0,0.0,0.0014795316021643068
2018-07-13 13:00:00,0.0,0.0,0.0,0.0032366145519231613,0.0,0.0,0.025413178986115573,0.0,0.0,0.0,0.0,5.654177544953344e-07,0.007751960268475032,0.0015223812554734002,0.0003039376676241763,0.0,0.0,0.004990462789126738,0.0,0.007764057629947535,0.0,0.0,0.001306542336759793
2018-07-13 14:00:00,0.0,0.0,0.0,0.0032583679716166377,0.0,0.0,0.02763910239828466,0.0,0.0,0.0,0.0,5.774674860228991e-07,0.014330350344046549,0.0016215040747758719,0.000365234031066841,0.0,0.0,0.005096815545702186,0.0,0.006245593627268417,0.0,0.0,0.000868766835827506
2018-07-13 15:00:00,0.0,0.0,0.0,0.0034523278701982275,0.0,0.0,0.006769173138359416,0.0,0.0,0.0,0.0,6.11842220859123e-07,0.019296433206596766,0.0018081697300075031,0.000469618444388491,0.0,0.0,0.005400212164790295,0.0,0.004917354286617737,0.0,0.0,0.0011536710770264373
2018-07-13 16:00:00,0.0,0.0,0.0,0.003690400427092951,0.0,0.0,0.0,0.0,0.0,0.0,0.0,6.540348651886183e-07,0.024586699243431324,0.0020452327587405466,0.0007140078321414644,0.0,0.0,0.005772610837854853,0.0,0.0037871531673129505,0.0,0.0,0.0014323181672795799
2018-07-13 17:00:00,0.0,0.0,0.0,0.0037869243985052337,0.0,0.0,0.0,0.0,0.0,0.0,0.0,6.711414214762871e-07,0.06679129208372268,0.0020156959013999443,0.001041938608220108,0.0,0.0,0.005923595896114847,0.0,0.002298705105771316,0.0,0.0,0.001671360363974775
2018-07-13 18:00:00,0.0,0.0,0.0,0.004052729985009914,0.0,0.0,0.0,0.0,0.0,0.0,0.0,7.130818198399935e-07,0.04105410715075841,0.0021771325958738256,0.0011098477789940955,0.0,0.0,0.006293768208057973,0.0,0.0009732740581261928,0.0,0.0,0.0018592694755991436
2018-07-13 19:00:00,0.0,0.0,0.0,0.004214756228055261,0.0,0.0,0.0,0.0,0.0,0.0,0.0,7.415904963814756e-07,0.017936746450610608,0.002263078847937566,0.0011020497423510163,0.0,0.0,0.006545390107647069,0.0,0.000170947829378026,0.0,0.0,0.0019152209814892595
2018-07-13 20:00:00,0.0,0.0,0.0,0.00432478726467256,0.0,0.0,0.0,0.0,0.0,0.0,0.0,7.55515204122221e-07,0.022305453693712264,0.0021610722096504034,0.0010331406937659094,0.0,0.0,0.006668291688429016,0.0,0.0,0.0,0.0,0.0018207932740807703
2018-07-13 21:00:00,0.0,0.0,0.0,0.0047743261113774626,0.0,0.0,0.0,0.0,0.0,0.0,0.0,8.340470284048744e-07,0.00877905749011455,0.002218508814760111,0.0009123804873122,0.0,0.0,0.007361425470891545,0.0,0.0,0.0,0.0,0.001871516697368754
2018-07-13 22:00:00,0.0,0.0,0.0,0.004633151457092481,0.0,0.0,0.0,0.0,0.0,0.0,0.0,8.456257397905504e-07,0.004836921562865212,0.0021440293176216464,0.0010344025617227456,0.0,0.0,0.0074636209323125065,0.0,0.0,0.0,0.0,0.0014693027941289848
2018-07-13 23:00:00,0.0,0.0,0.0,0.004995957744633202,0.0,0.0,0.0,0.0,0.0,0.0,0.0,9.118438071564758e-07,0.0049378731465553,0.002273367851634608,0.0009317878366456073,0.0,0.0,0.008048071630102304,0.0,0.0,0.0,0.0,0.0016623510330452188
2018-07-14 00:00:00,0.0,0.0,0.0,0.005337296094674809,0.0,0.0,0.0,0.0,0.0,0.0,0.0,9.741436256376865e-07,0.005849679627006777,0.0024092390937925767,0.0009104899748013349,0.0,0.0,0.008597939269432682,0.0,0.0,0.0,0.0,0.0014269268806318476
2018-07-14 01:00:00,0.0,0.0,0.0,0.005719776185488249,0.0,0.0,0.0,0.0,0.0,0.0,0.0,1.0439524831172224e-06,0.0002975408729388515,0.002584880398932138,0.000678019957197229,0.0,0.0,0.009214082824942398,0.0,0.0,0.0,0.0,0.001357440687439227
2018-07-14 02:00:00,0.0,0.0,0.0,0.005791637821517408,0.0,0.0,0.0,0.0,0.0,0.0,0.0,1.0570684042548082e-06,0.0,0.002629470268349121,0.0007947646432103265,0.0,0.0,0.009329845932594834,0.0,0.0,0.0,0.0,0.001516181782342945
2018-07-14 03:00:00,0.0,0.0,0.0,0.005855860999109332,0.0,0.0,0.0,0.0,0.0,0.0,0.0,1.0687901820913036e-06,0.0,0.002647771682314084,0.0007729718830975382,0.0,0.0,0.009433304120192165,0.0,0.0007314212145320154,0.0,0.0,0.0013636291793093164
2018-07-14 04:00:00,0.0,0.0,0.0,0.005386029907770419,0.0,0.0,0.0,0.0,0.0,0.0,0.0,9.83038341714517e-07,4.830680901760951e-05,0.0025031836908400123,0.0008063310430943564,0.0,0.0,0.008676445381503549,0.0,0.0018812479385671758,0.0,0.0,0.0012337374031076442
2018-07-14 05:00:00,0.0,0.0,0.0,0.005057163120109387,0.0,0.0,0.0,0.0,0.0,0.0,0.0,9.094410399998715e-07,0.005291321157648663,0.0024716363312820926,0.0006419112995820547,0.0,0.0,0.008026864443043466,0.0,0.0033630321937898147,0.0,0.0,0.0008145630280129845
2018-07-14 06:00:00,0.0,0.0,0.0,0.004518084891087646,0.0,0.0,0.0,0.0,0.0,0.0,0.0,8.124973872841141e-07,0.010708253892474215,0.0022658687236308947,0.0007038424516968597,0.0,0.0,0.0071712250725538985,0.0,0.005405001598972334,0.0,0.0,0.0003533970685481384
2018-07-14 07:00:00,0.0,0.0,0.0,0.004028118332595267,0.0,0.0,0.0,0.0,0.0,0.0,0.0,7.24385596950796e-07,0.016580864597023775,0.0019583244896492083,0.0007952612574974034,0.0,0.0,0.006393537057903151,0.0,0.007945533713099605,0.0,0.0,0.00020082325187773084
2018-07-14 08:00:00,0.0,0.0,0.0,0.0037645996974988824,0.0,0.0,0.0,0.0,0.0,0.0,0.0,6.769964469729289e-07,0.012681690615992603,0.0017516872941836384,0.000507853968206153,0.0,0.0,0.005975273238465828,0.0,0.009162258103610823,0.0,0.0,0.00017236328938415965
2018-07-14 09:00:00,0.0,0.0,0.0,0.0035865729131464843,0.0,0.0,0.0,0.0,0.0,0.0,0.0,6.546080785572959e-07,0.008189882363301424,0.001551508674992056,0.00041102773620866397,0.0,0.0,0.005777670105916164,0.0,0.009770332654601496,0.0,0.0,0.0002296665133521724
2018-07-14 10:00:00,0.0,0.0,0.0,0.003515940706676857,0.0,0.0,0.0,0.0,0.0,0.0,0.0,6.417165483748573e-07,0.002131708747763304,0.0014671355971213394,0.0004433775197155828,0.0,0.0,0.005663887506839864,0.0,0.010379232598731117,0.0,0.0,0.00027730241404128026
2018-07-14 11:00:00,0.0,0.0,0.0,0.0036923935152203533,0.0,0.0,0.0,0.0,0.0,0.0,0.0,6.739220651045765e-07,0.0,0.0014820819842316416,0.0003294827906761922,0.0,0.0,0.0059481382781792136,0.0,0.01103357377817931,0.0,0.0,0.0004213530069855631
2018-07-14 12:00:00,0.0,0.0,0.0,0.003673330529119358,0.0,0.0,0.0,0.0,0.0,0.0,0.0,6.70442759091475e-07,0.0,0.0014626142313201745,0.0003567990715479758,0.0,0.0,0.005917429396025583,0.0,0.010605965661678981,0.0,0.0,0.0006468775437959068
2018-07-14 13:00:00,0.0,0.0,0.0,0.003719436314153937,0.0,0.0,0.0,0.0,0.0,0.0,0.0,6.788578171657812e-07,0.0,0.0014756090316533025,0.00038781844768393463,0.0,0.0,0.0059917019738749445,0.0,0.00966864097572628,0.0,0.0,0.001015254522244759
2018-07-14 14:00:00,0.0,0.0,0.0,0.003758673158780116,0.0,0.0,0.0,0.0,0.0,0.0,0.0,6.860191815354412e-07,0.0,0.0015014195308347446,0.00031297152249509254,0.0,0.0,0.006054909261092278,0.0,0.007717880392157581,0.0,0.0,0.0019129874841881795
2018-07-14 15:00:00,0.0,0.0,0.0,0.004320843277541058,0.0,0.0,0.0,0.0,0.0,0.0,0.0,7.770269834441088e-07,0.0011149537607822674,0.001725289358001096,0.0004366868368849496,0.0,0.0,0.006858157912791929,0.0,0.006388607511857454,0.0,0.0,0.0021095591348994167
2018-07-14 16:00:00,0.0,0.0,0.0,0.004576173198122307,0.0,0.0,0.0,0.0,0.0,0.0,0.0,8.229435384377852e-07,0.023746192761432194,0.002096093984352227,0.0009670577036245554,0.0,0.0,0.007263424385729905,0.0,0.004780150486616203,0.0,0.0,0.0008221340637301448
2018-07-14 17:00:00,0.0,0.0,0.0,0.004706247157045436,0.0,0.0,0.0,0.0,0.0,0.0,0.0,8.557737122369592e-07,0.03963914324873282,0.0022262242870905624,0.0010966110532642634,0.0,0.0,0.007553188475029816,0.0,0.002933283962173827,0.0,0.0,0.001103900577079308
2018-07-14 18:00:00,0.0,0.0,0.0,0.004815250295226537,0.0,0.0,0.0,0.0,0.0,0.0,0.0,8.788617490464932e-07,0.03985346040829484,0.0023107786242563175,0.0012393909313824574,0.0,0.0,0.007756966986857425,0.0,0.0012282922290929234,0.0,0.0,0.0009572129907002446
2018-07-14 19:00:00,0.0,0.0,0.0,0.0047221355549069526,0.0,0.0,0.0,0.0,0.0,0.0,0.0,8.586628238296413e-07,0.048701417876507315,0.0022646028294813353,0.0012269615911832288,0.0,0.0,0.00757868821178602,0.0,0.00021056515080183306,0.0,0.0,0.0008840328317494492
2018-07-14 20:00:00,0.0,0.0,0.0,0.004937839821339329,0.0,0.0,0.0,0.0,0.0,0.0,0.0,8.879828622918703e-07,0.04727497616425873,0.002290817643170756,0.0011888573283469648,0.0,0.0,0.007837471314647933,0.0,0.0,0.0,0.0,0.0010455259696013786
2018-07-14 21:00:00,0.0,0.0,0.0,0.005485338906472258,0.0,0.0,0.0,0.0,0.0,0.0,0.0,9.864408565381583e-07,0.01629696263652108,0.0023633465205130737,0.0008206015376712569,0.0,0.0,0.008706476492981449,0.0,0.0,0.0,0.0,0.001732250095747982
2018-07-14 22:00:00,0.0,0.0,0.0,0.006083048140226482,0.0,0.0,0.0,0.0,0.0,0.0,0.0,1.0588914069339825e-06,0.0033822263910232822,0.0024658632149071693,0.0006549078052005158,0.0,0.0,0.009345936030513705,0.0,0.0,0.0,0.0,0.0013465944952063052
2018-07-14 23:00:00,0.0,0.0,0.0,0.006321385389656012,0.0,0.0,0.0,0.0,0.0,0.0,0.0,1.1043092944741142e-06,0.006501079095408191,0.002571341158501102,0.0008946841037608552,0.0,0.0,0.00974680118893462,0.0,0.0,0.0,0.0,0.0009299875492026271
2018-07-15 00:00:00,0.0,0.0,0.0,0.006607912884275635,0.0,0.0,0.0,0.0,0.0,0.0,0.0,1.1543639827942718e-06,0.0,0.0026368798355155595,0.0007938045073744441,0.0,0.0,0.010188591453738101,0.0,0.0,0.0,0.0,0.0009930503196162953
2018-07-15 01:00:00,0.0,0.0,0.0,0.006676563572208867,0.0,0.0,0.0,0.0,0.0,0.0,0.0,1.166356859052183e-06,0.0,0.002651819675213632,0.0007665165547420473,0.0,0.0,0.01029444239708728,0.0,0.0,0.0,0.0,0.001248718008722327
2018-07-15 02:00:00,0.0,0.0,0.0,0.0068024896245558845,0.0,0.0,0.0,0.0,0.0,0.0,0.0,1.1716180085284779e-06,0.0,0.0026762927011438373,0.0007329001415726389,0.0,0.0,0.010340878099681938,0.0,0.0,0.0,0.0,0.0008590805447836708
2018-07-15 03:00:00,0.0,0.0,0.0,0.006737538706702675,0.0,0.0,0.0,0.0,0.0,0.0,0.0,1.1604312711386e-06,0.0,0.0025925076844117633,0.0007167982042125741,0.0,0.0,0.01024214226015078,0.0,0.0007564159969761881,0.0,0.0,0.0008362561877613964
2018-07-15 04:00:00,0.0,0.0,0.0,0.006523376868703608,0.0,0.0,0.0,0.0,0.0,0.0,0.0,1.1355405302127006e-06,0.0,0.002401048729983801,0.0007006807937581926,0.0,0.0,0.010022452808595858,0.0,0.0020905117228328003,0.0,0.0,0.0008149117337110889
2018-07-15 05:00:00,0.0,0.0,0.0,0.005826940431396339,0.0,0.0,0.0,0.0,0.0,0.0,0.0,1.0179326334489058e-06,0.0,0.0021864850105043753,0.0006488753246442234,0.0,0.0,0.00898442768851269,0.0,0.003741398373934205,0.0,0.0,0.00045562448016786273
2018-07-15 06:00:00,0.0,0.0,0.0,0.005138261439188088,0.0,0.0,0.0,0.0,0.0,0.0,0.0,8.976244153723581e-07,0.0,0.0018970508193247092,0.0007016461724109131,0.0,0.0,0.007922569123294762,0.0,0.006070551670240705,0.0,0.0,0.00023526844942578975
2018-07-15 07:00:00,0.0,0.0,0.0,0.004585927887729969,0.0,0.0,0.0,0.0,0.0,0.0,0.0,8.011349535016764e-07,0.0,0.0016419376897690682,0.0006089387283352682,0.0,0.0,0.007070938510035566,0.0,0.008922394404213224,0.0,0.0,0.00023086790997397695
2018-07-15 08:00:00,0.0,0.0,0.0,0.0041327691741468615,0.0,0.0,0.0,0.0,0.0,0.0,0.0,7.21970759510177e-07,0.0,0.0015389849810213264,0.0005801083243871589,0.0,0.0,0.006372223336688374,0.0,0.009972254535306072,0.0,0.0,0.00028976814499550197
2018-07-15 09:00:00,0.0,0.0,0.0,0.0038258688751472585,0.0,0.0,0.0,0.0,0.0,0.0,0.0,6.683570606496826e-07,0.0,0.0013721865767323885,0.0004684259343911147,0.0,0.0,0.005899020705494819,0.0,0.010252600460417077,0.0,0.0,0.000467522662410146
2018-07-15 10:00:00,0.0,0.0,0.0,0.003868675548915405,0.0,0.0,0.0,0.0,0.0,0.0,0.0,6.75835137810591e-07,0.0,0.001390531947710107,0.0006048975449808553,0.0,0.0,0.0059650233478049115,0.0,0.011326317903432352,0.0,0.0,0.00048452879319075263
2018-07-15 11:00:00,0.0,0.0,0.0,0.004027758932400047,0.0,0.0,0.0,0.0,0.0,0.0,0.0,7.036260804836873e-07,0.0,0.0014370215526056788,0.0005130176699900952,0.0,0.0,0.006210310419500476,0.0,0.011645539340374832,0.0,0.0,0.00046405483625944243
2018-07-15 12:00:00,0.0,0.0,0.0,0.004138578822060754,0.0,0.0,0.0,0.0,0.0,0.0,0.0,7.229856712413035e-07,0.0,0.0014678350872825167,0.0005040660440082135,0.0,0.0,0.006381181101435177,0.0,0.011290469050439993,0.0,0.0,0.0004191497666683094
2018-07-15 13:00:00,0.0,0.0,0.0,0.0044884426567087425,0.0,0.0,0.0,0.0,0.0,0.0,0.0,7.841048501216712e-07,0.0,0.001585454668925404,0.00048434146749497427,0.0,0.0,0.0069206282367249,0.0,0.010770073962508123,0.0,0.0,0.00040585518268649576
2018-07-15 14:00:00,0.0,0.0,0.0,0.004830651612136724,0.0,0.0,0.0,0.0,0.0,0.0,0.0,8.438867660842355e-07,0.0,0.0017154913751088604,0.00043817911283383225,0.0,0.0,0.00744827248684252,0.0,0.009206171786250673,0.0,0.0,0.00042082156006489327
2018-07-15 15:00:00,0.0,0.0,0.0,0.0050731637471158955,0.0,0.0,0.0,0.0,0.0,0.0,0.0,8.862522268451768e-07,0.0,0.001881788086958147,0.0004458072646120016,0.0,0.0,0.007822196463921013,0.0,0.007276477733935921,0.0,0.0,0.0002939060100280647
2018-07-15 16:00:00,0.0,0.0,0.0,0.005173427595449898,0.0,0.0,0.0,0.0,0.0,0.0,0.0,9.037677385233864e-07,0.01138708960909221,0.002133968617823449,0.0006800952851892702,0.0,0.0,0.007976791024434306,0.0,0.005308053571395005,0.0,0.0,0.00017655472639221978
2018-07-15 17:00:00,0.0,0.0,0.0,0.005220412570420264,0.0,0.0,0.0,0.0,0.0,0.0,0.0,9.119757406245259e-07,0.031325524760397634,0.0023295951064024197,0.001159924732772542,0.0,0.0,0.00804923609488557,0.0,0.003147359477918368,0.0,0.0,0.00015438697370691594
2018-07-15 18:00:00,0.0,0.0,0.0,0.005172613836524366,0.0,0.0,0.0,0.0,0.0,0.0,0.0,9.03625579567788e-07,0.046846685523523786,0.002291162684134882,0.0011657279740238103,0.0,0.0,0.007975536307948285,0.0,0.0013044038450731996,0.0,0.0,0.00036562911246573005
2018-07-15 19:00:00,0.0,0.0,0.0,0.005165151183245058,0.0,0.0,0.0,0.0,0.0,0.0,0.0,9.023218974048145e-07,0.04599870912499089,0.002319113898315528,0.0009631166449908732,0.0,0.0,0.007964029811607405,0.0,0.0002337086621972787,0.0,0.0,0.0007116167695073061
2018-07-15 20:00:00,0.0,0.0,0.0,0.005047249368811144,0.0,0.0,0.0,0.0,0.0,0.0,0.0,8.817251355418554e-07,0.04208905984615081,0.0022049371234894553,0.0013076467761866072,0.0,0.0,0.007782239670006096,0.0,0.0,0.0,0.0,0.0007143630924344006
2018-07-15 21:00:00,0.0,0.0,0.0,0.005763779388551964,0.0,0.0,0.0,0.0,0.0,0.0,0.0,1.0068987662881003e-06,0.01439848144542258,0.002350468939802199,0.0009642768944749937,0.0,0.0,0.008887041104790506,0.0,0.0,0.0,0.0,0.0007056335465187527
2018-07-15 22:00:00,0.0,0.0,0.0,0.006078868179395761,0.0,0.0,0.0,0.0,0.0,0.0,0.0,1.0469860041742846e-06,0.003508836441388132,0.0022899762163050346,0.0005102322258935803,0.0,0.0,0.009240857141516191,0.0,0.0,0.0,0.0,0.0006661174875833227
2018-07-15 23:00:00,0.0,0.0,0.0,0.006233021589120913,0.0,0.0,0.0,0.0,0.0,0.0,0.0,1.0735364174609272e-06,0.0,0.002278145712270649,0.0004181719731613495,0.0,0.0,0.009475195112847121,0.0,0.0,0.0,0.0,0.0006791263516967181
2018-07-16 00:00:00,0.0,0.0,0.0,0.006265238180405202,0.0,0.0,0.0,0.0,0.0,0.0,0.0,1.0790852004220683e-06,0.0,0.002307626959357609,0.00040636456058256446,0.0,0.0,0.009524169512169318,0.0,0.0,0.0,0.0,0.0002493492529249681
2018-07-16 01:00:00,0.0,0.0,0.0,0.0064363551742373445,0.0,0.0,0.0,0.0,0.0,0.0,0.0,1.1085573146925968e-06,0.0,0.002295583762915214,0.0003994891389530479,0.0,0.0,0.009784294859162072,0.0,0.0,0.0,0.0,0.00016691282570627575
2018-07-16 02:00:00,0.0,0.0,0.0,0.006456782964790907,0.0,0.0,0.0003914766564543152,0.0,0.0,0.0,0.0,1.1120756687964538e-06,0.0,0.0022737119842216246,0.00038199883071044524,0.0,0.0,0.009815348385682375,0.0,0.0,0.0,0.0,0.00018158804733970222
2018-07-16 03:00:00,0.0,0.0,0.0,0.006400895034912238,0.0,0.0,0.0024255510086449387,0.0,0.0,0.0,0.0,1.102449883426807e-06,0.0012351837847662053,0.002223977772795683,0.000548793992111398,0.0,0.0,0.00973038974524099,0.0,0.0006942969339666233,0.0,0.0,0.00017910306156666708
2018-07-16 04:00:00,0.0,0.0,0.0,0.0056865188868856185,0.0,0.0,0.0031029780098459124,0.0,0.0,0.0,0.0,9.79410230875211e-07,0.007902703251834618,0.002205946831248117,0.0008293523159059653,0.0,0.0,0.008644423125402756,0.0,0.001749079204147641,0.0,0.0,0.0001689669374174416
2018-07-16 05:00:00,0.0,0.0,0.0,0.0043005568108717175,0.0,0.0,0.0033710479251352907,0.0,0.0,0.0,0.0,7.407008440157763e-07,0.09539258573769115,0.0018042398243952723,0.0010380642001011178,0.0,0.0,0.006537537901042337,0.0,0.002682093543269723,0.0,0.0,0.0001502823790391754
2018-07-16 06:00:00,0.0,0.0,0.0,0.0037456667928755425,0.0,0.0,0.011517259259609157,0.0,0.0,0.0,0.0,6.543462229251294e-07,0.1262782361153906,0.0015414009525421307,0.001245509570529716,0.0,0.0,0.0057753589284229535,0.0,0.004315370259332379,0.0,0.0,8.530981003152427e-05
2018-07-16 07:00:00,0.0,0.0,0.0,0.0035958155784020745,0.0,0.0,0.028083491370402964,0.0,0.0,0.0,0.0,6.281680865308397e-07,0.0847522123408166,0.001429834054339302,0.0009985501233712056,0.0,0.0,0.005544306729361764,0.0,0.006699381310386779,0.0,0.0,4.696422001572023e-05
2018-07-16 08:00:00,0.0,0.0,0.0,0.003592944736060335,0.0,0.0,0.05119804019677464,0.0,0.0,0.0,0.0,6.276665670559885e-07,0.050960008847046774,0.001379975846201275,0.0008272067198854368,0.0,0.0,0.005539880242472435,0.0,0.008195713957913882,0.0,0.0,3.6291234462175276e-05
2018-07-16 09:00:00,0.0,0.0,0.0,0.0034069618095909247,0.0,0.0,0.06119364627747715,0.0,0.0,0.0,0.0,5.9517643053469e-07,0.04469549992658292,0.0012627105386496102,0.0007176925693841617,0.0,0.0,0.005253117373719035,0.0,0.008549997699994078,0.0,0.0,4.0416544797296604e-05
2018-07-16 10:00:00,0.0,0.0,0.0,0.0034294341639477138,0.0,0.0,0.07163753063505944,0.0,0.0,0.0,0.0,5.991022202556466e-07,0.028880707615347438,0.0012595446137400649,0.0004209062372826212,0.0,0.0,0.005287766988741926,0.0,0.009330921750100711,0.0,0.0,6.041814739651895e-05
2018-07-16 11:00:00,0.0,0.0,0.0,0.0035187590189011196,0.0,0.0,0.07418254652834456,0.0,0.0,0.0,0.0,6.060489117593776e-07,0.011656452107346824,0.0012971424152415038,0.0003479675059663854,0.0,0.0,0.005349079540711317,0.0,0.009438117715362552,0.0,0.0,7.193454256633995e-05
2018-07-16 12:00:00,0.0,0.0,0.0,0.003427516473724931,0.0,0.0,0.07214022188009486,0.0,0.0,0.0,0.0,5.903338699184464e-07,0.019575400700037895,0.0012616619884717065,0.00043944697311066347,0.0,0.0,0.005210376199839512,0.0,0.008764981212038515,0.0,0.0,7.57308779189202e-05
2018-07-16 13:00:00,0.0,0.0,0.0,0.003623823919466194,0.0,0.0,0.07066143655063857,0.0,0.0,0.0,0.0,6.241446291158492e-07,0.012476824383568026,0.0013260652473420648,0.00033632214199882026,0.0,0.0,0.005508795084469984,0.0,0.008157655238478891,0.0,0.0,0.0002473396434930475
2018-07-16 14:00:00,0.0,0.0,0.0,0.003775775283982876,0.0,0.0,0.04214247069602465,0.0,0.0,0.0,0.0,6.572586490453662e-07,0.0012531582576634735,0.0014106851798844574,0.0004205986730492466,0.0,0.0,0.0058010644427326265,0.0,0.00691558948370131,0.0,0.0,0.0010112814822726105
2018-07-16 15:00:00,0.0,0.0,0.0,0.0039689361257617675,0.0,0.0,0.029315204482494424,0.0,0.0,0.0,0.0,6.933500779789201e-07,0.011911374892897508,0.001542324607826442,0.0004507661557431509,0.0,0.0,0.006119612864085388,0.0,0.0056095882618329585,0.0,0.0,0.0015823926065960771
2018-07-16 16:00:00,0.0,0.0,0.0,0.003914601916428385,0.0,0.0,0.028079910486167793,0.0,0.0,0.0,0.0,6.838582073404141e-07,0.08657321074271747,0.0016996210239990268,0.0005962511756818744,0.0,0.0,0.00603583617535557,0.0,0.004074714570166726,0.0,0.0,0.0008496044119727998
2018-07-16 17:00:00,0.0,0.0,0.0,0.0037038161760260977,0.0,0.0,0.02658418939940676,0.0,0.0,0.0,0.0,6.470351633523428e-07,0.12250809469704477,0.0016144509225570068,0.0008763375317663392,0.0,0.0,0.005710830408656812,0.0,0.00231178008336631,0.0,0.0,0.00048228298060986523
2018-07-16 18:00:00,0.0,0.0,0.0,0.003851256610548378,0.0,0.0,0.02916497881118895,0.0,0.0,0.0,0.0,6.727921504980223e-07,0.10750184977043903,0.001705587356115497,0.0008702271003417784,0.0,0.0,0.005938165480625426,0.0,0.00101243692292222,0.0,0.0,0.0005138291150026455
2018-07-16 19:00:00,0.0,0.0,0.0,0.004482023502662347,0.0,0.0,0.026773948411726787,0.0,0.0,0.0,0.0,7.746832831769524e-07,0.022178518883761638,0.001935911573746926,0.0009548149499774802,0.0,0.0,0.0068374720590508335,0.0,0.00021355834551804132,0.0,0.0,0.000801785982130483
2018-07-16 20:00:00,0.0,0.0,0.0,0.0048142502277115345,0.0,0.0,0.023883509280320084,0.0,0.0,0.0,0.0,8.321061168518207e-07,0.017697171018035265,0.002009046107579889,0.0008663003625328451,0.0,0.0,0.0073442946913829564,0.0,0.0,0.0,0.0,0.0008775843641611445
2018-07-16 21:00:00,0.0,0.0,0.0,0.005387155609302819,0.0,0.0,0.02679593181610363,0.0,0.0,0.0,0.0,9.311284048200228e-07,0.0,0.0021226648480762813,0.0005754013810850543,0.0,0.0,0.008218280411623695,0.0,0.0,0.0,0.0,0.0010732556950494314
2018-07-16 22:00:00,0.0,0.0,0.0,0.005631393578956161,0.0,0.0,0.00547912951987813,0.0,0.0,0.0,0.0,9.837717346357744e-07,0.0,0.0020922685859802487,0.000542971832584334,0.0,0.0,0.008682918418570823,0.0,0.0,0.0,0.0,0.0013029294069595205
2018-07-16 23:00:00,0.0,0.0,0.0,0.005568357588520817,0.0,0.0,0.0,0.0,0.0,0.0,0.0,9.727597134041562e-07,0.0,0.002096380215615858,0.0005085292690192729,0.0,0.0,0.008585724650330358,0.0,0.0,0.0,0.0,0.0016891278388168102
2018-07-17 00:00:00,0.0,0.0,0.0,0.005468441005912309,0.0,0.0,0.0,0.0,0.0,0.0,0.0,9.553048670302553e-07,0.0,0.0020390243094207915,0.0003926033094956544,0.0,0.0,0.008431665530986602,0.0,0.0,0.0,0.0,0.0023790637462426205
2018-07-17 01:00:00,0.0,0.0,0.0,0.005563630289167662,0.0,0.0,0.0,0.0,0.0,0.0,0.0,9.71933881677144e-07,0.0,0.0020300486776492787,0.0003411040102048138,0.0,0.0,0.00857843573435457,0.0,0.0,0.0,0.0,0.003355572952776069
2018-07-17 02:00:00,0.0,0.0,0.0,0.00556049549435893,0.0,0.0,0.0,0.0,0.0,0.0,0.0,9.71386251240117e-07,0.0,0.0020078213851908162,0.00027943592205424787,0.0,0.0,0.008573602265125053,0.0,0.0,0.0,0.0,0.003579817080988303
2018-07-17 03:00:00,0.0,0.0,0.0,0.005344043409549322,0.0,0.0,0.0,0.0,0.0,0.0,0.0,9.335733298107917e-07,0.0,0.0019325811189707589,0.00031152772451865143,0.0,0.0,0.008239859690115803,0.0,0.0005625425775425203,0.0,0.0,0.004062027476871278
2018-07-17 04:00:00,0.0,0.0,0.0,0.0047474552529568675,0.0,0.0,0.0,0.0,0.0,0.0,0.0,8.293528455833498e-07,4.075465606960082e-05,0.0017808459201766869,0.0006334234376220324,0.0,0.0,0.007319993901914575,0.0,0.001341746335108554,0.0,0.0,0.003801773567257359
2018-07-17 05:00:00,0.0,0.0,0.0,0.003916598881489199,0.0,0.0,0.0,0.0,0.0,0.0,0.0,6.842070655323233e-07,0.03227726152176558,0.0017241299003525016,0.0007383580174799903,0.0,0.0,0.006038915250626134,0.0,0.0021577598926893937,0.0,0.0,0.002758463377515317
2018-07-17 06:00:00,0.0,0.0,0.0,0.0035577233150021936,0.0,0.0,0.0,0.0,0.0,0.0,0.0,6.215135894661804e-07,0.0773185292338042,0.001537173176965258,0.0007770822260216739,0.0,0.0,0.0054855731297931126,0.0,0.003572245573352236,0.0,0.0,0.0024424395199616734
2018-07-17 07:00:00,0.0,0.0,0.0,0.003275058274741716,0.0,0.0,0.00645213472195116,0.0,0.0,0.0,0.0,5.721336494781314e-07,0.04361171515504632,0.0013699412836078548,0.0007318754307413319,0.0,0.0,0.005049738296025607,0.0,0.0052838045338811585,0.0,0.0,0.0027629263321664183
2018-07-17 08:00:00,0.0,0.0,0.0,0.003218292151711197,0.0,0.0,0.02068196332619271,0.0,0.0,0.0,0.0,5.622169376484047e-07,0.01127755183657133,0.0012884045845984332,0.0004548326696180418,0.0,0.0,0.0049622118945582255,0.0,0.0063849015548800335,0.0,0.0,0.003139604402648251
2018-07-17 09:00:00,0.0,0.0,0.0,0.0030604031833382952,0.0,0.0,0.037580286354479096,0.0,0.0,0.0,0.0,5.346346523546722e-07,0.00520713304646272,0.001184256669356365,0.000339191928369231,0.0,0.0,0.004718766464514544,0.0,0.006827412723501955,0.0,0.0,0.0031491122056348116
2018-07-17 10:00:00,0.0,0.0,0.0,0.0030523622344623635,0.0,0.0,0.04371618168420601,0.0,0.0,0.0,0.0,5.332299453114007e-07,0.003348754330540058,0.0010955939094689144,0.00029402600694637465,0.0,0.0,0.004706368307270035,0.0,0.007589076692845495,0.0,0.0,0.0036801986676097765
2018-07-17 11:00:00,0.0,0.0,0.0,0.0030203691806010764,0.0,0.0,0.04303906518948372,0.0,0.0,0.0,0.0,5.276409447110825e-07,0.00452710572633952,0.0010738951632664798,0.0001962855646701242,0.0,0.0,0.0046570389409695545,0.0,0.007846496353489168,0.0,0.0,0.003859851551931149
2018-07-17 12:00:00,0.0,0.0,0.0,0.0030612933621779977,0.0,0.0,0.02507874203960544,0.0,0.0,0.0,0.0,5.347901614252054e-07,0.002533368364889601,0.0010428984521650383,0.0001564988206480296,0.0,0.0,0.004720139011138164,0.0,0.007821750118464397,0.0,0.0,0.00428890455229449
2018-07-17 13:00:00,0.0,0.0,0.0,0.0031237402660095064,0.0,0.0,0.027696548098465792,0.0,0.0,0.0,0.0,5.456992726502716e-07,4.8268495449719716e-05,0.001078385364489979,0.0001342176981256535,0.0,0.0,0.004816424480064993,0.0,0.007248865865745338,0.0,0.0,0.003916604644548733
2018-07-17 14:00:00,0.0,0.0,0.0,0.0032396560993129993,0.0,0.0,0.01758892668005315,0.0,0.0,0.0,0.0,5.659490951501343e-07,0.0021970622118650117,0.001150831082871149,0.00014400839865650594,0.0,0.0,0.004995152482269635,0.0,0.005901866438906471,0.0,0.0,0.004067578381976796
2018-07-17 15:00:00,0.0,0.0,0.0,0.003699997277828571,0.0,0.0,0.003413050086808593,0.0,0.0,0.0,0.0,6.463680240285673e-07,0.013988303976553023,0.0014584099443947032,0.0003993459443327348,0.0,0.0,0.005704942135881514,0.0,0.0049673515314166425,0.0,0.0,0.0026587689405685134
2018-07-17 16:00:00,0.0,0.0,0.0,0.004010079702690575,0.0,0.0,0.0,0.0,0.0,0.0,0.0,7.005376217861275e-07,0.030080246532316692,0.0017504413276576455,0.000826055620427578,0.0,0.0,0.006183051214985956,0.0,0.0038949044466774956,0.0,0.0,0.0016986070824547464
2018-07-17 17:00:00,0.0,0.0,0.0,0.004251730894231608,0.0,0.0,0.0,0.0,0.0,0.0,0.0,7.427526807313038e-07,0.042550649191019925,0.0018859098056368676,0.0007767714519754832,0.0,0.0,0.00655564772284541,0.0,0.0024416388414598748,0.0,0.0,0.001510439070779406
2018-07-17 18:00:00,0.0,0.0,0.0,0.00429527039188252,0.0,0.0,0.0,0.0,0.0,0.0,0.0,7.503587779661463e-07,0.027367039432212456,0.0019435272719907808,0.0006567835896503733,0.0,0.0,0.006622780289729235,0.0,0.0010177465113038798,0.0,0.0,0.0015495744101028906
2018-07-17 19:00:00,0.0,0.0,0.0,0.004466737584776294,0.0,0.0,0.0,0.0,0.0,0.0,0.0,7.803131001816257e-07,0.022078951361926415,0.0019812787826635845,0.000780646987064563,0.0,0.0,0.006887161677121798,0.0,0.00018834194061618264,0.0,0.0,0.0013804253580864782
2018-07-17 20:00:00,0.0,0.0,0.0,0.004472697740088901,0.0,0.0,0.0,0.0,0.0,0.0,0.0,7.813543046807206e-07,0.024803811401834405,0.0018956681946701542,0.001082880449569865,0.0,0.0,0.006896351505823306,0.0,0.0,0.0,0.0,0.001209921589578248
2018-07-17 21:00:00,0.0,0.0,0.0,0.004689834597791872,0.0,0.0,0.0,0.0,0.0,0.0,0.0,8.134763069060238e-07,0.0029501166009476346,0.001910603412856749,0.0010520895359701625,0.0,0.0,0.007179865165490222,0.0,0.0,0.0,0.0,0.0015900576851176603
2018-07-17 22:00:00,0.0,0.0,0.0,0.004554398375614367,0.0,0.0,0.0,0.0,0.0,0.0,0.0,8.702169557273533e-07,0.0024374756736555104,0.0019038743476908941,0.0009281659059141553,0.0,0.0,0.007680666730921236,0.0,0.0,0.0,0.0,0.0015590302093378622
2018-07-17 23:00:00,0.0,0.0,0.0,0.004912221675852949,0.0,0.0,0.0,0.0,0.0,0.0,0.0,9.385868868008355e-07,0.0010700408922589685,0.002068611692941271,0.000978261314953823,0.0,0.0,0.008284110103904651,0.0,0.0,0.0,0.0,0.0015310486801053177
2018-07-18 00:00:00,0.0,0.0,0.0,0.004661997646051308,0.0,0.0,0.0,0.0,0.0,0.0,0.0,9.013387016147155e-07,0.0,0.0019664853180306908,0.0008426780132556563,0.0,0.0,0.007955351976562601,0.0,0.0,0.0,0.0,0.002570729540804232
2018-07-18 01:00:00,0.0,0.0,0.0,0.004472866719113313,0.0,0.0,0.0,0.0,0.0,0.0,0.0,8.68204249260401e-07,0.0,0.0018556022205404611,0.0007407472106603336,0.0,0.0,0.007662902278622201,0.0,0.0,0.0,0.0,0.004237656075301639
2018-07-18 02:00:00,0.0,0.0,0.0,0.004253085370144647,0.0,0.0,0.0,0.0,0.0,0.0,0.0,8.255436664472813e-07,0.0,0.0016894551762563046,0.0007068322471084448,0.0,0.0,0.0072863735095860145,0.0,0.0,0.0,0.0,0.005512614963366763
2018-07-18 03:00:00,0.0,0.0,0.0,0.00403566888224702,0.0,0.0,0.0,0.0,0.0,0.0,0.0,7.833421141753614e-07,0.0,0.0015596335057068342,0.0005800502652781479,0.0,0.0,0.006913896213671633,0.0,0.0004946196121598267,0.0,0.0,0.006059483378714694
2018-07-18 04:00:00,0.0,0.0,0.0,0.0038552674494526135,0.0,0.0,0.0,0.0,0.0,0.0,0.0,7.483253563865629e-07,0.0,0.0015767125552288333,0.000555490922612641,0.0,0.0,0.0066048330027067845,0.0,0.0013835433027722848,0.0,0.0,0.005909111874290826
2018-07-18 05:00:00,0.0,0.0,0.0,0.003406882882861338,0.0,0.0,0.0,0.0,0.0,0.0,0.0,6.61291824992965e-07,0.01255648719668686,0.001642789477488039,0.0006484315286217905,0.0,0.0,0.00583666186486603,0.0,0.0024581526004056834,0.0,0.0,0.004897877576983803
2018-07-18 06:00:00,0.0,0.0,0.0,0.003046951067263188,0.0,0.0,0.0,0.0,0.0,0.0,0.0,5.914273842728818e-07,0.013281756772641937,0.0014820680024218134,0.0006978597161207396,0.0,0.0,0.005220027723251713,0.0,0.0037173087697290235,0.0,0.0,0.00457597019931815
2018-07-18 07:00:00,0.0,0.0,0.0,0.0027704456171095786,0.0,0.0,0.0,0.0,0.0,0.0,0.0,5.377563893958842e-07,0.013080630305673961,0.0012607351556328044,0.0005512762003717362,0.0,0.0,0.004746319388733402,0.0,0.005281700237921865,0.0,0.0,0.004614869068143324
2018-07-18 08:00:00,0.0,0.0,0.0,0.0026753785449346616,0.0,0.0,0.0,0.0,0.0,0.0,0.0,5.193034281944447e-07,0.008084333837863066,0.0011906929749930103,0.0005221738646164317,0.0,0.0,0.004583450756659446,0.0,0.006343952643721104,0.0,0.0,0.004655344515574774
2018-07-18 09:00:00,0.0,0.0,0.0,0.0025758629464587846,0.0,0.0,0.0001382913127825277,0.0,0.0,0.0,0.0,4.999869873322013e-07,0.005577280049557718,0.0011003905845467577,0.0004773189465409822,0.0,0.0,0.004412960922240587,0.0,0.00688436499705028,0.0,0.0,0.004658887437735944
2018-07-18 10:00:00,0.0,0.0,0.0,0.0025980736941309452,0.0,0.0,0.005034095309051759,0.0,0.0,0.0,0.0,5.042981968359004e-07,0.0034594793765931635,0.0010394770554761263,0.00044576063451786226,0.0,0.0,0.004451012310675573,0.0,0.007734432817295446,0.0,0.0,0.0047440546647659395
2018-07-18 11:00:00,0.0,0.0,0.0,0.0026395156175973355,0.0,0.0,0.005365605154802308,0.0,0.0,0.0,0.0,5.123422670732933e-07,0.00015609527427398238,0.0010267895343543188,0.0003732165782138047,0.0,0.0,0.004522010493653858,0.0,0.008060544988222871,0.0,0.0,0.004912520459245139
2018-07-18 12:00:00,0.0,0.0,0.0,0.002707198388399633,0.0,0.0,0.005357847968255915,0.0,0.0,0.0,0.0,5.254798079173275e-07,0.0,0.0010191308356120353,0.0002973107015069779,0.0,0.0,0.004637964420111834,0.0,0.007887976752462101,0.0,0.0,0.004884101640945219
2018-07-18 13:00:00,0.0,0.0,0.0,0.002827959662715253,0.0,0.0,0.009765154246382912,0.0,0.0,0.0,0.0,5.489201333486443e-07,0.0009656729602404387,0.0010745518995599762,0.0004025892932638515,0.0,0.0,0.004844852284703947,0.0,0.007354606677868406,0.0,0.0,0.004586347512715817
2018-07-18 14:00:00,0.0,0.0,0.0,0.00290216385956219,0.0,0.0,0.01315882476838656,0.0,0.0,0.0,0.0,5.63323513342099e-07,0.0,0.00116774449950977,0.0004003363537838785,0.0,0.0,0.004971978699330145,0.0,0.005996721198147201,0.0,0.0,0.004488483382775547
2018-07-18 15:00:00,0.0,0.0,0.0,0.003054989482325941,0.0,0.0,0.01820277602142094,0.0,0.0,0.0,0.0,5.883184837362181e-07,0.00958660683418981,0.0013424485089390383,0.0005835699484065112,0.0,0.0,0.005192588095967346,0.0,0.004534432062238019,0.0,0.0,0.004269834394278782
2018-07-18 16:00:00,0.0,0.0,0.0,0.0034227649574121066,0.0,0.0,0.021838117098055956,0.0,0.0,0.0,0.0,6.539937563120256e-07,0.015805201465118865,0.0016257383977788323,0.0008105091136923251,0.0,0.0,0.005772248004680076,0.0,0.0034612875923335537,0.0,0.0,0.0033847918168345404
2018-07-18 17:00:00,0.0,0.0,0.0,0.003515792726063949,0.0,0.0,0.021283048601546204,0.0,0.0,0.0,0.0,6.717687366623984e-07,0.06889379855471432,0.0016629259496149025,0.00101524322169172,0.0,0.0,0.005929132675015851,0.0,0.0019539029924175635,0.0,0.0,0.0028290074416962925
2018-07-18 18:00:00,0.0,0.0,0.0,0.0037890096259949684,0.0,0.0,0.014717429656454548,0.0,0.0,0.0,0.0,7.325574305239316e-07,0.0401882789941673,0.0018587512468367143,0.0011601793313394768,0.0,0.0,0.006465662899444985,0.0,0.0007580866334736644,0.0,0.0,0.0029216907880887486
2018-07-18 19:00:00,0.0,0.0,0.0,0.004053024441721871,0.0,0.0,0.0,0.0,0.0,0.0,0.0,7.867109090513563e-07,0.01665439067794484,0.0019610506504790675,0.0011000766937370131,0.0,0.0,0.006943629707781416,0.0,0.00011086470737653059,0.0,0.0,0.0032919907063075644
2018-07-18 20:00:00,0.0,0.0,0.0,0.004156536721681201,0.0,0.0,0.0,0.0,0.0,0.0,0.0,8.06803124392201e-07,0.02332010459146593,0.001897801924481167,0.0010456743258661862,0.0,0.0,0.00712096664531551,0.0,0.0,0.0,0.0,0.0033820738977457603
2018-07-18 21:00:00,0.0,0.0,0.0,0.004328614404950848,0.0,0.0,0.0,0.0,0.0,0.0,0.0,8.368832384232853e-07,0.012880257140044735,0.00176417497218327,0.0008136046915027168,0.0,0.0,0.007386458290336102,0.0,0.0,0.0,0.0,0.0033369384956671226
2018-07-18 22:00:00,0.0,0.0,0.0,0.00488248578527763,0.0,0.0,0.0,0.0,0.0,0.0,0.0,8.59078167552817e-07,0.0017392731777803705,0.001769195776797269,0.00047538552672588555,0.0,0.0,0.007582354098431294,0.0,0.0,0.0,0.0,0.003345624419013187
2018-07-18 23:00:00,0.0,0.0,0.0,0.005067819896707865,0.0,0.0,0.0,0.0,0.0,0.0,0.0,8.853186872316101e-07,0.0,0.0017878794450694852,0.00041616555107737543,0.0,0.0,0.007813956901815576,0.0,0.0,0.0,0.0,0.003742016074954336
2018-07-19 00:00:00,0.0,0.0,0.0,0.005306525145443466,0.0,0.0,0.0,0.0,0.0,0.0,0.0,9.270191070873314e-07,0.0,0.0018408653591450584,0.0003305532600439161,0.0,0.0,0.008182011127078953,0.0,0.0,0.0,0.0,0.004111895571158269
2018-07-19 01:00:00,0.0,0.0,0.0,0.0054689206757001585,0.0,0.0,0.0,0.0,0.0,0.0,0.0,9.553886625548675e-07,0.0,0.0019345265975573968,0.000332299219796347,0.0,0.0,0.008432405122985877,0.0,0.0,0.0,0.0,0.003985529000845298
2018-07-19 02:00:00,0.0,0.0,0.0,0.0054424452437653896,0.0,0.0,0.0,0.0,0.0,0.0,0.0,9.507635584426227e-07,0.0,0.0019061762175430462,0.0003369065232764004,0.0,0.0,0.008391583253165753,0.0,0.0,0.0,0.0,0.004181460663781976
2018-07-19 03:00:00,0.0,0.0,0.0,0.005260853953925487,0.0,0.0,0.0005430577958244679,0.0,0.0,0.0,0.0,9.190406153210265e-07,0.001824542480975513,0.001793824037044206,0.0003701289224420717,0.0,0.0,0.008111591749624779,0.0,0.0003623523866463257,0.0,0.0,0.004453270295082782
2018-07-19 04:00:00,0.0,0.0,0.0,0.004599151545479347,0.0,0.0,0.0012222359984837476,0.0,0.0,0.0,0.0,8.034450496688045e-07,0.008480634685363841,0.0016991269086500563,0.000570037662870426,0.0,0.0,0.007091327768897179,0.0,0.0010880143015631863,0.0,0.0,0.004442561585666249
2018-07-19 05:00:00,0.0,0.0,0.0,0.0038351185562483267,0.0,0.0,0.00133926917951148,0.0,0.0,0.0,0.0,6.699729261888327e-07,0.036109594175716464,0.0016217778658900912,0.0007565497222473338,0.0,0.0,0.0059132825796246085,0.0,0.0021055996852689792,0.0,0.0,0.003489420634463382
2018-07-19 06:00:00,0.0,0.0,0.0,0.0034845421532478803,0.0,0.0,0.001966848122525709,0.0,0.0,0.0,0.0,6.087292657579722e-07,0.07012838134841896,0.0014668159166886091,0.0008642544816670533,0.0,0.0,0.0053727367513053,0.0,0.003562414198700251,0.0,0.0,0.0027424982818867088
2018-07-19 07:00:00,0.0,0.0,0.0,0.00326991958426265,0.0,0.0,0.0032533233763162683,0.0,0.0,0.0,0.0,5.712359501119855e-07,0.021451638274903928,0.0014050861651696334,0.0006989822837696335,0.0,0.0,0.005041815065375426,0.0,0.005448323953719433,0.0,0.0,0.002629326822911264
2018-07-19 08:00:00,0.0,0.0,0.0,0.0031146394940278826,0.0,0.0,0.01537102466375924,0.0,0.0,0.0,0.0,5.441094206689888e-07,0.015310009628923878,0.001319230620933844,0.0005969906859500059,0.0,0.0,0.0048023922055392436,0.0,0.006402211186660508,0.0,0.0,0.0026271120340917325
2018-07-19 09:00:00,0.0,0.0,0.0,0.0029638861033815748,0.0,0.0,0.027372815951427067,0.0,0.0,0.0,0.0,5.177736793397826e-07,0.014538450347437955,0.0011498302115399283,0.000539863313505598,0.0,0.0,0.004569948961437761,0.0,0.0066703603482137636,0.0,0.0,0.002423553974887255
2018-07-19 10:00:00,0.0,0.0,0.0,0.002997971970662102,0.0,0.0,0.02911644076053444,0.0,0.0,0.0,0.0,5.237282822832594e-07,0.015035070965140911,0.0011216768470332019,0.0005347039923954258,0.0,0.0,0.004622505189425276,0.0,0.007259233557030358,0.0,0.0,0.002156838275903079
2018-07-19 11:00:00,0.0,0.0,0.0,0.003130457723109823,0.0,0.0,0.032452025482517535,0.0,0.0,0.0,0.0,5.46872773371055e-07,0.013904346728521663,0.001123957293048985,0.00042468531789289094,0.0,0.0,0.004826781975268358,0.0,0.007905145202841184,0.0,0.0,0.00229506768723978
2018-07-19 12:00:00,0.0,0.0,0.0,0.0031858636496328043,0.0,0.0,0.031319095100782984,0.0,0.0,0.0,0.0,5.565518667749151e-07,0.014828699355712025,0.0011458311957946248,0.0004682246983508355,0.0,0.0,0.004912211120498435,0.0,0.007933852991121424,0.0,0.0,0.0023305603226981652
2018-07-19 13:00:00,0.0,0.0,0.0,0.003280719982390208,0.0,0.0,0.03425471056960286,0.0,0.0,0.0,0.0,5.731227169045624e-07,0.01245386823735045,0.0011851221721261463,0.0004375762257971451,0.0,0.0,0.005058467955022514,0.0,0.0075047342068913095,0.0,0.0,0.002356463672701953
2018-07-19 14:00:00,0.0,0.0,0.0,0.0034200777449834322,0.0,0.0,0.03540180240378734,0.0,0.0,0.0,0.0,5.97467708232039e-07,0.013687515107747888,0.0012610877774163881,0.0005459274452938156,0.0,0.0,0.0052733405379144765,0.0,0.006326977044593131,0.0,0.0,0.0024731023076307876
2018-07-19 15:00:00,0.0,0.0,0.0,0.003785980825174618,0.0,0.0,0.016755038389338815,0.0,0.0,0.0,0.0,6.613888501059443e-07,0.0269497078992034,0.001466634719996707,0.0006085720876538261,0.0,0.0,0.005837518223217153,0.0,0.005164425515986492,0.0,0.0,0.0025147343550877585
2018-07-19 16:00:00,0.0,0.0,0.0,0.003983943578060826,0.0,0.0,0.00010499930130630551,0.0,0.0,0.0,0.0,6.959717926883801e-07,0.06935814707324155,0.0016404827675936247,0.0009784721657768952,0.0,0.0,0.006142752515426802,0.0,0.00380852461067905,0.0,0.0,0.0024256712410504464
2018-07-19 17:00:00,0.0,0.0,0.0,0.0037230259448076146,0.0,0.0,0.0,0.0,0.0,0.0,0.0,6.503909983319409e-07,0.12538710789114046,0.0015137325337776194,0.000869571785890839,0.0,0.0,0.005740449516756948,0.0,0.0020011738304620127,0.0,0.0,0.001622259147308077
2018-07-19 18:00:00,0.0,0.0,0.0,0.004009048403725998,0.0,0.0,0.0,0.0,0.0,0.0,0.0,7.00357459849817e-07,0.10078317500402151,0.0016702774537400349,0.0009159551653221826,0.0,0.0,0.006181461078432894,0.0,0.0007952202135491397,0.0,0.0,0.001359094557329909
2018-07-19 19:00:00,0.0,0.0,0.0,0.004708196519311818,0.0,0.0,0.0,0.0,0.0,0.0,0.0,8.224945729451312e-07,0.029432124794428676,0.0019919808229685357,0.0010568700823862275,0.0,0.0,0.0072594617482519015,0.0,0.00013621235727638963,0.0,0.0,0.0019100468384090398
2018-07-19 20:00:00,0.0,0.0,0.0,0.005002980096463746,0.0,0.0,0.0,0.0,0.0,0.0,0.0,8.73991550908203e-07,0.023131908032347163,0.002022762839488361,0.0010684150049791038,0.0,0.0,0.007713981880019907,0.0,0.0,0.0,0.0,0.0018104001949026
2018-07-19 21:00:00,0.0,0.0,0.0,0.00544727935848278,0.0,0.0,0.0,0.0,0.0,0.0,0.0,9.516080501930709e-07,0.012064677203852892,0.0020221285907290145,0.0009140640290675301,0.0,0.0,0.008399036865336275,0.0,0.0,0.0,0.0,0.00135826942580222
2018-07-19 22:00:00,0.0,0.0,0.0,0.005460313294958935,0.0,0.0,0.0,0.0,0.0,0.0,0.0,1.0392521435165077e-06,0.012123821281060695,0.0021071351274279536,0.0005568785266920397,0.0,0.0,0.009172596915299246,0.0,0.0,0.0,0.0,0.0008635400273442823
2018-07-19 23:00:00,0.0,0.0,0.0,0.00566683378265066,0.0,0.0,0.0,0.0,0.0,0.0,0.0,1.0827719571821515e-06,0.013259371091704102,0.0021524138345633942,0.0006174342174131545,0.0,0.0,0.009556709386054562,0.0,0.0,0.0,0.0,0.0009144610404346863
2018-07-20 00:00:00,0.0,0.0,0.0,0.00593755585994437,0.0,0.0,0.0,0.0,0.0,0.0,0.0,1.134499303479331e-06,0.005686464061001671,0.002226579345675481,0.00045764318943631433,0.0,0.0,0.010013262783651274,0.0,0.0,0.0,0.0,0.0014903603341718593
2018-07-20 01:00:00,0.0,0.0,0.0,0.006045145973576489,0.0,0.0,0.0,0.0,0.0,0.0,0.0,1.1550567368502476e-06,0.0,0.0021735649595792544,0.00033725597156645983,0.0,0.0,0.010194705806021663,0.0,0.0,0.0,0.0,0.0025528137531826605
2018-07-20 02:00:00,0.0,0.0,0.0,0.00576932808204025,0.0,0.0,0.0,0.0,0.0,0.0,0.0,1.102355724309722e-06,0.0,0.002002901994068038,0.0003638134324027276,0.0,0.0,0.00972955868260397,0.0,0.0,0.0,0.0,0.0035872543656410697
2018-07-20 03:00:00,0.0,0.0,0.0,0.005594943500817975,0.0,0.0,0.0,0.0,0.0,0.0,0.0,1.0690357538368781e-06,0.003341082725893747,0.0019056084774182482,0.0003227630074827476,0.0,0.0,0.009435471573634524,0.0,0.0006582983753029842,0.0,0.0,0.003803396462641773
2018-07-20 04:00:00,0.0,0.0,0.0,0.004970615515905584,0.0,0.0,0.001480614082227511,0.0,0.0,0.0,0.0,9.497443011359351e-07,0.03051332240149802,0.0018125253556180603,0.0005841731682069108,0.0,0.0,0.008382587133710482,0.0,0.0017457772225133413,0.0,0.0,0.002984536050931738
2018-07-20 05:00:00,0.0,0.0,0.0,0.0039148081234215105,0.0,0.0,0.0023604469354967855,0.0,0.0,0.0,0.0,7.480093146135964e-07,0.09014386802660254,0.0016780036145500339,0.0010166169124408494,0.0,0.0,0.006602043570123071,0.0,0.0028378592129319723,0.0,0.0,0.0012708098607974727
2018-07-20 06:00:00,0.0,0.0,0.0,0.0036044398523863816,0.0,0.0,0.012849365968021872,0.0,0.0,0.0,0.0,6.887066999322185e-07,0.09957364041611087,0.0015678709499133755,0.0010667769640954118,0.0,0.0,0.006078629705750372,0.0,0.004842452274638907,0.0,0.0,0.00086058496132519
2018-07-20 07:00:00,0.0,0.0,0.0,0.00325652624885729,0.0,0.0,0.053899388460497404,0.0,0.0,0.0,0.0,6.222302321422487e-07,0.057355562642093835,0.0014340911330619,0.0008216693106733268,0.0,0.0,0.005491898326657881,0.0,0.0073021148345288585,0.0,0.0,0.0006582422864230595
2018-07-20 08:00:00,0.0,0.0,0.0,0.003094576295623207,0.0,0.0,0.07295537459151659,0.0,0.0,0.0,0.0,5.912861680397007e-07,0.04235200403929328,0.0013299697889282331,0.0007337992838764396,0.0,0.0,0.005218781327376615,0.0,0.008716140177178103,0.0,0.0,0.0006821657908290791
2018-07-20 09:00:00,0.0,0.0,0.0,0.002986145668915808,0.0,0.0,0.08481749702285357,0.0,0.0,0.0,0.0,5.705681363483706e-07,0.01551617188343678,0.0012108985432467976,0.0007907514891744718,0.0,0.0,0.005035920839891895,0.0,0.009428247524558404,0.0,0.0,0.0006891841953439509
2018-07-20 10:00:00,0.0,0.0,0.0,0.0029472441265378773,0.0,0.0,0.08820827679514588,0.0,0.0,0.0,0.0,5.631351498177062e-07,0.01180514665570539,0.0011454511452836655,0.0006545353789682546,0.0,0.0,0.004970316174317733,0.0,0.010263163474028024,0.0,0.0,0.0006275718732558262
2018-07-20 11:00:00,0.0,0.0,0.0,0.0030863938576295106,0.0,0.0,0.09945341230646575,0.0,0.0,0.0,0.0,5.897227351350547e-07,0.006010277216568469,0.0011944120510722419,0.0003686669636201692,0.0,0.0,0.005204982231625021,0.0,0.010688366980449285,0.0,0.0,0.0005178758787717134
2018-07-20 12:00:00,0.0,0.0,0.0,0.003103512035428052,0.0,0.0,0.10734845683602953,0.0,0.0,0.0,0.0,5.929935356542203e-07,0.006352495206619393,0.001193829102979501,0.0004332077740767026,0.0,0.0,0.005233850812690575,0.0,0.01014271151382855,0.0,0.0,0.00042976516048030025
2018-07-20 13:00:00,0.0,0.0,0.0,0.003269220023839844,0.0,0.0,0.09768764935427637,0.0,0.0,0.0,0.0,6.246556541872661e-07,0.008171215039265647,0.0012413569172499946,0.0005716685307331846,0.0,0.0,0.0055133054691951545,0.0,0.009460620990280291,0.0,0.0,0.0003566697478800962
2018-07-20 14:00:00,0.0,0.0,0.0,0.0034931883282100303,0.0,0.0,0.10653662596943245,0.0,0.0,0.0,0.0,6.674496743704806e-07,0.009163952114785063,0.001341060560769263,0.0005608243115998084,0.0,0.0,0.00589101197668197,0.0,0.008030819593985867,0.0,0.0,0.0002685245936146259
2018-07-20 15:00:00,0.0,0.0,0.0,0.003758018827613416,0.0,0.0,0.0840553381349956,0.0,0.0,0.0,0.0,7.180513064561851e-07,0.038369196842476375,0.0014940988939632991,0.0006431520376270741,0.0,0.0,0.006337629650048424,0.0,0.006510150798757766,0.0,0.0,0.0002676280982009706
2018-07-20 16:00:00,0.0,0.0,0.0,0.003920779750286823,0.0,0.0,0.03857824205198873,0.0,0.0,0.0,0.0,7.491503239243533e-07,0.09294667428147123,0.0016794575872924836,0.0008071677193044707,0.0,0.0,0.006612114291217534,0.0,0.004897636262150105,0.0,0.0,0.00028326660172869135
2018-07-20 17:00:00,0.0,0.0,0.0,0.003797239565710688,0.0,0.0,0.0010490009233629564,0.0,0.0,0.0,0.0,7.255452822776972e-07,0.11934659007288638,0.0016618771194456276,0.0010280189275170175,0.0,0.0,0.006403772616346416,0.0,0.0027228925542163904,0.0,0.0,0.00019701113810748254
2018-07-20 18:00:00,0.0,0.0,0.0,0.0042323420591899325,0.0,0.0,0.0,0.0,0.0,0.0,0.0,8.086810855337779e-07,0.10165195110608943,0.001884035516424296,0.000898484339057996,0.0,0.0,0.007137541814952392,0.0,0.001121307608260292,0.0,0.0,0.0002517692912373013
2018-07-20 19:00:00,0.0,0.0,0.0,0.004785306321915204,0.0,0.0,0.0,0.0,0.0,0.0,0.0,9.143369455725682e-07,0.012931085379952027,0.0022387024259623895,0.0005894144647506677,0.0,0.0,0.008070076447592967,0.0,0.00017926137952967898,0.0,0.0,0.0003176607273787616
2018-07-20 20:00:00,0.0,0.0,0.0,0.005193695977781006,0.0,0.0,0.0,0.0,0.0,0.0,0.0,9.923686796828149e-07,0.009089852502043649,0.002241422822648839,0.0009019613416198775,0.0,0.0,0.008758796358406151,0.0,0.0,0.0,0.0,0.0003608094812085387
2018-07-20 21:00:00,0.0,0.0,0.0,0.005270220098956702,0.0,0.0,0.0,0.0,0.0,0.0,0.0,1.0069902789100108e-06,0.0020486300016225698,0.0020806267115616693,0.0009043221295415397,0.0,0.0,0.008887848809060048,0.0,0.0,0.0,0.0,0.00030373145847528216
2018-07-20 22:00:00,0.0,0.0,0.0,0.0054146307746432325,0.0,0.0,0.0,0.0,0.0,0.0,0.0,1.0345830822192977e-06,0.01301497178968998,0.0021002733013940826,0.0005177158368697203,0.0,0.0,0.009131387072702998,0.0,0.0,0.0,0.0,0.00031634863345855226
2018-07-20 23:00:00,0.0,0.0,0.0,0.005655492386635938,0.0,0.0,0.0,0.0,0.0,0.0,0.0,1.0806049365792824e-06,0.006648277809194646,0.0021782211153770995,0.0004431090411059735,0.0,0.0,0.009537582933805919,0.0,0.0,0.0,0.0,0.00037804164008946594
2018-07-21 00:00:00,0.0,0.0,0.0,0.005652338587774815,0.0,0.0,0.0,0.0,0.0,0.0,0.0,1.0800023346508699e-06,0.00577419564992061,0.0021671612330751303,0.0005540010535331196,0.0,0.0,0.009532264277862613,0.0,0.0,0.0,0.0,0.000519112288365296
2018-07-21 01:00:00,0.0,0.0,0.0,0.005664158535357594,0.0,0.0,0.0,0.0,0.0,0.0,0.0,1.0822607929485495e-06,0.0169439865760956,0.0021478271860291844,0.0005547350338489022,0.0,0.0,0.009552197773062852,0.0,0.0,0.0,0.0,0.0005106252453408664
2018-07-21 02:00:00,0.0,0.0,0.0,0.0057676917614263,0.0,0.0,0.0,0.0,0.0,0.0,0.0,1.1020430696348718e-06,0.00868641968619639,0.002212345527195718,0.0003674568518258005,0.0,0.0,0.009726799145061539,0.0,0.0,0.0,0.0,0.0005120978394821883
2018-07-21 03:00:00,0.0,0.0,0.0,0.005736325064746865,0.0,0.0,0.0,0.0,0.0,0.0,0.0,1.096049779403224e-06,0.010082634986766292,0.0021818534430856355,0.00031974036239375823,0.0,0.0,0.009673901457205647,0.0,0.0005132604844262342,0.0,0.0,0.0006352615360927892
2018-07-21 04:00:00,0.0,0.0,0.0,0.00569603165027204,0.0,0.0,0.0,0.0,0.0,0.0,0.0,1.0883508454083661e-06,0.003861392880585014,0.002173614186622877,0.0003651683952754789,0.0,0.0,0.009605949499008696,0.0,0.0015554419320624074,0.0,0.0,0.0007409778683230167
2018-07-21 05:00:00,0.0,0.0,0.0,0.004925565321980787,0.0,0.0,0.0,0.0,0.0,0.0,0.0,9.411364808753995e-07,0.015742729930158524,0.0019896634714247014,0.0004789531733136952,0.0,0.0,0.008306613207592732,0.0,0.0028285291803401775,0.0,0.0,0.0007168477271765502
2018-07-21 06:00:00,0.0,0.0,0.0,0.004554917969904567,0.0,0.0,0.0,0.0,0.0,0.0,0.0,8.703162355277001e-07,0.024172253556691236,0.0018322346914200708,0.001178860809948072,0.0,0.0,0.007681542989484755,0.0,0.0049353137176542106,0.0,0.0,0.0004269840796945573
2018-07-21 07:00:00,0.0,0.0,0.0,0.0042670410096178665,0.0,0.0,0.0,0.0,0.0,0.0,0.0,8.153110753849089e-07,0.02718786313327868,0.0016843700885548088,0.0010099003048890615,0.0,0.0,0.007196059110140424,0.0,0.007642494967831767,0.0,0.0,0.0005218345843191543
2018-07-21 08:00:00,0.0,0.0,0.0,0.004042046808664352,0.0,0.0,0.0,0.0,0.0,0.0,0.0,7.723210353263987e-07,0.038324027610532746,0.001535075442665134,0.0008230440395107136,0.0,0.0,0.0068166225015278215,0.0,0.008658449198395013,0.0,0.0,0.0007858422196510197
2018-07-21 09:00:00,0.0,0.0,0.0,0.004000843252216096,0.0,0.0,0.0,0.0,0.0,0.0,0.0,7.644481988943627e-07,0.032200908414117504,0.0014774165203835286,0.0005633608060134574,0.0,0.0,0.006747135654065762,0.0,0.00909675383997448,0.0,0.0,0.0009867641162671498
2018-07-21 10:00:00,0.0,0.0,0.0,0.0038335660710624195,0.0,0.0,0.0,0.0,0.0,0.0,0.0,7.44113017831367e-07,0.032682640743548534,0.0014645379267540935,0.00038656724817397566,0.0,0.0,0.0065676542642469846,0.0,0.009290175877418547,0.0,0.0,0.001296023507309623
2018-07-21 11:00:00,0.0,0.0,0.0,0.003849555392708104,0.0,0.0,0.0,0.0,0.0,0.0,0.0,7.442631942116737e-07,0.006963560706209692,0.0014579196713102,0.0005097528096236454,0.0,0.0,0.0065689797437385065,0.0,0.009283553114817251,0.0,0.0,0.0014724097839187793
2018-07-21 12:00:00,0.0,0.0,0.0,0.0035834194199790737,0.0,0.0,0.0,0.0,0.0,0.0,0.0,6.928091458992018e-07,0.00849759582473698,0.0013489473097881885,0.0005167265175314537,0.0,0.0,0.0061148385155726,0.0,0.008207743068189504,0.0,0.0,0.0016747855751480995
2018-07-21 13:00:00,0.0,0.0,0.0,0.003720436166414108,0.0,0.0,0.0,0.0,0.0,0.0,0.0,7.108703208858173e-07,0.009641339103629994,0.0013841138169610535,0.0005195078483200125,0.0,0.0,0.006274249183140087,0.0,0.007364407563883078,0.0,0.0,0.0018334233888002848
2018-07-21 14:00:00,0.0,0.0,0.0,0.004072037341844292,0.0,0.0,0.0,0.0,0.0,0.0,0.0,7.780513795633513e-07,0.0089390353475217,0.0015467354448718542,0.0005360485153135491,0.0,0.0,0.006867199388185586,0.0,0.006206152867415979,0.0,0.0,0.0015962858541643955
2018-07-21 15:00:00,0.0,0.0,0.0,0.004037715979362004,0.0,0.0,0.0,0.0,0.0,0.0,0.0,7.714935361090611e-07,0.016863004337804202,0.001602888661182979,0.0005479736361876507,0.0,0.0,0.006809318868029717,0.0,0.004353095129229361,0.0,0.0,0.002580138615907949
2018-07-21 16:00:00,0.0,0.0,0.0,0.004246097736144577,0.0,0.0,0.0,0.0,0.0,0.0,0.0,8.113094070674259e-07,0.0076307341727776664,0.0016663827012597808,0.0006279173326104053,0.0,0.0,0.007160739779125339,0.0,0.00301216744235968,0.0,0.0,0.0033899049273269223
2018-07-21 17:00:00,0.0,0.0,0.0,0.00452978558604823,0.0,0.0,0.0,0.0,0.0,0.0,0.0,8.655141464775336e-07,0.024047386682352987,0.001963768284189929,0.0008294429277664983,0.0,0.0,0.007639159023780818,0.0,0.0017107823084058494,0.0,0.0,0.002231982466663703
2018-07-21 18:00:00,0.0,0.0,0.0,0.004490145306486646,0.0,0.0,0.0,0.0,0.0,0.0,0.0,8.579400081261407e-07,0.05713446845962137,0.0020332090454500983,0.000749490233922676,0.0,0.0,0.007572308530845624,0.0,0.000642945090911074,0.0,0.0,0.0013647034864363375
2018-07-21 19:00:00,0.0,0.0,0.0,0.004459321675413811,0.0,0.0,0.0,0.0,0.0,0.0,0.0,8.520504824007926e-07,0.04247295436483167,0.001957557880385103,0.0010488349084947035,0.0,0.0,0.007520326684247635,0.0,9.829290983594278e-05,0.0,0.0,0.0015619781966271565
2018-07-21 20:00:00,0.0,0.0,0.0,0.00481060885830701,0.0,0.0,0.0,0.0,0.0,0.0,0.0,9.191715459687375e-07,0.047354525311533106,0.002137382222112121,0.0009524966225312394,0.0,0.0,0.008112747363363757,0.0,0.0,0.0,0.0,0.0009109665201169452
2018-07-21 21:00:00,0.0,0.0,0.0,0.005456140074183954,0.0,0.0,0.0,0.0,0.0,0.0,0.0,1.0425143375249622e-06,0.05707988177385836,0.0023285277419467293,0.000830578734523744,0.0,0.0,0.009201389533996967,0.0,0.0,0.0,0.0,0.00039729182383896317
2018-07-21 22:00:00,0.0,0.0,0.0,0.0062794453753521285,0.0,0.0,0.0,0.0,0.0,0.0,0.0,1.0892025991203736e-06,0.023957232417968502,0.002360468666572983,0.0007267780939894623,0.0,0.0,0.009613467206352474,0.0,0.0,0.0,0.0,0.00038019733934491543
2018-07-21 23:00:00,0.0,0.0,0.0,0.00675438871214724,0.0,0.0,0.0,0.0,0.0,0.0,0.0,1.1633334100483592e-06,0.017332903083662886,0.00252233340616077,0.0005874678250088102,0.0,0.0,0.010267756977981771,0.0,0.0,0.0,0.0,0.00045398852137316107
2018-07-22 00:00:00,0.0,0.0,0.0,0.006722123199659475,0.0,0.0,0.0,0.0,0.0,0.0,0.0,1.1701368012198519e-06,0.015180233732245134,0.0025191032735132385,0.0005962586045718953,0.0,0.0,0.010327804739501944,0.0,0.0,0.0,0.0,0.0004379254490067196
2018-07-22 01:00:00,0.0,0.0,0.0,0.006994714587522247,0.0,0.0,0.0,0.0,0.0,0.0,0.0,1.2219359926756212e-06,0.0,0.002635073589618942,0.0005726431270590162,0.0,0.0,0.01078499225335636,0.0,0.0,0.0,0.0,0.0008564888675590123
2018-07-22 02:00:00,0.0,0.0,0.0,0.007102555436539816,0.0,0.0,0.0,0.0,0.0,0.0,0.0,1.2407751623438642e-06,0.0,0.0026375663904445535,0.0006541558499492501,0.0,0.0,0.010951269619887457,0.0,0.0,0.0,0.0,0.0008804856537199785
2018-07-22 03:00:00,0.0,0.0,0.0,0.007053718848352785,0.0,0.0,0.0,0.0,0.0,0.0,0.0,1.2322436941733594e-06,0.0,0.0026209283304913303,0.0006304839573595307,0.0,0.0,0.010875969588887327,0.0,0.00025122209290565333,0.0,0.0,0.0009931886302087932
2018-07-22 04:00:00,0.0,0.0,0.0,0.0067045372597824,0.0,0.0,0.0,0.0,0.0,0.0,0.0,1.171243699718268e-06,0.0013007493202354347,0.002490879159004595,0.0006833519645489626,0.0,0.0,0.010337574393397258,0.0,0.0008421356147659287,0.0,0.0,0.0015678552182331262
2018-07-22 05:00:00,0.0,0.0,0.0,0.00624893213228505,0.0,0.0,0.0,0.0,0.0,0.0,0.0,1.091652131431879e-06,0.007821313491416739,0.002368241192835723,0.000662037517701812,0.0,0.0,0.009635087149755635,0.0,0.0020304314468569495,0.0,0.0,0.0011671103856801853
2018-07-22 06:00:00,0.0,0.0,0.0,0.006011580691881605,0.0,0.0,0.0,0.0,0.0,0.0,0.0,1.050188214024906e-06,0.024482160236217028,0.0022518483274658993,0.0006227475578622136,0.0,0.0,0.009269120330946392,0.0,0.003669505024204775,0.0,0.0,0.0006501182217314381
2018-07-22 07:00:00,0.0,0.0,0.0,0.005609786089673403,0.0,0.0,0.0,0.0,0.0,0.0,0.0,9.799970318175842e-07,0.010180465209671004,0.002063991183505379,0.0005443482832688179,0.0,0.0,0.008649602319448673,0.0,0.005427042082945176,0.0,0.0,0.0006837140677724675
2018-07-22 08:00:00,0.0,0.0,0.0,0.005346151677909235,0.0,0.0,0.0,0.0,0.0,0.0,0.0,9.339416320422783e-07,0.011510260153987038,0.0019434789158194994,0.0004271762775414471,0.0,0.0,0.008243110381426383,0.0,0.006531065625286413,0.0,0.0,0.0006207059333926071
2018-07-22 09:00:00,0.0,0.0,0.0,0.004971278724400294,0.0,0.0,0.0,0.0,0.0,0.0,0.0,8.684535054230257e-07,0.009183891128384027,0.001768900116712929,0.00032659013713560114,0.0,0.0,0.007665102251287809,0.0,0.00720904420725771,0.0,0.0,0.0010778527721986121
2018-07-22 10:00:00,0.0,0.0,0.0,0.00493790111622632,0.0,0.0,0.0,0.0,0.0,0.0,0.0,8.626226312298228e-07,0.0,0.0017185293543121804,0.0002999209663659783,0.0,0.0,0.007613638072001061,0.0,0.008485893036566964,0.0,0.0,0.0007288662063522799
2018-07-22 11:00:00,0.0,0.0,0.0,0.004911834329289403,0.0,0.0,0.0,0.0,0.0,0.0,0.0,8.580689150240971e-07,0.0,0.0016068765570970425,0.0002793760148039831,0.0,0.0,0.007573446282662573,0.0,0.00940369476312633,0.0,0.0,0.0005422752230945186
2018-07-22 12:00:00,0.0,0.0,0.0,0.004752186232094896,0.0,0.0,0.0,0.0,0.0,0.0,0.0,8.301793201473965e-07,0.0,0.0015413870065418172,0.0002902691663022213,0.0,0.0,0.00732728849166745,0.0,0.009475792006545997,0.0,0.0,0.0009031054366643407
2018-07-22 13:00:00,0.0,0.0,0.0,0.004510767093350852,0.0,0.0,0.0,0.0,0.0,0.0,0.0,7.880047994774124e-07,0.0,0.0015005721537554445,0.0002669708766336536,0.0,0.0,0.00695504978076834,0.0,0.00884169598925109,0.0,0.0,0.0014572693075850585
2018-07-22 14:00:00,0.0,0.0,0.0,0.004546780330842712,0.0,0.0,0.0,0.0,0.0,0.0,0.0,7.942961027970045e-07,0.0,0.0015875801954113352,0.0003209286674211397,0.0,0.0,0.007010577777301732,0.0,0.007448038856368845,0.0,0.0,0.0014854406453592174
2018-07-22 15:00:00,0.0,0.0,0.0,0.00453209755407494,0.0,0.0,0.0,0.0,0.0,0.0,0.0,7.91731107016195e-07,0.016535012671145148,0.0018123773262935154,0.00037351828016885517,0.0,0.0,0.00698793873582023,0.0,0.005521885354506189,0.0,0.0,0.001865386184286595
2018-07-22 16:00:00,0.0,0.0,0.0,0.0045814908668463765,0.0,0.0,0.0,0.0,0.0,0.0,0.0,8.003598317365102e-07,0.027900653569292274,0.0019394850379042944,0.0005260921016986246,0.0,0.0,0.007064097167868027,0.0,0.003967013960572815,0.0,0.0,0.002222327531036314
2018-07-22 17:00:00,0.0,0.0,0.0,0.004627301121630514,0.0,0.0,0.0,0.0,0.0,0.0,0.0,8.083626170473268e-07,0.03714118239649415,0.0019837219158807527,0.0008976020063706424,0.0,0.0,0.007134730963827701,0.0,0.0023168583706978507,0.0,0.0,0.0027324429147320937
2018-07-22 18:00:00,0.0,0.0,0.0,0.004415010117198301,0.0,0.0,0.0,0.0,0.0,0.0,0.0,7.712766121802046e-07,0.0391060183453903,0.001962084104913225,0.000905838594700704,0.0,0.0,0.0068074042645592334,0.0,0.0008704298316178846,0.0,0.0,0.0032166866542625186
2018-07-22 19:00:00,0.0,0.0,0.0,0.004126290572090196,0.0,0.0,0.0,0.0,0.0,0.0,0.0,7.208389853775508e-07,0.04349852462305002,0.0018208818618157209,0.0008833608627935611,0.0,0.0,0.006362234126675666,0.0,0.00013201942401711004,0.0,0.0,0.003947220071557073
2018-07-22 20:00:00,0.0,0.0,0.0,0.004254519765079255,0.0,0.0,0.0,0.0,0.0,0.0,0.0,7.432398802624675e-07,0.04817388744430875,0.0018494631794609827,0.0006692118296203608,0.0,0.0,0.006559947819741593,0.0,0.0,0.0,0.0,0.004144661073832352
2018-07-22 21:00:00,0.0,0.0,0.0,0.004775795154017649,0.0,0.0,0.0,0.0,0.0,0.0,0.0,8.343036616176179e-07,0.049295924904742175,0.0019472068562702617,0.0005623677676483091,0.0,0.0,0.007363690554519478,0.0,0.0,0.0,0.0,0.004145853029681404
2018-07-22 22:00:00,0.0,0.0,0.0,0.00514525382836883,0.0,0.0,0.0,0.0,0.0,0.0,0.0,8.988459451299819e-07,0.013922248541653272,0.0020152818532650015,0.0003894981160212196,0.0,0.0,0.00793335053005599,0.0,0.0,0.0,0.0,0.004990885265882484
2018-07-22 23:00:00,0.0,0.0,0.0,0.0054816926652440316,0.0,0.0,0.0,0.0,0.0,0.0,0.0,9.474684076858978e-07,0.00275628623038212,0.0020969054081871738,0.00032954443044547833,0.0,0.0,0.00836249975321327,0.0,0.0,0.0,0.0,0.005317834251962574
2018-07-23 00:00:00,0.0,0.0,0.0,0.005578137384910057,0.0,0.0,0.0,0.0,0.0,0.0,0.0,9.60743282961384e-07,0.0011802805728823942,0.0020934215025247165,0.00029823297576634224,0.0,0.0,0.008479665814176003,0.0,0.0,0.0,0.0,0.0059366864947558605
2018-07-23 01:00:00,0.0,0.0,0.0,0.005312509093646987,0.0,0.0,0.0,0.0,0.0,0.0,0.0,9.149931375300665e-07,0.0,0.0019062724880664701,0.00023366178423482042,0.0,0.0,0.00807586809725445,0.0,0.0,0.0,0.0,0.006791829814634816
2018-07-23 02:00:00,0.0,0.0,0.0,0.005169861902623659,0.0,0.0,0.0,0.0,0.0,0.0,0.0,8.904244829501862e-07,0.0,0.0018346783724855144,0.00024566718517474655,0.0,0.0,0.007859021428601048,0.0,0.0,0.0,0.0,0.006961413734752872
2018-07-23 03:00:00,0.0,0.0,0.0,0.005056376809656928,0.0,0.0,0.0,0.0,0.0,0.0,0.0,8.801761601325487e-07,0.003935943785432587,0.0018410716533948587,0.00026700856207288666,0.0,0.0,0.007768568178299372,0.0,0.0003373869663861039,0.0,0.0,0.006461233215621419
2018-07-23 04:00:00,0.0,0.0,0.0,0.0045751598979066705,0.0,0.0,0.0,0.0,0.0,0.0,0.0,7.992538482515316e-07,0.01358935137373298,0.0018025358985361928,0.00042535030339314065,0.0,0.0,0.007054335590019981,0.0,0.0009062376644317931,0.0,0.0,0.00575104664027417
2018-07-23 05:00:00,0.0,0.0,0.0,0.003872350191420895,0.0,0.0,0.0,0.0,0.0,0.0,0.0,6.764770765032266e-07,0.04229749488288264,0.0017341925824257908,0.0007937036500178563,0.0,0.0,0.0059706891959906624,0.0,0.001701333797121155,0.0,0.0,0.004419405931967434
2018-07-23 06:00:00,0.0,0.0,0.0,0.003548518309441282,0.0,0.0,0.0,0.0,0.0,0.0,0.0,6.199055284842897e-07,0.07910463182140114,0.0015602131192046821,0.0009915762230307329,0.0,0.0,0.0054713801398684585,0.0,0.0030187994880502855,0.0,0.0,0.0035140993882593337
2018-07-23 07:00:00,0.0,0.0,0.0,0.0036288788738964134,0.0,0.0,0.0,0.0,0.0,0.0,0.0,6.339440521253578e-07,0.0607592659755522,0.0015765580216228375,0.0009236781764222963,0.0,0.0,0.0055952862770352295,0.0,0.005052307046054876,0.0,0.0,0.0035150976310652153
2018-07-23 08:00:00,0.0,0.0,0.0,0.0034818719922569126,0.0,0.0,0.0,0.0,0.0,0.0,0.0,6.082628041489564e-07,0.04089580145585307,0.0014638436266233973,0.0006082049614196948,0.0,0.0,0.005368619690452786,0.0,0.00609079009994071,0.0,0.0,0.003619943356151504
2018-07-23 09:00:00,0.0,0.0,0.0,0.0033325835683466797,0.0,0.0,0.0,0.0,0.0,0.0,0.0,5.821829839957299e-07,0.021370663348271736,0.0013847542612387552,0.0005257951467732877,0.0,0.0,0.005138435245434853,0.0,0.006759264587678456,0.0,0.0,0.0033430621287662515
2018-07-23 10:00:00,0.0,0.0,0.0,0.0032129864256305427,0.0,0.0,0.0,0.0,0.0,0.0,0.0,5.612900581332927e-07,0.009250991747974991,0.0013441717975750105,0.00040879930304339897,0.0,0.0,0.004954031115491075,0.0,0.007525019803038188,0.0,0.0,0.0028587449800902376
2018-07-23 11:00:00,0.0,0.0,0.0,0.003115326662159367,0.0,0.0,0.0,0.0,0.0,0.0,0.0,5.442294649484763e-07,0.010034200813436341,0.0013022758062081672,0.0005815378911403218,0.0,0.0,0.004803451734542476,0.0,0.007807147831476282,0.0,0.0,0.0024746797998009815
2018-07-23 12:00:00,0.0,0.0,0.0,0.00320463505431367,0.0,0.0,0.0,0.0,0.0,0.0,0.0,5.598311220934306e-07,0.014993099864450283,0.0013369841599883859,0.0006310036996786048,0.0,0.0,0.004941154324904359,0.0,0.008035594611001213,0.0,0.0,0.0021562046046586882
2018-07-23 13:00:00,0.0,0.0,0.0,0.0033245392669529546,0.0,0.0,2.1905073036033572e-05,0.0,0.0,0.0,0.0,5.807776912870813e-07,0.019349846011892432,0.0013946222363639283,0.000584899228948292,0.0,0.0,0.005126031919018968,0.0,0.0076288681116133345,0.0,0.0,0.002215937288874724
2018-07-23 14:00:00,0.0,0.0,0.0,0.0033914021440145966,0.0,0.0,2.234562617372504e-05,0.0,0.0,0.0,0.0,5.924582473745609e-07,0.020810389861470005,0.0014541497588268426,0.0007354863038320708,0.0,0.0,0.0052291262772124125,0.0,0.006094119748418304,0.0,0.0,0.0025767431626147357
2018-07-23 15:00:00,0.0,0.0,0.0,0.003690386985122302,0.0,0.0,0.0,0.0,0.0,0.0,0.0,6.44689161737476e-07,0.03779450886508483,0.001662105315566283,0.0008709682983191478,0.0,0.0,0.005690124242872057,0.0,0.004712534579518255,0.0,0.0,0.002370890652514396
2018-07-23 16:00:00,0.0,0.0,0.0,0.00334833956149241,0.0,0.0,0.0,0.0,0.0,0.0,0.0,5.849354644413887e-07,0.12612252334279372,0.001515617939150289,0.0011365652261050626,0.0,0.0,0.0051627290549812474,0.0,0.0029325578938399115,0.0,0.0,0.0015852105165368071
2018-07-23 17:00:00,0.0,0.0,0.0,0.003253437363319414,0.0,0.0,0.0,0.0,0.0,0.0,0.0,5.683566018901582e-07,0.12934580773963322,0.0014596340143002132,0.001114161302035627,0.0,0.0,0.005016401501610007,0.0,0.0016251155240213653,0.0,0.0,0.0018952445557992492
2018-07-23 18:00:00,0.0,0.0,0.0,0.003258225243613043,0.0,0.0,0.0,0.0,0.0,0.0,0.0,5.6919301675544e-07,0.11991995318778534,0.00147191239713505,0.0011351518143252206,0.0,0.0,0.005023783825968015,0.0,0.0006380050267604249,0.0,0.0,0.00245402544280255
2018-07-23 19:00:00,0.0,0.0,0.0,0.0033699164369235036,0.0,0.0,0.0,0.0,0.0,0.0,0.0,5.887048191975877e-07,0.12030471366665568,0.0014837809873863997,0.0011485849356638288,0.0,0.0,0.005195997951297773,0.0,0.00010721390187157745,0.0,0.0,0.0024202765971728323
2018-07-23 20:00:00,0.0,0.0,0.0,0.0037448878784259215,0.0,0.0,0.0,0.0,0.0,0.0,0.0,6.542101510969942e-07,0.11997024285814085,0.0016035005637511576,0.0008704864078233498,0.0,0.0,0.0057741579378464145,0.0,0.0,0.0,0.0,0.0025775606169430054
2018-07-23 21:00:00,0.0,0.0,0.0,0.004625269319809426,0.0,0.0,0.0,0.0,0.0,0.0,0.0,8.080076730758315e-07,0.06491889744375216,0.0019756956503883876,0.000798527665683429,0.0,0.0,0.007131598174544222,0.0,0.0,0.0,0.0,0.0029176930937546315
2018-07-23 22:00:00,0.0,0.0,0.0,0.005706351664744209,0.0,0.0,0.0,0.0,0.0,0.0,0.0,9.828261037365806e-07,0.004095532767092498,0.0023089507821071574,0.0006741748551472944,0.0,0.0,0.008674572136946031,0.0,0.0,0.0,0.0,0.0033771940028301255
2018-07-23 23:00:00,0.0,0.0,0.0,0.005815062813131597,0.0,0.0,0.0,0.0,0.0,0.0,0.0,1.0015498278740932e-06,0.0,0.002301462458905865,0.0005471527486993178,0.0,0.0,0.008839830563727362,0.0,0.0,0.0,0.0,0.003629916372049365
2018-07-24 00:00:00,0.0,0.0,0.0,0.005633406093855005,0.0,0.0,0.0,0.0,0.0,0.0,0.0,9.702624176138308e-07,0.0,0.0022056438445934735,0.0007319094737811726,0.0,0.0,0.00856368313922467,0.0,0.0,0.0,0.0,0.00399438858396424
2018-07-24 01:00:00,0.0,0.0,0.0,0.00583459948786722,0.0,0.0,0.0,0.0,0.0,0.0,0.0,1.0049147017967804e-06,0.0,0.0022749946993066,0.00040077132554732224,0.0,0.0,0.008869529450909037,0.0,0.0,0.0,0.0,0.004425518415659633
2018-07-24 02:00:00,0.0,0.0,0.0,0.005617869843732228,0.0,0.0,0.0,0.0,0.0,0.0,0.0,9.675865516539417e-07,0.0007607600521824338,0.002207709499785305,0.00037753414402723557,0.0,0.0,0.008540065540740457,0.0,0.0,0.0,0.0,0.00486904612666273
2018-07-24 03:00:00,0.0,0.0,0.0,0.005400773959626635,0.0,0.0,0.0007863110047425997,0.0,0.0,0.0,0.0,9.334822319104078e-07,0.002724773490818642,0.0020660325959106687,0.0006643730117802467,0.0,0.0,0.008239055646241307,0.0,0.0004821665806187211,0.0,0.0,0.004725858217808191
2018-07-24 04:00:00,0.0,0.0,0.0,0.004357004458049516,0.0,0.0,0.0018367637015620497,0.0,0.0,0.0,0.0,7.530747030606758e-07,0.05416985959116188,0.0017763228314268459,0.0008810145973159575,0.0,0.0,0.0066467514562066725,0.0,0.0011800361535189905,0.0,0.0,0.0034785276898488234
2018-07-24 05:00:00,0.0,0.0,0.0,0.003485433745485185,0.0,0.0,0.009967271852356378,0.0,0.0,0.0,0.0,6.024304102029644e-07,0.12079460400515318,0.0015451014838666133,0.0008152163578154322,0.0,0.0,0.005317142097597607,0.0,0.0019834270817601315,0.0,0.0,0.0022276185874957077
2018-07-24 06:00:00,0.0,0.0,0.0,0.0032510279243479264,0.0,0.0,0.02066143414801809,0.0,0.0,0.0,0.0,5.599365927211781e-07,0.13381317994161893,0.001422356674916141,0.0010025477706167335,0.0,0.0,0.0049420852246487255,0.0,0.0034198525060361936,0.0,0.0,0.0014077721720431233
2018-07-24 07:00:00,0.0,0.0,0.0,0.003418479945925092,0.0,0.0,0.04546471941984655,0.0,0.0,0.0,0.0,5.887774752322066e-07,0.0724764329189529,0.0015264418746096008,0.000873574345503462,0.0,0.0,0.0051966392244702005,0.0,0.005991062374165635,0.0,0.0,0.0011220596197340864
2018-07-24 08:00:00,0.0,0.0,0.0,0.003277014280218757,0.0,0.0,0.0631893540295606,0.0,0.0,0.0,0.0,5.644123191382225e-07,0.050195521803071526,0.0014439671632782494,0.0004951330241706629,0.0,0.0,0.004981588664293113,0.0,0.007125385396603284,0.0,0.0,0.0009145185362570536
2018-07-24 09:00:00,0.0,0.0,0.0,0.003132924880644419,0.0,0.0,0.06752049826470663,0.0,0.0,0.0,0.0,5.395952676325584e-07,0.03278423321539752,0.0013302568841733029,0.0005833594364923492,0.0,0.0,0.004762549606728676,0.0,0.00756072396608058,0.0,0.0,0.0009782892872004583
2018-07-24 10:00:00,0.0,0.0,0.0,0.0030239728054918037,0.0,0.0,0.07254572094682256,0.0,0.0,0.0,0.0,5.282704770390972e-07,0.016967046927410776,0.0012669772816465636,0.0005045273583014294,0.0,0.0,0.004662595288701002,0.0,0.008081311708080938,0.0,0.0,0.0012239326060695574
2018-07-24 11:00:00,0.0,0.0,0.0,0.0030958537263393086,0.0,0.0,0.07385957257967368,0.0,0.0,0.0,0.0,5.350945008502366e-07,0.01418336707586556,0.0012651328807799739,0.00042785296978779276,0.0,0.0,0.004722825157025531,0.0,0.008437351734541909,0.0,0.0,0.0011128998370755552
2018-07-24 12:00:00,0.0,0.0,0.0,0.0031219870859177856,0.0,0.0,0.06984014165075372,0.0,0.0,0.0,0.0,5.377114106944968e-07,0.011679101031751942,0.0012629172450176927,0.0004139850821563262,0.0,0.0,0.004745922399898522,0.0,0.008272058535839061,0.0,0.0,0.0011300718209684157
2018-07-24 13:00:00,0.0,0.0,0.0,0.0032169097929445932,0.0,0.0,0.05924295070536199,0.0,0.0,0.0,0.0,5.59975534979735e-07,0.015448253017689323,0.0013231331964171189,0.0005731020944487883,0.0,0.0,0.004942428934924372,0.0,0.007786614978563674,0.0,0.0,0.0010441629739414559
2018-07-24 14:00:00,0.0,0.0,0.0,0.003325742627265373,0.0,0.0,0.06932542902154062,0.0,0.0,0.0,0.0,5.809879113410238e-07,0.04241376961578557,0.0013867035396524282,0.0006919989117823443,0.0,0.0,0.005127887353073502,0.0,0.006454438928408306,0.0,0.0,0.0011082360033612339
2018-07-24 15:00:00,0.0,0.0,0.0,0.003549870617105953,0.0,0.0,0.06709741991397568,0.0,0.0,0.0,0.0,6.20141768775149e-07,0.0675241995409128,0.0015471862770636267,0.000870321544457855,0.0,0.0,0.005473465232477335,0.0,0.005146784688626144,0.0,0.0,0.001056757714821396
2018-07-24 16:00:00,0.0,0.0,0.0,0.003319815193977546,0.0,0.0,0.030003762184218026,0.0,0.0,0.0,0.0,5.79952423189513e-07,0.12354905226020739,0.0014859397580395514,0.0011727620214645358,0.0,0.0,0.005118747977722072,0.0,0.003398211754562395,0.0,0.0,0.0007598764349817281
2018-07-24 17:00:00,0.0,0.0,0.0,0.003417867032877387,0.0,0.0,0.0002702399918153962,0.0,0.0,0.0,0.0,5.970815096733962e-07,0.14129927722927682,0.001518993498623838,0.0013103002718712294,0.0,0.0,0.00526993189090826,0.0,0.00195678794499233,0.0,0.0,0.0005039882121400381
2018-07-24 18:00:00,0.0,0.0,0.0,0.003442905378037595,0.0,0.0,0.0,0.0,0.0,0.0,0.0,6.014555630769292e-07,0.14376490456335317,0.0015544543713895955,0.0013037769417982802,0.0,0.0,0.00530853794912705,0.0,0.0007006780793060993,0.0,0.0,0.0004374756322247172
2018-07-24 19:00:00,0.0,0.0,0.0,0.003981098491469276,0.0,0.0,0.0,0.0,0.0,0.0,0.0,6.954747725934221e-07,0.1162320523764478,0.0017452173247225898,0.0013027885179684175,0.0,0.0,0.006138365740746283,0.0,0.00010562638682178598,0.0,0.0,0.0006391841640866946
2018-07-24 20:00:00,0.0,0.0,0.0,0.0044724629076613506,0.0,0.0,0.0,0.0,0.0,0.0,0.0,7.757720518782338e-07,0.10509384721216825,0.0018029874396560215,0.0012890772802277635,0.0,0.0,0.006847081696609101,0.0,0.0,0.0,0.0,0.0008890662354418782
2018-07-24 21:00:00,0.0,0.0,0.0,0.005465860830159557,0.0,0.0,0.0,0.0,0.0,0.0,0.0,9.414054756670719e-07,0.02966252623601125,0.002107761202835994,0.0011849231053603596,0.0,0.0,0.008308987396389663,0.0,0.0,0.0,0.0,0.0016561630626871061
2018-07-24 22:00:00,0.0,0.0,0.0,0.005680715797221074,0.0,0.0,0.0,0.0,0.0,0.0,0.0,1.0215759230753638e-06,0.007409602625688266,0.0021552865173094684,0.0005013220428603446,0.0,0.0,0.009016583914889196,0.0,0.0,0.0,0.0,0.0024737439522161953
2018-07-24 23:00:00,0.0,0.0,0.0,0.0058519926305214826,0.0,0.0,0.0,0.0,0.0,0.0,0.0,1.0523770219731266e-06,0.0019341086632848185,0.002207661175699159,0.0003802067933395182,0.0,0.0,0.009288439081606936,0.0,0.0,0.0,0.0,0.002776648009586838
2018-07-25 00:00:00,0.0,0.0,0.0,0.005984095629410517,0.0,0.0,0.0,0.0,0.0,0.0,0.0,1.0761334019520554e-06,0.0,0.0022107830429018665,0.0004017351441726926,0.0,0.0,0.009498116491533721,0.0,0.0,0.0,0.0,0.0023543053672074074
2018-07-25 01:00:00,0.0,0.0,0.0,0.0063296695964288295,0.0,0.0,0.0,0.0,0.0,0.0,0.0,1.1382787471777832e-06,0.0,0.0023216530315596034,0.0004756888894619953,0.0,0.0,0.010046620726501086,0.0,0.0,0.0,0.0,0.0019265974793243616
2018-07-25 02:00:00,0.0,0.0,0.0,0.006320521956683981,0.0,0.0,0.0,0.0,0.0,0.0,0.0,1.1366337065086345e-06,0.0,0.002375433611014983,0.00043234639750054887,0.0,0.0,0.010032101348252494,0.0,0.0,0.0,0.0,0.0019564113340748675
2018-07-25 03:00:00,0.0,0.0,0.0,0.0059096899541082465,0.0,0.0,0.0,0.0,0.0,0.0,0.0,1.0627528616922968e-06,0.006005760604222328,0.0021972264332416223,0.00036589015470592023,0.0,0.0,0.009380017815406478,0.0,0.00048580714894099863,0.0,0.0,0.0025949927859711067
2018-07-25 04:00:00,0.0,0.0,0.0,0.005295533819933197,0.0,0.0,0.0062856492561849395,0.0,0.0,0.0,0.0,9.523077801078263e-07,0.016537953384348006,0.00209761188453496,0.0006023112916645893,0.0,0.0,0.008405212787606602,0.0,0.001490707624592234,0.0,0.0,0.002575754305382004
2018-07-25 05:00:00,0.0,0.0,0.0,0.003788209724977573,0.0,0.0,0.010705947803307048,0.0,0.0,0.0,0.0,6.812422914186544e-07,0.09889614910891155,0.001664671330238384,0.000839557724216689,0.0,0.0,0.0060127477049931955,0.0,0.002403270426355507,0.0,0.0,0.001617837258910775
2018-07-25 06:00:00,0.0,0.0,0.0,0.003513874292187604,0.0,0.0,0.022252583173062192,0.0,0.0,0.0,0.0,6.319079323363381e-07,0.12712750943565196,0.0015600832647477705,0.0008804721240683045,0.0,0.0,0.005577315175207385,0.0,0.004211038290232057,0.0,0.0,0.0010620177511465353
2018-07-25 07:00:00,0.0,0.0,0.0,0.0032015657852523774,0.0,0.0,0.02154876458001506,0.0,0.0,0.0,0.0,5.757447897597079e-07,0.1134916393837162,0.0014420189445808476,0.0009389310546367919,0.0,0.0,0.005081610767412023,0.0,0.006341824205869445,0.0,0.0,0.0009196168825246722
2018-07-25 08:00:00,0.0,0.0,0.0,0.0030560668219033965,0.0,0.0,0.038886429302989196,0.0,0.0,0.0,0.0,5.495793833046876e-07,0.07340367068782563,0.0013271490398304008,0.0007556985718315035,0.0,0.0,0.004850670924724023,0.0,0.007451685290388715,0.0,0.0,0.0009525046628103694
2018-07-25 09:00:00,0.0,0.0,0.0,0.0030772164027401848,0.0,0.0,0.0454588326425657,0.0,0.0,0.0,0.0,5.533827600862842e-07,0.027144452682646293,0.0012498550689444255,0.0007345896668725169,0.0,0.0,0.004884240104592679,0.0,0.00824543762461764,0.0,0.0,0.0014411123733793546
2018-07-25 10:00:00,0.0,0.0,0.0,0.00316142127961244,0.0,0.0,0.0661157911233559,0.0,0.0,0.0,0.0,5.685255128464736e-07,0.0023299892138783484,0.001215349349398853,0.00044558885174592814,0.0,0.0,0.005017892335308571,0.0,0.00915162686085772,0.0,0.0,0.0013940297700305853
2018-07-25 11:00:00,0.0,0.0,0.0,0.0031260071024324454,0.0,0.0,0.07343927639048466,0.0,0.0,0.0,0.0,5.62156901559793e-07,0.0031657750501211577,0.0011905097919270911,0.0005534296971429636,0.0,0.0,0.004961682006941787,0.0,0.009138160352103653,0.0,0.0,0.0010571557490431452
2018-07-25 12:00:00,0.0,0.0,0.0,0.0032419442138429625,0.0,0.0,0.06431085352991714,0.0,0.0,0.0,0.0,5.830061335642929e-07,0.01175186208546644,0.0012552638016524312,0.0006301386433804933,0.0,0.0,0.005145700488273693,0.0,0.009095819694675315,0.0,0.0,0.001021234561269344
2018-07-25 13:00:00,0.0,0.0,0.0,0.0033429489972795112,0.0,0.0,0.06416800467001423,0.0,0.0,0.0,0.0,6.011700513798429e-07,0.01888304399853728,0.001302044586299808,0.0004795068037915403,0.0,0.0,0.0053060179796198285,0.0,0.008293300813538476,0.0,0.0,0.0011908381771588426
2018-07-25 14:00:00,0.0,0.0,0.0,0.0035165298910027083,0.0,0.0,0.04715451838066646,0.0,0.0,0.0,0.0,6.323854946555417e-07,0.018415411269487994,0.0013950175034757927,0.00045222799554920685,0.0,0.0,0.005581530212610309,0.0,0.006881385528361464,0.0,0.0,0.001980024705866384
2018-07-25 15:00:00,0.0,0.0,0.0,0.003919621804769292,0.0,0.0,0.011431809250539486,0.0,0.0,0.0,0.0,7.048744218593555e-07,0.043089358162114885,0.001602719239376927,0.000669875762543613,0.0,0.0,0.006221328469665806,0.0,0.005662368137172503,0.0,0.0,0.0018630158257579208
2018-07-25 16:00:00,0.0,0.0,0.0,0.003507900763641642,0.0,0.0,0.0,0.0,0.0,0.0,0.0,6.308336992368151e-07,0.12781658223193143,0.00154477987338095,0.0010091389565229571,0.0,0.0,0.005567833831073076,0.0,0.003478158924878494,0.0,0.0,0.001103909574757065
2018-07-25 17:00:00,0.0,0.0,0.0,0.0033404946491203333,0.0,0.0,0.0,0.0,0.0,0.0,0.0,6.007286804196044e-07,0.12925033745380712,0.0014501973294312996,0.0011325333624620834,0.0,0.0,0.0053021223726358625,0.0,0.001803816572844294,0.0,0.0,0.0019299046043680045
2018-07-25 18:00:00,0.0,0.0,0.0,0.00335268875276917,0.0,0.0,0.0,0.0,0.0,0.0,0.0,6.029215735576896e-07,0.12603646181850622,0.0014381126382745657,0.0011090746088446358,0.0,0.0,0.005321477179801251,0.0,0.0006111572825778413,0.0,0.0,0.0023086672254360877
2018-07-25 19:00:00,0.0,0.0,0.0,0.003741433081362445,0.0,0.0,0.0,0.0,0.0,0.0,0.0,6.728303421880897e-07,0.12185071493964489,0.0016242553372347234,0.0009528876890562578,0.0,0.0,0.005938502566269837,0.0,7.668367311497036e-05,0.0,0.0,0.0017975069741007115
2018-07-25 20:00:00,0.0,0.0,0.0,0.004090281193252704,0.0,0.0,0.0,0.0,0.0,0.0,0.0,7.355644842642911e-07,0.10292897412671334,0.0017064748969442354,0.0010353862366091935,0.0,0.0,0.00649220361147049,0.0,0.0,0.0,0.0,0.002125637734661119
2018-07-25 21:00:00,0.0,0.0,0.0,0.004929806586848261,0.0,0.0,0.0,0.0,0.0,0.0,0.0,8.865382276307757e-07,0.003938254685103849,0.0019954608002901194,0.0006706075400422909,0.0,0.0,0.007824720750197566,0.0,0.0,0.0,0.0,0.002708217024021212
2018-07-25 22:00:00,0.0,0.0,0.0,0.005030819733911601,0.0,0.0,0.0,0.0,0.0,0.0,0.0,9.047036494961787e-07,0.0,0.0019378532716865199,0.00035524605064270317,0.0,0.0,0.007985051516515641,0.0,0.0,0.0,0.0,0.0033918957877740563
2018-07-25 23:00:00,0.0,0.0,0.0,0.0050856119866802075,0.0,0.0,0.0,0.0,0.0,0.0,0.0,9.145570637836614e-07,0.0,0.001921641002548404,0.0003304146355164374,0.0,0.0,0.00807201924428256,0.0,0.0,0.0,0.0,0.004043983848653915
2018-07-26 00:00:00,0.0,0.0,0.0,0.0050536580406736675,0.0,0.0,0.0,0.0,0.0,0.0,0.0,9.088107136663928e-07,0.0,0.0018934711680599417,0.0003065919486940343,0.0,0.0,0.008021301087299464,0.0,0.0,0.0,0.0,0.004143944489451794
2018-07-26 01:00:00,0.0,0.0,0.0,0.0053141004501814065,0.0,0.0,0.0,0.0,0.0,0.0,0.0,9.521461218518145e-07,0.0,0.002022527878612791,0.0002857287191840507,0.0,0.0,0.00840378596734005,0.0,0.0,0.0,0.0,0.004110089323606764
2018-07-26 02:00:00,0.0,0.0,0.0,0.005372238712926572,0.0,0.0,0.000315798256622298,0.0,0.0,0.0,0.0,9.661017938661693e-07,0.0,0.002036152187936249,0.00024267099390170812,0.0,0.0,0.008526960843493449,0.0,0.0,0.0,0.0,0.004015709136948663
2018-07-26 03:00:00,0.0,0.0,0.0,0.005199963256310188,0.0,0.0,0.0016106527927616295,0.0,0.0,0.0,0.0,9.351211102871378e-07,0.0018472761194568321,0.0019799501538003933,0.00048811933267836735,0.0,0.0,0.008253520635163126,0.0,0.00033064971264138625,0.0,0.0,0.003816582152188748
2018-07-26 04:00:00,0.0,0.0,0.0,0.004995289642671231,0.0,0.0,0.00408837146779563,0.0,0.0,0.0,0.0,8.983141931228129e-07,0.013808066891688965,0.001995606051889302,0.0006650675183330278,0.0,0.0,0.007928657206254743,0.0,0.0010894308109222022,0.0,0.0,0.0031856712568950753
2018-07-26 05:00:00,0.0,0.0,0.0,0.004357353051553603,0.0,0.0,0.020156238387368818,0.0,0.0,0.0,0.0,7.835926183780697e-07,0.0334694020335428,0.001865246855552552,0.000947045588033994,0.0,0.0,0.006916107201728156,0.0,0.002299465302615427,0.0,0.0,0.002330507352020555
2018-07-26 06:00:00,0.0,0.0,0.0,0.0037053008958774455,0.0,0.0,0.039021507947009114,0.0,0.0,0.0,0.0,6.663326098499175e-07,0.07786473528861887,0.0015012581647993663,0.00105451247136519,0.0,0.0,0.005881152595934547,0.0,0.003845237189255336,0.0,0.0,0.0014590537411157817
2018-07-26 07:00:00,0.0,0.0,0.0,0.0033452488391248632,0.0,0.0,0.06946106043969666,0.0,0.0,0.0,0.0,6.015836371214921e-07,0.0712030517894487,0.00132539853710907,0.0007441401768903827,0.0,0.0,0.005309668350053733,0.0,0.005660887168953935,0.0,0.0,0.0013253748484388036
2018-07-26 08:00:00,0.0,0.0,0.0,0.00328782938936678,0.0,0.0,0.1006414680797988,0.0,0.0,0.0,0.0,5.912577680791105e-07,0.016119486239399683,0.0012847852484421237,0.0004992007336138502,0.0,0.0,0.005218530665020487,0.0,0.00700049337185862,0.0,0.0,0.0013556134615696255
2018-07-26 09:00:00,0.0,0.0,0.0,0.0030108912161525957,0.0,0.0,0.10537050604688401,0.0,0.0,0.0,0.0,5.414553523211382e-07,0.017853487533456353,0.0010866396698923756,0.0005161992111085024,0.0,0.0,0.004778966996082264,0.0,0.007307223836117942,0.0,0.0,0.0013406853821836336
2018-07-26 10:00:00,0.0,0.0,0.0,0.0030261250841326624,0.0,0.0,0.11095970122577226,0.0,0.0,0.0,0.0,5.441948931288931e-07,0.005674632337529494,0.0010320406672811885,0.0003102476873709802,0.0,0.0,0.004803146598423542,0.0,0.008329031866520457,0.0,0.0,0.0012159039240853316
2018-07-26 11:00:00,0.0,0.0,0.0,0.0029623019223759257,0.0,0.0,0.13173242909579222,0.0,0.0,0.0,0.0,5.3271743012729e-07,0.009570639508636427,0.001008794223220282,0.0002808568658236254,0.0,0.0,0.004701844770584403,0.0,0.008546094839116333,0.0,0.0,0.000928977685923749
2018-07-26 12:00:00,0.0,0.0,0.0,0.0029668695617152056,0.0,0.0,0.13116415425489986,0.0,0.0,0.0,0.0,5.335388390026615e-07,0.011761512605814506,0.0009997422829418825,0.000288266361710761,0.0,0.0,0.004709094649801334,0.0,0.008392433262700935,0.0,0.0,0.0007763820283742606
2018-07-26 13:00:00,0.0,0.0,0.0,0.0030186828127092306,0.0,0.0,0.14064828210594066,0.0,0.0,0.0,0.0,5.428565326879626e-07,0.00818423893312292,0.0010155521868275947,0.00036577397529909665,0.0,0.0,0.004791334026345992,0.0,0.007755568454536283,0.0,0.0,0.0009729999593058207
2018-07-26 14:00:00,0.0,0.0,0.0,0.0031578599313969165,0.0,0.0,0.1404502322459137,0.0,0.0,0.0,0.0,5.678850675715233e-07,0.010576392328251213,0.0010723829428454738,0.00043550792997142866,0.0,0.0,0.0050122396682536355,0.0,0.006468169418930283,0.0,0.0,0.0011333254556434732
2018-07-26 15:00:00,0.0,0.0,0.0,0.00360005600277855,0.0,0.0,0.08881671140518603,0.0,0.0,0.0,0.0,6.47406183558874e-07,0.011472034106707763,0.001293875123237073,0.0005655693957183845,0.0,0.0,0.005714105089227039,0.0,0.005404527550826139,0.0,0.0,0.0016362060018975757
2018-07-26 16:00:00,0.0,0.0,0.0,0.003965519069249247,0.0,0.0,0.023014787765321888,0.0,0.0,0.0,0.0,7.131282303583973e-07,0.049929756003143914,0.001566198637899633,0.0008498538899966189,0.0,0.0,0.006294177834326828,0.0,0.004068225865305293,0.0,0.0,0.002167656864832961
2018-07-26 17:00:00,0.0,0.0,0.0,0.0039935296585052425,0.0,0.0,0.0,0.0,0.0,0.0,0.0,7.18165437745022e-07,0.06705971393869396,0.0016882440904334663,0.000556485344721134,0.0,0.0,0.006338636990100071,0.0,0.002224445023432715,0.0,0.0,0.002924090768871198
2018-07-26 18:00:00,0.0,0.0,0.0,0.003998433300561958,0.0,0.0,0.0,0.0,0.0,0.0,0.0,7.190472707462384e-07,0.05134766630163989,0.001698245190339002,0.0010890457349836773,0.0,0.0,0.006346420181808867,0.0,0.0007763165448299645,0.0,0.0,0.003046105524928534
2018-07-26 19:00:00,0.0,0.0,0.0,0.004325018096650942,0.0,0.0,0.0,0.0,0.0,0.0,0.0,7.777777505724237e-07,0.037547564614689825,0.0018011666065107742,0.0009026937354976569,0.0,0.0,0.006864784297243723,0.0,0.00010652566498765201,0.0,0.0,0.0029217904549006784
2018-07-26 20:00:00,0.0,0.0,0.0,0.004723122756030885,0.0,0.0,0.0,0.0,0.0,0.0,0.0,8.493698085813136e-07,0.010309359072459282,0.0019040576530083896,0.0005725232012450013,0.0,0.0,0.007496666650866058,0.0,0.0,0.0,0.0,0.0025641464581776558
2018-07-26 21:00:00,0.0,0.0,0.0,0.0047446003817258435,0.0,0.0,0.0,0.0,0.0,0.0,0.0,8.532321784089904e-07,0.008276605478219366,0.001759008376941796,0.00033581595271192004,0.0,0.0,0.0075307565122997005,0.0,0.0,0.0,0.0,0.0025607049657250898
2018-07-26 22:00:00,0.0,0.0,0.0,0.00511181277975385,0.0,0.0,0.0,0.0,0.0,0.0,0.0,9.19268811444512e-07,0.0,0.0017658574971421842,0.00019100028181363935,0.0,0.0,0.008113605843193336,0.0,0.0,0.0,0.0,0.0024535131598767824
2018-07-26 23:00:00,0.0,0.0,0.0,0.005308494062791559,0.0,0.0,0.0,0.0,0.0,0.0,0.0,9.546384497864237e-07,0.0,0.0017929405228617225,0.0001803741805848018,0.0,0.0,0.008425783631398318,0.0,0.0,0.0,0.0,0.002532546633096848
2018-07-27 00:00:00,0.0,0.0,0.0,0.005329489118935581,0.0,0.0,0.0,0.0,0.0,0.0,0.0,9.51418315138872e-07,0.0,0.0017287419297682453,0.00022716420377448329,0.0,0.0,0.00839736223499394,0.0,0.0,0.0,0.0,0.0027692034390500845
2018-07-27 01:00:00,0.0,0.0,0.0,0.005471520962162636,0.0,0.0,0.0,0.0,0.0,0.0,0.0,9.696957133954407e-07,0.0,0.0017450307589858478,0.00016331232090147904,0.0,0.0,0.008558681321910249,0.0,0.0,0.0,0.0,0.0027840955235722883
2018-07-27 02:00:00,0.0,0.0,0.0,0.005641360556311779,0.0,0.0,0.0,0.0,0.0,0.0,0.0,9.99795703425663e-07,0.0,0.0017925140722079161,0.00017844793190611581,0.0,0.0,0.0088243483955114,0.0,0.0,0.0,0.0,0.0026140997576156225
2018-07-27 03:00:00,0.0,0.0,0.0,0.0059958056286673255,0.0,0.0,0.0,0.0,0.0,0.0,0.0,1.0626125818903777e-06,0.0008772474394285021,0.001971744554447975,0.0002509344661212943,0.0,0.0,0.00937877968461561,0.0,0.00031905577503559343,0.0,0.0,0.0021976114362955864
2018-07-27 04:00:00,0.0,0.0,0.0,0.005325661252843114,0.0,0.0,0.0009849008390098474,0.0,0.0,0.0,0.0,9.43845582168247e-07,0.010389313683216592,0.0018501060612907089,0.0007503642392860948,0.0,0.0,0.008330524146162388,0.0,0.001096445566146365,0.0,0.0,0.001549590908109681
2018-07-27 05:00:00,0.0,0.0,0.0,0.004470834674279487,0.0,0.0,0.007937148774782037,0.0,0.0,0.0,0.0,7.981316591780536e-07,0.06067401648124433,0.0017765842370516636,0.0009945692794232608,0.0,0.0,0.007044430979191911,0.0,0.0023465637121499864,0.0,0.0,0.0008669791010667076
2018-07-27 06:00:00,0.0,0.0,0.0,0.0038868478898398534,0.0,0.0,0.040801611026411985,0.0,0.0,0.0,0.0,6.989806148829155e-07,0.06652544865842626,0.001577909452223186,0.0009789550308191746,0.0,0.0,0.006169308836096869,0.0,0.0040304765686816554,0.0,0.0,0.00044842667080869394
2018-07-27 07:00:00,0.0,0.0,0.0,0.0034796319840909784,0.0,0.0,0.07926884977507821,0.0,0.0,0.0,0.0,6.257500609076788e-07,0.03780350007767012,0.0014121067077699089,0.000792770428102423,0.0,0.0,0.005522964868764709,0.0,0.005964276978960662,0.0,0.0,0.0003095954516541777
2018-07-27 08:00:00,0.0,0.0,0.0,0.0031659517543851674,0.0,0.0,0.1256497000732394,0.0,0.0,0.0,0.0,5.693402383340933e-07,0.024385237041242066,0.0012935082122519906,0.00042679705403327257,0.0,0.0,0.00502508322593235,0.0,0.006912757219553453,0.0,0.0,0.00020422052527260207
2018-07-27 09:00:00,0.0,0.0,0.0,0.003072169610071371,0.0,0.0,0.13924373453165179,0.0,0.0,0.0,0.0,5.524751839879103e-07,0.012770797076840866,0.0011734117330471075,0.00024836262070139574,0.0,0.0,0.004876229700407055,0.0,0.007747645479038435,0.0,0.0,0.0001404415273541758
2018-07-27 10:00:00,0.0,0.0,0.0,0.0030947118704484525,0.0,0.0,0.13825735845804726,0.0,0.0,0.0,0.0,5.565290094695841e-07,0.005661037685415016,0.0011342364732094545,0.00013033198492640673,0.0,0.0,0.004912009378457603,0.0,0.008953765765575421,0.0,0.0,0.000130218395092883
2018-07-27 11:00:00,0.0,0.0,0.0,0.0030784277735355476,0.0,0.0,0.13757857730453182,0.0,0.0,0.0,0.0,5.53600603626189e-07,0.005772711491736076,0.001118944135775198,0.00016287209204409286,0.0,0.0,0.00488616282468964,0.0,0.009290516999856844,0.0,0.0,9.992429914589156e-05
2018-07-27 12:00:00,0.0,0.0,0.0,0.0031375686373952567,0.0,0.0,0.14105162342597127,0.0,0.0,0.0,0.0,5.642360384456023e-07,0.008123933043378915,0.001137354468219907,0.0001009286653687775,0.0,0.0,0.004980032784185055,0.0,0.00920028150125511,0.0,0.0,8.740167592825743e-05
2018-07-27 13:00:00,0.0,0.0,0.0,0.0032016996676240608,0.0,0.0,0.1456285412590249,0.0,0.0,0.0,0.0,5.757688661283062e-07,0.007514743325545707,0.0011492045825455136,9.320440415746411e-05,0.0,0.0,0.005081823269089999,0.0,0.008484083642495715,0.0,0.0,7.774153240277548e-05
2018-07-27 14:00:00,0.0,0.0,0.0,0.0031880362326185685,0.0,0.0,0.15364924049690648,0.0,0.0,0.0,0.0,5.733117398212756e-07,0.0232932018377333,0.0011324540916086783,0.0002003064390483633,0.0,0.0,0.005060136299931477,0.0,0.006623950880791637,0.0,0.0,3.648337617905197e-05
2018-07-27 15:00:00,0.0,0.0,0.0,0.003483405214803722,0.0,0.0,0.14771524192011112,0.0,0.0,0.0,0.0,6.264286094895727e-07,0.015594615386396136,0.00130590056698952,0.00015849667473077605,0.0,0.0,0.00552895384138121,0.0,0.005157367887750345,0.0,0.0,3.101329788421947e-05
2018-07-27 16:00:00,0.0,0.0,0.0,0.0039034830015573286,0.0,0.0,0.13666982381800968,0.0,0.0,0.0,0.0,7.01972144509614e-07,0.016261004610144975,0.0015107377095555541,0.00028243271057346774,0.0,0.0,0.006195712529942553,0.0,0.0038126941293837578,0.0,0.0,4.3960133691310605e-05
2018-07-27 17:00:00,0.0,0.0,0.0,0.004090728275949734,0.0,0.0,0.1409135265195155,0.0,0.0,0.0,0.0,7.356448841531804e-07,0.023056353338695643,0.001647648116684441,0.000424107491237807,0.0,0.0,0.006492913233074272,0.0,0.0021068142672048718,0.0,0.0,6.181783998231696e-05
2018-07-27 18:00:00,0.0,0.0,0.0,0.004099654049531454,0.0,0.0,0.14177712723710073,0.0,0.0,0.0,0.0,7.372500261302477e-07,0.023903692488699876,0.0016614201986159022,0.0005273145133544487,0.0,0.0,0.006507080459419986,0.0,0.0007130809076115797,0.0,0.0,0.00011230882297683781
2018-07-27 19:00:00,0.0,0.0,0.0,0.004093499256600093,0.0,0.0,0.1359187358195177,0.0,0.0,0.0,0.0,7.361431958478265e-07,0.02462746638272207,0.0015505337294962043,0.0006458808737728288,0.0,0.0,0.006497311407609378,0.0,8.034064103892632e-05,0.0,0.0,0.0006059812665631588
2018-07-27 20:00:00,0.0,0.0,0.0,0.004119045563948453,0.0,0.0,0.1342804658453635,0.0,0.0,0.0,0.0,7.407372458658424e-07,0.02871964577294691,0.0014840677371128444,0.00044505870496563005,0.0,0.0,0.00653785918928765,0.0,0.0,0.0,0.0,0.0010341386273288599
2018-07-27 21:00:00,0.0,0.0,0.0,0.004489376725139606,0.0,0.0,0.1442826162466044,0.0,0.0,0.0,0.0,8.073347331089982e-07,0.009934038627865993,0.001517405515909521,0.00028291503822475795,0.0,0.0,0.0071256587044142205,0.0,0.0,0.0,0.0,0.0007831340662176816
2018-07-27 22:00:00,0.0,0.0,0.0,0.005312936803688461,0.0,0.0,0.06435702403085283,0.0,0.0,0.0,0.0,9.248362000961497e-07,0.002463213046063092,0.0016106677011643905,0.0007774560805958873,0.0,0.0,0.008162744459159514,0.0,0.0,0.0,0.0,0.0003782972757628732
2018-07-27 23:00:00,0.0,0.0,0.0,0.005626487839659203,0.0,0.0,0.0,0.0,0.0,0.0,0.0,9.69070861043995e-07,0.0,0.0016947726762071278,0.0008608920450865124,0.0,0.0,0.00855316628036124,0.0,0.0,0.0,0.0,0.00023720856399780775
2018-07-28 00:00:00,0.0,0.0,0.0,0.005790475627027965,0.0,0.0,0.0,0.0,0.0,0.0,0.0,9.973150856535289e-07,0.0,0.0017854690717778363,0.00035614077536932253,0.0,0.0,0.00880245408712179,0.0,0.0,0.0,0.0,0.0003587709959900361
2018-07-28 01:00:00,0.0,0.0,0.0,0.005484422481397503,0.0,0.0,0.0,0.0,0.0,0.0,0.0,9.580967379303574e-07,0.0,0.0017203312782822088,0.0006812651240525884,0.0,0.0,0.008456307006653459,0.0,0.0,0.0,0.0,0.0002016565560847631
2018-07-28 02:00:00,0.0,0.0,0.0,0.00611861636693448,0.0,0.0,0.0,0.0,0.0,0.0,0.0,1.0650828571334174e-06,0.0,0.0018963430932701399,0.00030193279013509216,0.0,0.0,0.009400582708276043,0.0,0.0,0.0,0.0,4.9250183697502364e-05
2018-07-28 03:00:00,0.0,0.0,0.0,0.006183730299565268,0.0,0.0,0.0,0.0,0.0,0.0,0.0,1.0764174022734555e-06,0.0,0.0018883011352485077,0.00033962968273470485,0.0,0.0,0.009500623121410087,0.0,0.0003609020038845349,0.0,0.0,3.997597343135069e-05
2018-07-28 04:00:00,0.0,0.0,0.0,0.005726546795058167,0.0,0.0,0.0,0.0,0.0,0.0,0.0,1.0003944485605562e-06,0.0,0.0017472082791779174,0.00030988740433218124,0.0,0.0,0.00882963301081062,0.0,0.0012637540991298692,0.0,0.0,3.081781303705795e-05
2018-07-28 05:00:00,0.0,0.0,0.0,0.005246800510282111,0.0,0.0,0.009368651425764906,0.0,0.0,0.0,0.0,9.165855603800409e-07,0.007143550253709277,0.0017695359827651282,0.00039011406262887447,0.0,0.0,0.008089923062656884,0.0,0.0029096018646568318,0.0,0.0,4.2704137786596765e-05
2018-07-28 06:00:00,0.0,0.0,0.0,0.004503894508054795,0.0,0.0,0.04263413407259628,0.0,0.0,0.0,0.0,7.868041987622714e-07,0.012936908508197358,0.0015021112498783686,0.00048292239985611273,0.0,0.0,0.006944453096907824,0.0,0.0049823813755394694,0.0,0.0,2.7011600488850376e-06
2018-07-28 07:00:00,0.0,0.0,0.0,0.0038694012591366993,0.0,0.0,0.08871450692388777,0.0,0.0,0.0,0.0,6.75961915169203e-07,0.007041999372525693,0.001234043323413447,0.0004319487079961854,0.0,0.0,0.005966142303984882,0.0,0.0070707684725365,0.0,0.0,1.9846673880052996e-06
2018-07-28 08:00:00,0.0,0.0,0.0,0.0035553288340462773,0.0,0.0,0.140437207062358,0.0,0.0,0.0,0.0,6.210952875573322e-07,0.0,0.0011179711400232818,0.00017923720500737038,0.0,0.0,0.005481881133752785,0.0,0.00824490421244721,0.0,0.0,4.001576178130215e-06
2018-07-28 09:00:00,0.0,0.0,0.0,0.003483843357875792,0.0,0.0,0.14545635601430648,0.0,0.0,0.0,0.0,6.08607190267116e-07,0.0,0.0010581359896115962,0.00011905188930740827,0.0,0.0,0.005371659294522704,0.0,0.009227046016106093,0.0,0.0,2.5106359487790488e-05
2018-07-28 10:00:00,0.0,0.0,0.0,0.003381535009647446,0.0,0.0,0.14584145355038292,0.0,0.0,0.0,0.0,5.907345163378013e-07,0.0,0.0009754168008670723,0.0001289188045559249,0.0,0.0,0.005213912365853918,0.0,0.010166690819337134,0.0,0.0,7.02092493107647e-05
2018-07-28 11:00:00,0.0,0.0,0.0,0.0033646218373543724,0.0,0.0,0.1462130798931722,0.0,0.0,0.0,0.0,5.877798834193834e-07,0.0,0.0009597708297206998,0.00011497778326814272,0.0,0.0,0.005187834327947141,0.0,0.01038703664538211,0.0,0.0,0.0001260345268125331
2018-07-28 12:00:00,0.0,0.0,0.0,0.0033394620230568937,0.0,0.0,0.1491756975095574,0.0,0.0,0.0,0.0,5.833846100634173e-07,0.0,0.0009469212490322402,0.00014569878730004968,0.0,0.0,0.005149040979212334,0.0,0.009977248242841782,0.0,0.0,0.00013917614423946333
2018-07-28 13:00:00,0.0,0.0,0.0,0.0033613988779288818,0.0,0.0,0.13747962168446065,0.0,0.0,0.0,0.0,5.872168511361269e-07,0.0,0.0009474317026946873,9.782177045503584e-05,0.0,0.0,0.005182864919688682,0.0,0.00901080921127829,0.0,0.0,0.00011095893522283555
2018-07-28 14:00:00,0.0,0.0,0.0,0.0034768330049727487,0.0,0.0,0.12790590936904858,0.0,0.0,0.0,0.0,6.07382522351592e-07,0.0,0.0010233657695879425,0.00015852232840713387,0.0,0.0,0.005360850189904269,0.0,0.0072542931922349695,0.0,0.0,8.140631906634069e-05
2018-07-28 15:00:00,0.0,0.0,0.0,0.003958633914224701,0.0,0.0,0.10108925769936311,0.0,0.0,0.0,0.0,6.915503414887769e-07,0.0,0.0011995207162248272,0.00012948945724489206,0.0,0.0,0.006103728117076853,0.0,0.005906632370407408,0.0,0.0,4.019499512636338e-05
2018-07-28 16:00:00,0.0,0.0,0.0,0.004420783987975332,0.0,0.0,0.06773259549619232,0.0,0.0,0.0,0.0,7.722852738534196e-07,0.02485747132078725,0.0014220950433060052,0.0001354173007988694,0.0,0.0,0.006816306865347726,0.0,0.00438524741066548,0.0,0.0,4.917372726062728e-05
2018-07-28 17:00:00,0.0,0.0,0.0,0.004961293732340256,0.0,0.0,0.030390329690373464,0.0,0.0,0.0,0.0,8.667091853321807e-07,0.029234022902484266,0.0016872417998460305,0.0004165973574713608,0.0,0.0,0.007649706617817725,0.0,0.0025360616947824282,0.0,0.0,6.828447441419245e-05
2018-07-28 18:00:00,0.0,0.0,0.0,0.005166336076781086,0.0,0.0,0.001338926185516545,0.0,0.0,0.0,0.0,9.025288914202309e-07,0.04272732062406289,0.0017839271370208853,0.0009857599967780081,0.0,0.0,0.007965856772157009,0.0,0.0007698465909190032,0.0,0.0,0.00017193500347878048
2018-07-28 19:00:00,0.0,0.0,0.0,0.005064795549852917,0.0,0.0,0.0,0.0,0.0,0.0,0.0,8.847903514103044e-07,0.05690515019028619,0.0017389562006111063,0.0010405450192801217,0.0,0.0,0.007809293729788475,0.0,3.7405873042679856e-05,0.0,0.0,0.00020554387176661181
2018-07-28 20:00:00,0.0,0.0,0.0,0.005156844489075512,0.0,0.0,0.0,0.0,0.0,0.0,0.0,9.008707662029747e-07,0.059072646582686045,0.001807241745107289,0.0008919503351393081,0.0,0.0,0.007951221907703884,0.0,0.0,0.0,0.0,0.0003731708591043674
2018-07-28 21:00:00,0.0,0.0,0.0,0.005709651016870196,0.0,0.0,0.0,0.0,0.0,0.0,0.0,9.974428542912241e-07,0.041113491847893785,0.002000196256267221,0.00045974259875622805,0.0,0.0,0.008803581792481174,0.0,0.0,0.0,0.0,0.0006727691803691641
2018-07-28 22:00:00,0.0,0.0,0.0,0.006038232764432979,0.0,0.0,0.0,0.0,0.0,0.0,0.0,1.054844176226426e-06,0.009071189749528103,0.002004218473994828,0.0005268891726506232,0.0,0.0,0.009310214558938943,0.0,0.0,0.0,0.0,0.0010318163821947438
2018-07-28 23:00:00,0.0,0.0,0.0,0.005726248856720955,0.0,0.0,0.0,0.0,0.0,0.0,0.0,1.0003424004643429e-06,0.0,0.0018172904500523511,0.0005810250343369397,0.0,0.0,0.008829173626425652,0.0,0.0,0.0,0.0,0.0011196495017114056
2018-07-29 00:00:00,0.0,0.0,0.0,0.0057124450861315,0.0,0.0,0.0,0.0,0.0,0.0,0.0,9.979309619550457e-07,0.0,0.0017863982140965144,0.00025692939940503165,0.0,0.0,0.008807889904693824,0.0,0.0,0.0,0.0,0.0017576169206172103
2018-07-29 01:00:00,0.0,0.0,0.0,0.005468829273722183,0.0,0.0,0.0,0.0,0.0,0.0,0.0,9.553726951604453e-07,0.0,0.0016959483120140668,0.0002988144508025906,0.0,0.0,0.008432264192342878,0.0,0.0,0.0,0.0,0.0025746178342646964
2018-07-29 02:00:00,0.0,0.0,0.0,0.005162387519081687,0.0,0.0,0.0,0.0,0.0,0.0,0.0,9.018391013349198e-07,0.0,0.0015034386682411843,0.00047711442583961384,0.0,0.0,0.00795976858032772,0.0,0.0,0.0,0.0,0.0035828246218692814
2018-07-29 03:00:00,0.0,0.0,0.0,0.005115800689099494,0.0,0.0,0.0,0.0,0.0,0.0,0.0,8.937006528496235e-07,0.0,0.0013960657334801082,0.00018568787978685277,0.0,0.0,0.0078879374006306,0.0,0.00023997905930958014,0.0,0.0,0.004105941426078876
2018-07-29 04:00:00,0.0,0.0,0.0,0.0052194805729310085,0.0,0.0,0.0,0.0,0.0,0.0,0.0,9.118129260789206e-07,0.0,0.0013634837552321877,0.00018587434214386312,0.0,0.0,0.008047799069031834,0.0,0.0010496672050424067,0.0,0.0,0.0038806037768890503
2018-07-29 05:00:00,0.0,0.0,0.0,0.004782494625576344,0.0,0.0,0.00021007600651358986,0.0,0.0,0.0,0.0,8.354740203687925e-07,0.0,0.001333397231272841,0.0002441620029258224,0.0,0.0,0.007374020318222919,0.0,0.0024011369090185916,0.0,0.0,0.003185200318108919
2018-07-29 06:00:00,0.0,0.0,0.0,0.004429011909771856,0.0,0.0,0.004659446634669105,0.0,0.0,0.0,0.0,7.737226439794329e-07,0.0,0.001192188531494439,0.00016541339140998076,0.0,0.0,0.006828993311910541,0.0,0.0044466525212577945,0.0,0.0,0.002552613539344132
2018-07-29 07:00:00,0.0,0.0,0.0,0.003954119829498677,0.0,0.0,0.028952296808286326,0.0,0.0,0.0,0.0,6.957312661621654e-07,0.0,0.001062170154418737,0.0001338202427743588,0.0,0.0,0.006140629591855108,0.0,0.00688982378332254,0.0,0.0,0.002655275347547978
2018-07-29 08:00:00,0.0,0.0,0.0,0.003620598268752859,0.0,0.0,0.054267859376010884,0.0,0.0,0.0,0.0,6.416641086483045e-07,0.0,0.0009999037836857254,0.00011075141425175507,0.0,0.0,0.005663424665866171,0.0,0.008112096083960066,0.0,0.0,0.002082769518605654
2018-07-29 09:00:00,0.0,0.0,0.0,0.003587120318267222,0.0,0.0,0.05522958931120123,0.0,0.0,0.0,0.0,6.427170001156807e-07,0.0,0.0009954065616837413,0.00010866405916523619,0.0,0.0,0.005672717645520868,0.0,0.009260609081353215,0.0,0.0,0.0016749800273493912
2018-07-29 10:00:00,0.0,0.0,0.0,0.00358523525288136,0.0,0.0,0.06163654934985465,0.0,0.0,0.0,0.0,6.471200525471542e-07,0.0,0.0009787417917350818,0.00012218548983951413,0.0,0.0,0.0057115796535550075,0.0,0.010506301954777747,0.0,0.0,0.00143420933351187
2018-07-29 11:00:00,0.0,0.0,0.0,0.003519183697454153,0.0,0.0,0.07778101757524819,0.0,0.0,0.0,0.0,6.423084471074116e-07,0.0,0.0009519470451999233,0.00011791751659551423,0.0,0.0,0.005669111694754479,0.0,0.010820834014112475,0.0,0.0,0.0012989723297370287
2018-07-29 12:00:00,0.0,0.0,0.0,0.0034310187133753983,0.0,0.0,0.08624832562402429,0.0,0.0,0.0,0.0,6.26216898929963e-07,0.0,0.0009222266292463456,0.00010521932528268827,0.0,0.0,0.005527085251897775,0.0,0.01019050516795265,0.0,0.0,0.0012720895609819106
2018-07-29 13:00:00,0.0,0.0,0.0,0.003540274720400049,0.0,0.0,0.07919764163269732,0.0,0.0,0.0,0.0,6.461579029360702e-07,0.0,0.0009280884944364821,0.00012352464819077478,0.0,0.0,0.005703087575275695,0.0,0.009449133754568791,0.0,0.0,0.0011822761307454675
2018-07-29 14:00:00,0.0,0.0,0.0,0.0039364971054649985,0.0,0.0,0.06347691793705561,0.0,0.0,0.0,0.0,7.105213560792038e-07,0.0,0.001014427968101562,0.00014734925262864838,0.0,0.0,0.006271169166871986,0.0,0.008142082852040477,0.0,0.0,0.0010987920433067446
2018-07-29 15:00:00,0.0,0.0,0.0,0.004155206643385986,0.0,0.0,0.03348200127221378,0.0,0.0,0.0,0.0,7.4724017426861e-07,0.0,0.0011587137966955572,0.0003238025844917206,0.0,0.0,0.006595255020876512,0.0,0.006183980700099522,0.0,0.0,0.0009826397173935363
2018-07-29 16:00:00,0.0,0.0,0.0,0.00474790259955763,0.0,0.0,0.016037382032246885,0.0,0.0,0.0,0.0,8.538260236830937e-07,0.02052549975143972,0.0014689854245120663,0.0007447798425220608,0.0,0.0,0.0075359978806850214,0.0,0.004742119273739321,0.0,0.0,0.0008923498794351867
2018-07-29 17:00:00,0.0,0.0,0.0,0.0054750098473944665,0.0,0.0,0.0,0.0,0.0,0.0,0.0,9.845833585680862e-07,0.03989639931676147,0.0016930097566845567,0.0009587413390665625,0.0,0.0,0.008690081934397421,0.0,0.0027956455295405185,0.0,0.0,0.0008792924250624934
2018-07-29 18:00:00,0.0,0.0,0.0,0.005509290631969133,0.0,0.0,0.0,0.0,0.0,0.0,0.0,9.907481493084968e-07,0.07872473057958497,0.001689417779912283,0.0009881924896210214,0.0,0.0,0.008744493311734224,0.0,0.0007991347259825035,0.0,0.0,0.0011552253315885242
2018-07-29 19:00:00,0.0,0.0,0.0,0.005340315111890396,0.0,0.0,0.0,0.0,0.0,0.0,0.0,9.603609007533026e-07,0.09390350456243794,0.0015874922538650553,0.0011453666041279487,0.0,0.0,0.008476290850858203,0.0,3.6352965993691125e-05,0.0,0.0,0.001158765074140465
2018-07-29 20:00:00,0.0,0.0,0.0,0.0055083609115669134,0.0,0.0,0.0,0.0,0.0,0.0,0.0,9.905809555934787e-07,0.11386630130207773,0.0016273845001413482,0.0012328302177822957,0.0,0.0,0.008743017634667593,0.0,0.0,0.0,0.0,0.0009577691535146688
2018-07-29 21:00:00,0.0,0.0,0.0,0.005987364411189798,0.0,0.0,0.0,0.0,0.0,0.0,0.0,1.0767212343454899e-06,0.11293198550287349,0.0017100091115212343,0.0006500260563459875,0.0,0.0,0.009503304789323017,0.0,0.0,0.0,0.0,0.0010839669261155926
2018-07-29 22:00:00,0.0,0.0,0.0,0.006361727657094402,0.0,0.0,0.0,0.0,0.0,0.0,0.0,1.1482653843819728e-06,0.024048811814807333,0.0018181499413915312,0.0004462299310503062,0.0,0.0,0.01013476429992053,0.0,0.0,0.0,0.0,0.0011990701124944437
2018-07-29 23:00:00,0.0,0.0,0.0,0.006677121606587668,0.0,0.0,0.0,0.0,0.0,0.0,0.0,1.2007618251335651e-06,0.0,0.0018711445382002853,0.00039880279242786044,0.0,0.0,0.010598105841726642,0.0,0.0,0.0,0.0,0.0013159226796691952
2018-07-30 00:00:00,0.0,0.0,0.0,0.006122261182146907,0.0,0.0,0.0,0.0,0.0,0.0,0.0,1.1009800246510722e-06,0.0,0.0016158640363841924,0.0003529941667434768,0.0,0.0,0.009717416548932144,0.0,0.0,0.0,0.0,0.001179707684757737
2018-07-30 01:00:00,0.0,0.0,0.0,0.006118464851025454,0.0,0.0,0.0,0.0,0.0,0.0,0.0,1.100297321870624e-06,0.0,0.0016279490360989093,0.0002658762812564791,0.0,0.0,0.009711390910729641,0.0,0.0,0.0,0.0,0.0011042584297304406
2018-07-30 02:00:00,0.0,0.0,0.0,0.006077731954060758,0.0,0.0,0.0,0.0,0.0,0.0,0.0,1.0929722332195428e-06,0.0,0.0016041113234417622,0.0003612882015784372,0.0,0.0,0.00964673856819239,0.0,0.0,0.0,0.0,0.0009274818824319132
2018-07-30 03:00:00,0.0,0.0,0.0,0.006080525169981336,0.0,0.0,0.0051827891813815774,0.0,0.0,0.0,0.0,1.0934745435329384e-06,0.0,0.0016392143760192305,0.0003840451605817363,0.0,0.0,0.009651172035142564,0.0,0.0002824876312865751,0.0,0.0,0.0011753388805307698
2018-07-30 04:00:00,0.0,0.0,0.0,0.005672091013469595,0.0,0.0,0.03379614575917254,0.0,0.0,0.0,0.0,1.0275806488427574e-06,0.02019825272217266,0.0016434741749698238,0.0004145135074981598,0.0,0.0,0.009069582534516618,0.0,0.0012039717101259063,0.0,0.0,0.0013643179549608674
2018-07-30 05:00:00,0.0,0.0,0.0,0.004324238566637257,0.0,0.0,0.0540086316687446,0.0,0.0,0.0,0.0,7.892440967682506e-07,0.026714211888486994,0.001483335299037507,0.00075965385703644,0.0,0.0,0.006965988006470351,0.0,0.002385461635679031,0.0,0.0,0.0008537291607995606
2018-07-30 06:00:00,0.0,0.0,0.0,0.0038318089149245787,0.0,0.0,0.08627333080571986,0.0,0.0,0.0,0.0,6.993676503838161e-07,0.04338508249099167,0.001318971927822097,0.0006658312250251713,0.0,0.0,0.006172724870082289,0.0,0.004276149794352206,0.0,0.0,0.00046296497580746945
2018-07-30 07:00:00,0.0,0.0,0.0,0.003408873113033809,0.0,0.0,0.092238767767338,0.0,0.0,0.0,0.0,6.221749655191107e-07,0.058481701527667546,0.0011488131404788961,0.0005243280065113482,0.0,0.0,0.0054914105350665175,0.0,0.006550955173684588,0.0,0.0,0.0004994631313895542
2018-07-30 08:00:00,0.0,0.0,0.0,0.00325658902405469,0.0,0.0,0.11918973280778387,0.0,0.0,0.0,0.0,5.943806344695251e-07,0.03790620350890772,0.0010154436280958143,0.0004127704361676887,0.0,0.0,0.0052460935570465585,0.0,0.007938664476483937,0.0,0.0,0.0006258486078168778
2018-07-30 09:00:00,0.0,0.0,0.0,0.0030104065060926125,0.0,0.0,0.12871321648304096,0.0,0.0,0.0,0.0,5.494483079951768e-07,0.029997066966026446,0.0009299991499120293,0.0003314912172966679,0.0,0.0,0.0048495140341780745,0.0,0.00825031158785602,0.0,0.0,0.0007704948832198573
2018-07-30 10:00:00,0.0,0.0,0.0,0.0028885000867993607,0.0,0.0,0.13858646951285325,0.0,0.0,0.0,0.0,5.271983973339862e-07,0.020093230275564793,0.0008499554942665667,0.00025898993832992244,0.0,0.0,0.004653132950752116,0.0,0.008765007081267703,0.0,0.0,0.0009822975993317212
2018-07-30 11:00:00,0.0,0.0,0.0,0.002952644463279296,0.0,0.0,0.13871680059533156,0.0,0.0,0.0,0.0,5.389057926817497e-07,0.014469764246099104,0.000847355157298201,0.00020808648902173558,0.0,0.0,0.004756464196324263,0.0,0.009423349986090368,0.0,0.0,0.0009571840968056181
2018-07-30 12:00:00,0.0,0.0,0.0,0.0029672784714194563,0.0,0.0,0.13765443564669247,0.0,0.0,0.0,0.0,5.415767379496149e-07,0.015387780828391167,0.0008549402285751063,0.0002017530413263112,0.0,0.0,0.004780038364034954,0.0,0.009385906841177448,0.0,0.0,0.000972575276685717
2018-07-30 13:00:00,0.0,0.0,0.0,0.003037429332575675,0.0,0.0,0.12558913747834885,0.0,0.0,0.0,0.0,5.543804147582722e-07,0.017146383294665373,0.0008702429624460346,0.0003112701784591588,0.0,0.0,0.004893045555920253,0.0,0.00875667659882911,0.0,0.0,0.0010397101600702983
2018-07-30 14:00:00,0.0,0.0,0.0,0.003173703660384576,0.0,0.0,0.1286675345463689,0.0,0.0,0.0,0.0,5.792527031639222e-07,0.029199047051708293,0.0009490152224620388,0.0004124898708157301,0.0,0.0,0.00511257214273501,0.0,0.007258098541455954,0.0,0.0,0.0011768629005858699
2018-07-30 15:00:00,0.0,0.0,0.0,0.003427433154796787,0.0,0.0,0.09502961954240467,0.0,0.0,0.0,0.0,6.255624759840094e-07,0.05374639713583666,0.0010636097169373652,0.0005310272538979441,0.0,0.0,0.0055213092158002755,0.0,0.005779325529317385,0.0,0.0,0.0013087778345682887
2018-07-30 16:00:00,0.0,0.0,0.0,0.003975712761311277,0.0,0.0,0.019924290079612775,0.0,0.0,0.0,0.0,7.256324504203389e-07,0.07411117568771337,0.0013257933209576945,0.0007983380303306278,0.0,0.0,0.006404541975583532,0.0,0.004589454972125419,0.0,0.0,0.0011876319805964835
2018-07-30 17:00:00,0.0,0.0,0.0,0.004251321875487335,0.0,0.0,0.0,0.0,0.0,0.0,0.0,7.759356108558504e-07,0.123967332705345,0.0014253138563464038,0.0008327806524353666,0.0,0.0,0.006848525292932589,0.0,0.0025411426796944875,0.0,0.0,0.0011835766692543457
2018-07-30 18:00:00,0.0,0.0,0.0,0.004335560509480264,0.0,0.0,0.0,0.0,0.0,0.0,0.0,7.913105360766026e-07,0.10618782943891841,0.0015185461725377126,0.0009399217235995248,0.0,0.0,0.006984226712970688,0.0,0.0007355781584774696,0.0,0.0,0.0010804178015971807
2018-07-30 19:00:00,0.0,0.0,0.0,0.004663980846973848,0.0,0.0,0.0,0.0,0.0,0.0,0.0,8.512526064853167e-07,0.06338205204694579,0.001603275926077372,0.0007084748931726355,0.0,0.0,0.007513284510501117,0.0,3.611935523087581e-05,0.0,0.0,0.0010096518126134978
2018-07-30 20:00:00,0.0,0.0,0.0,0.005278111470348514,0.0,0.0,0.0,0.0,0.0,0.0,0.0,9.633414659859585e-07,0.04908097220887063,0.0017051598190997441,0.0007409226737794518,0.0,0.0,0.008502597771300437,0.0,0.0,0.0,0.0,0.0006596719302996364
2018-07-30 21:00:00,0.0,0.0,0.0,0.005681999849703602,0.0,0.0,0.0,0.0,0.0,0.0,0.0,1.0293757766611294e-06,0.010440505287540354,0.0017902284131562115,0.0003498225612567315,0.0,0.0,0.009085426604689667,0.0,0.0,0.0,0.0,0.00046230966628665236
2018-07-30 22:00:00,0.0,0.0,0.0,0.00620699423479971,0.0,0.0,0.0,0.0,0.0,0.0,0.0,1.1162177604521e-06,0.0,0.0017916330815663125,0.0003091309525668884,0.0,0.0,0.009851907114360969,0.0,0.0,0.0,0.0,0.0005286088984422203
2018-07-30 23:00:00,0.0,0.0,0.0,0.006267358790774923,0.0,0.0,0.0,0.0,0.0,0.0,0.0,1.1270732545821847e-06,0.0,0.0016712838286786504,0.00040129834409327435,0.0,0.0,0.009947719350681925,0.0,0.0,0.0,0.0,0.0007974450706586759
2018-07-31 00:00:00,0.0,0.0,0.0,0.00607238555098897,0.0,0.0,0.0,0.0,0.0,0.0,0.0,1.0920107775072422e-06,0.0,0.0016050703907226312,0.0003642545583505949,0.0,0.0,0.0096382526143689,0.0,0.0,0.0,0.0,0.0013455643446706647
2018-07-31 01:00:00,0.0,0.0,0.0,0.005669886922700691,0.0,0.0,0.0,0.0,0.0,0.0,0.0,1.0196285421679365e-06,0.0,0.0015854325503595868,0.00045650268263635306,0.0,0.0,0.008999396035878491,0.0,0.0,0.0,0.0,0.0013733080767129474
2018-07-31 02:00:00,0.0,0.0,0.0,0.005491571406419374,0.0,0.0,0.0,0.0,0.0,0.0,0.0,9.875616610483322e-07,0.0,0.0015183380157559475,0.0005586223975225946,0.0,0.0,0.00871636888344397,0.0,0.0,0.0,0.0,0.0014509173364697808
2018-07-31 03:00:00,0.0,0.0,0.0,0.006040186320244401,0.0,0.0,0.0,0.0,0.0,0.0,0.0,1.0862203172827944e-06,0.0,0.0016597427877821707,0.00031658882434654445,0.0,0.0,0.009587145134895041,0.0,0.00025782037002982386,0.0,0.0,0.0016865833912010064
2018-07-31 04:00:00,0.0,0.0,0.0,0.005587825845512863,0.0,0.0,0.0,0.0,0.0,0.0,0.0,1.0048713137359627e-06,0.0234948549640853,0.0016136967863601816,0.000339129886879104,0.0,0.0,0.008869146501308886,0.0,0.001162324729729775,0.0,0.0,0.0017312546234763387
2018-07-31 05:00:00,0.0,0.0,0.0,0.004274862524952465,0.0,0.0,0.00685250705542223,0.0,0.0,0.0,0.0,7.687581610903534e-07,0.06276273277796962,0.0014252777831475951,0.000666656114064464,0.0,0.0,0.006785176033573888,0.0,0.0023310560006476063,0.0,0.0,0.0011108795587352848
2018-07-31 06:00:00,0.0,0.0,0.0,0.003766273504973128,0.0,0.0,0.017158052785111944,0.0,0.0,0.0,0.0,6.772974515428791e-07,0.0991821683949184,0.0013155108766427736,0.0007924520855244951,0.0,0.0,0.005977929950416862,0.0,0.004148451163193967,0.0,0.0,0.0006909254218717188
2018-07-31 07:00:00,0.0,0.0,0.0,0.0033792365120766076,0.0,0.0,0.06322955891291772,0.0,0.0,0.0,0.0,6.076957169382377e-07,0.07512771672649639,0.0011507788070244276,0.0005379506614114927,0.0,0.0,0.005363614492790028,0.0,0.0064058778390879865,0.0,0.0,0.0006854364748159494
2018-07-31 08:00:00,0.0,0.0,0.0,0.0032906847732341554,0.0,0.0,0.10670376448560087,0.0,0.0,0.0,0.0,5.83194863148175e-07,0.016421249713142752,0.0010690917453122378,0.0003532237149953868,0.0,0.0,0.005147366244182632,0.0,0.0078007832604075796,0.0,0.0,0.0009278880497594903
2018-07-31 09:00:00,0.0,0.0,0.0,0.0031206802655583386,0.0,0.0,0.13731898607178503,0.0,0.0,0.0,0.0,5.451647083528869e-07,0.009220967863570455,0.0009505788609365287,0.00026660416974650454,0.0,0.0,0.004811706334564105,0.0,0.00820710374671012,0.0,0.0,0.0011488168353734826
2018-07-31 10:00:00,0.0,0.0,0.0,0.0029930722758004396,0.0,0.0,0.14516020297953353,0.0,0.0,0.0,0.0,5.228723340626881e-07,0.009866537730595863,0.0008474296739462014,0.00015150711659241554,0.0,0.0,0.0046149504607132415,0.0,0.008717663204867823,0.0,0.0,0.0011327559494936912
2018-07-31 11:00:00,0.0,0.0,0.0,0.0029351820697786474,0.0,0.0,0.14966299290105295,0.0,0.0,0.0,0.0,5.127592514663485e-07,0.016196726849716472,0.000817372515371007,0.000161583923463756,0.0,0.0,0.004525690861100129,0.0,0.00883914207972279,0.0,0.0,0.001204668890266374
2018-07-31 12:00:00,0.0,0.0,0.0,0.0029867166813292542,0.0,0.0,0.14992920570358734,0.0,0.0,0.0,0.0,5.217620486404573e-07,0.0072406084538301115,0.0008195835873182538,0.00014907043874221786,0.0,0.0,0.004605150913315056,0.0,0.0087652458716939,0.0,0.0,0.0012231594460435345
2018-07-31 13:00:00,0.0,0.0,0.0,0.0030754906772879,0.0,0.0,0.15077851992822297,0.0,0.0,0.0,0.0,5.372703498753666e-07,0.007043954998265102,0.0008609227321058724,0.00016403909347520592,0.0,0.0,0.004742029530266979,0.0,0.00811354274566521,0.0,0.0,0.0012579526366427332
2018-07-31 14:00:00,0.0,0.0,0.0,0.0032325630596665906,0.0,0.0,0.14123400207806486,0.0,0.0,0.0,0.0,5.647099823410309e-07,0.004301253671402815,0.000945290388125942,0.00016488524560884373,0.0,0.0,0.004984215884831372,0.0,0.006631361583818823,0.0,0.0,0.0014348564832945803
2018-07-31 15:00:00,0.0,0.0,0.0,0.00345576858848971,0.0,0.0,0.13724074680291304,0.0,0.0,0.0,0.0,6.037026911957575e-07,0.011421462935124882,0.0010522295501903887,0.000354593257178135,0.0,0.0,0.005328371442451686,0.0,0.005053167352830025,0.0,0.0,0.001558413794180408
2018-07-31 16:00:00,0.0,0.0,0.0,0.003770630483949308,0.0,0.0,0.08286410212835105,0.0,0.0,0.0,0.0,6.587072346935701e-07,0.04190500735795953,0.0012254751777671974,0.000694647387668402,0.0,0.0,0.005813849879193984,0.0,0.0036149709300455383,0.0,0.0,0.0016106334161334734
2018-07-31 17:00:00,0.0,0.0,0.0,0.004155129733139664,0.0,0.0,0.006096112702293682,0.0,0.0,0.0,0.0,7.2587701923068e-07,0.0890746774267671,0.0013979561094944995,0.0007875970357949589,0.0,0.0,0.006406700576967526,0.0,0.0019649002704286516,0.0,0.0,0.001577584825087413
2018-07-31 18:00:00,0.0,0.0,0.0,0.004308472049046057,0.0,0.0,0.0,0.0,0.0,0.0,0.0,7.526650307587718e-07,0.08671042740523302,0.0014148485305178304,0.0008048527649939692,0.0,0.0,0.006643135626385031,0.0,0.000560412626881237,0.0,0.0,0.0016865138185697148
2018-07-31 19:00:00,0.0,0.0,0.0,0.00445532498393622,0.0,0.0,0.0,0.0,0.0,0.0,0.0,7.783193851326367e-07,0.06837773101390437,0.0013739455407634354,0.000780280797473612,0.0,0.0,0.006869564845955818,0.0,2.2456822417345058e-05,0.0,0.0,0.0017660119159849858
2018-07-31 20:00:00,0.0,0.0,0.0,0.004868948967951581,0.0,0.0,0.0,0.0,0.0,0.0,0.0,8.505770916020143e-07,0.0354778211299632,0.0014413159969270074,0.0006837780158527085,0.0,0.0,0.007507322313768135,0.0,0.0,0.0,0.0,0.0017195615480232877
2018-07-31 21:00:00,0.0,0.0,0.0,0.005589620690857691,0.0,0.0,0.0,0.0,0.0,0.0,0.0,9.764742538241071e-07,0.003023007605270938,0.001587593077810146,0.0004001542414957599,0.0,0.0,0.008618509747008155,0.0,0.0,0.0,0.0,0.0013665570101639647
2018-07-31 22:00:00,0.0,0.0,0.0,0.005248199404006031,0.0,0.0,0.0,0.0,0.0,0.0,0.0,9.16829938984743e-07,0.0,0.0016348513168696723,0.0003675602578806468,0.0,0.0,0.008092079985257081,0.0,0.0,0.0,0.0,0.0011286873122183078
2018-07-31 23:00:00,0.0,0.0,0.0,0.005754880201925622,0.0,0.0,0.0,0.0,0.0,0.0,0.0,1.0053441300969875e-06,0.0,0.0018026362588542452,0.0003360030410855803,0.0,0.0,0.008873319650165683,0.0,0.0,0.0,0.0,0.0011369806987901146
2018-08-01 00:00:00,0.0,0.0,0.0,0.005484135155945092,0.0,0.0,0.0,0.0,0.0,0.0,0.0,9.58046543843448e-07,0.0,0.0017326344621752504,0.00034487395880665586,0.0,0.0,0.008455863986035579,0.0,0.0,0.0,0.0,0.000876588682881605
2018-08-01 01:00:00,0.0,0.0,0.0,0.0053435697304840485,0.0,0.0,0.0,0.0,0.0,0.0,0.0,9.334905808306018e-07,0.0,0.0016746092096403232,0.00032224149870394844,0.0,0.0,0.0082391293350762,0.0,0.0,0.0,0.0,0.0010154833521549879
2018-08-01 02:00:00,0.0,0.0,0.0,0.005413231900097995,0.0,0.0,0.0,0.0,0.0,0.0,0.0,9.45660157060489e-07,0.0,0.0016703327111347295,0.0002672129320171279,0.0,0.0,0.008346539859156578,0.0,0.0,0.0,0.0,0.0011246554242211801
2018-08-01 03:00:00,0.0,0.0,0.0,0.006029922424156376,0.0,0.0,0.0,0.0,0.0,0.0,0.0,1.0533924080708708e-06,0.0,0.0019180545368516183,0.0002900789168803953,0.0,0.0,0.009297401033185396,0.0,0.0002203934672728097,0.0,0.0,0.0011307823470524366
2018-08-01 04:00:00,0.0,0.0,0.0,0.005401583967908355,0.0,0.0,0.0003321781960414833,0.0,0.0,0.0,0.0,9.436253309922236e-07,0.0,0.0018138736935346396,0.000339929453141446,0.0,0.0,0.00832858017590417,0.0,0.001019412298469555,0.0,0.0,0.0008642187272625231
2018-08-01 05:00:00,0.0,0.0,0.0,0.004551033126647471,0.0,0.0,0.0074865855202626095,0.0,0.0,0.0,0.0,7.950390415114168e-07,0.021011022435465584,0.001694257448022683,0.0004513837173674625,0.0,0.0,0.007017135066986037,0.0,0.002307498830651462,0.0,0.0,0.00048513620342935073
2018-08-01 06:00:00,0.0,0.0,0.0,0.003910908808235401,0.0,0.0,0.0549816117590946,0.0,0.0,0.0,0.0,6.832130427994756e-07,0.02931620669729406,0.0014939138891327376,0.00047526450747245635,0.0,0.0,0.006030141855343827,0.0,0.004109171076090457,0.0,0.0,0.0002229442183912265
2018-08-01 07:00:00,0.0,0.0,0.0,0.0035859059391093037,0.0,0.0,0.0894131750187753,0.0,0.0,0.0,0.0,6.264369301305671e-07,0.020329295404248365,0.001336646033591121,0.0004438785154810993,0.0,0.0,0.005529027280619603,0.0,0.006533390891567358,0.0,0.0,0.00014086762748183118
2018-08-01 08:00:00,0.0,0.0,0.0,0.0033324117021775834,0.0,0.0,0.11092647369593504,0.0,0.0,0.0,0.0,5.821529599746904e-07,0.0159399193834258,0.001240740901402237,0.0005419057004711535,0.0,0.0,0.005138170248875077,0.0,0.007788223983303186,0.0,0.0,0.00012710517374595788
2018-08-01 09:00:00,0.0,0.0,0.0,0.003027418546484897,0.0,0.0,0.1256750915739275,0.0,0.0,0.0,0.0,5.288724279676468e-07,0.026784216542007487,0.0011624016841832502,0.0004898883317219735,0.0,0.0,0.004667908198820861,0.0,0.008074362497472785,0.0,0.0,0.00010465115163661461
2018-08-01 10:00:00,0.0,0.0,0.0,0.003027297067318349,0.0,0.0,0.14498498703577603,0.0,0.0,0.0,0.0,5.288512062631573e-07,0.022385988296413604,0.0010807660422721597,0.0002479769954007091,0.0,0.0,0.00466772089284093,0.0,0.009073076649247202,0.0,0.0,9.750629205913214e-05
2018-08-01 11:00:00,0.0,0.0,0.0,0.0030421131973228065,0.0,0.0,0.14487275413079104,0.0,0.0,0.0,0.0,5.314394980795103e-07,0.020975650060823223,0.001056250061656522,0.00030394863937021385,0.0,0.0,0.004690565548662605,0.0,0.0095271163385139,0.0,0.0,9.983732314339523e-05
2018-08-01 12:00:00,0.0,0.0,0.0,0.003066690210169092,0.0,0.0,0.14523492547709657,0.0,0.0,0.0,0.0,5.357329594085685e-07,0.011088546814495184,0.0010646904297232048,0.00039347795075818945,0.0,0.0,0.004728460289018512,0.0,0.009431930662206104,0.0,0.0,9.271014043883402e-05
2018-08-01 13:00:00,0.0,0.0,0.0,0.0032136918546446774,0.0,0.0,0.13656276091067598,0.0,0.0,0.0,0.0,5.614132924828667e-07,0.012905676974347245,0.0011363923760861355,0.0003189628282831975,0.0,0.0,0.004955118800536339,0.0,0.008880583906059204,0.0,0.0,0.00014726595767944613
2018-08-01 14:00:00,0.0,0.0,0.0,0.0032042134251960247,0.0,0.0,0.1260542437205645,0.0,0.0,0.0,0.0,5.597574659366334e-07,0.015013132232988146,0.0011367826629339259,0.00031333775721995743,0.0,0.0,0.004940504224502021,0.0,0.006871833287231982,0.0,0.0,0.0011687487476081315
2018-08-01 15:00:00,0.0,0.0,0.0,0.0032584437218162324,0.0,0.0,0.09874573508698695,0.0,0.0,0.0,0.0,5.692311836279767e-07,0.05997798327011208,0.001195805095879615,0.0005152886887449679,0.0,0.0,0.00502412069256914,0.0,0.004990351395510056,0.0,0.0,0.0013815985565347702
2018-08-01 16:00:00,0.0,0.0,0.0,0.0036288057094766217,0.0,0.0,0.08667322342243668,0.0,0.0,0.0,0.0,6.339312707263734e-07,0.0560790714769357,0.0014134524702594776,0.0007128665361128559,0.0,0.0,0.005595173466470797,0.0,0.0036463567362807927,0.0,0.0,0.0007373634366716231
2018-08-01 17:00:00,0.0,0.0,0.0,0.003901639126955244,0.0,0.0,0.040952091747635685,0.0,0.0,0.0,0.0,6.815936833452586e-07,0.1045406128571908,0.0015543407159025729,0.0008799181790825078,0.0,0.0,0.006015849143390162,0.0,0.00193003725432923,0.0,0.0,0.0005586554745102215
2018-08-01 18:00:00,0.0,0.0,0.0,0.0042307611032860295,0.0,0.0,0.02003361107954152,0.0,0.0,0.0,0.0,7.390893801070019e-07,0.06441552184775767,0.0016287979156189773,0.0008801159203473271,0.0,0.0,0.0065233148763693,0.0,0.0005798781817733514,0.0,0.0,0.0008352239972331662
2018-08-01 19:00:00,0.0,0.0,0.0,0.0044615960477311836,0.0,0.0,0.019431436197008652,0.0,0.0,0.0,0.0,7.794149035369332e-07,0.05156805009696225,0.0016551423805022244,0.0007927935217502258,0.0,0.0,0.006879234057415802,0.0,2.6497064319898607e-05,0.0,0.0,0.00047017896868853403
2018-08-01 20:00:00,0.0,0.0,0.0,0.00480947095713423,0.0,0.0,0.003528058354937309,0.0,0.0,0.0,0.0,8.401866287345056e-07,0.07079074326008775,0.001682293528693535,0.0008989921759201045,0.0,0.0,0.00741561451384525,0.0,0.0,0.0,0.0,0.00024379974897685005
2018-08-01 21:00:00,0.0,0.0,0.0,0.005176046437856427,0.0,0.0,0.0,0.0,0.0,0.0,0.0,9.042252350739089e-07,0.022270274132649773,0.0017104256471266463,0.0009056762818952966,0.0,0.0,0.007980828958321922,0.0,0.0,0.0,0.0,0.00015451469631534197
2018-08-01 22:00:00,0.0,0.0,0.0,0.00572068540647995,0.0,0.0,0.0,0.0,0.0,0.0,0.0,1.0138541284423528e-06,0.016909283186166555,0.0018242326048804873,0.0004861317652747348,0.0,0.0,0.008948430185235423,0.0,0.0,0.0,0.0,0.0001427902175426956
2018-08-01 23:00:00,0.0,0.0,0.0,0.006047658859762842,0.0,0.0,0.0,0.0,0.0,0.0,0.0,1.0718023220497854e-06,0.0,0.0019317558819461804,0.00031659096343523085,0.0,0.0,0.009459889723949623,0.0,0.0,0.0,0.0,0.00022700941242034524
2018-08-02 00:00:00,0.0,0.0,0.0,0.006294850911942726,0.0,0.0,0.0,0.0,0.0,0.0,0.0,1.1156111779496103e-06,0.0,0.0019994791851337024,0.00028839462034918844,0.0,0.0,0.009846553325267605,0.0,0.0,0.0,0.0,0.00021492040215246656
2018-08-02 01:00:00,0.0,0.0,0.0,0.006515266605923884,0.0,0.0,0.0,0.0,0.0,0.0,0.0,1.1546745672880894e-06,0.0,0.0020753057755996725,0.0003848549058252664,0.0,0.0,0.010191332719549005,0.0,0.0,0.0,0.0,0.00033909422799096884
2018-08-02 02:00:00,0.0,0.0,0.0,0.006422303053906582,0.0,0.0,0.0,0.0,0.0,0.0,0.0,1.1381990098486532e-06,0.0,0.0020417414749672102,0.00029185249632614083,0.0,0.0,0.010045916952750148,0.0,0.0,0.0,0.0,0.00042542794539926883
2018-08-02 03:00:00,0.0,0.0,0.0,0.006371427064214342,0.0,0.0,0.0,0.0,0.0,0.0,0.0,1.129182462263351e-06,0.0,0.0020093917536426094,0.00032792935629075116,0.0,0.0,0.009966335537322181,0.0,0.0001953654173343541,0.0,0.0,0.0003315975374813497
2018-08-02 04:00:00,0.0,0.0,0.0,0.005623768399872695,0.0,0.0,0.0,0.0,0.0,0.0,0.0,9.96677916103576e-07,0.005230750363977778,0.001865752653117984,0.0005202510314018523,0.0,0.0,0.008796830332112112,0.0,0.001054427457640497,0.0,0.0,0.00036255972999914933
2018-08-02 05:00:00,0.0,0.0,0.0,0.004542375712401136,0.0,0.0,0.0,0.0,0.0,0.0,0.0,8.05027027659593e-07,0.04276357933614203,0.0017079240029890454,0.0008658980376580451,0.0,0.0,0.007105290546389536,0.0,0.0024067909019073394,0.0,0.0,0.00018874061446280628
2018-08-02 06:00:00,0.0,0.0,0.0,0.003920572014666919,0.0,0.0,0.0038523782832119323,0.0,0.0,0.0,0.0,6.948272524168454e-07,0.09820504791596013,0.001543680187998331,0.0009140828990573965,0.0,0.0,0.006132650629537406,0.0,0.004208006684890807,0.0,0.0,0.00011933375661939052
2018-08-02 07:00:00,0.0,0.0,0.0,0.0035636177643925487,0.0,0.0,0.039478728953659024,0.0,0.0,0.0,0.0,6.315656824141e-07,0.09689851681471012,0.0013846005390263608,0.0006880743886164954,0.0,0.0,0.005574294425526409,0.0,0.006339430985030971,0.0,0.0,8.290366985361159e-05
2018-08-02 08:00:00,0.0,0.0,0.0,0.0033367901287604785,0.0,0.0,0.0670322349004841,0.0,0.0,0.0,0.0,5.913659303756642e-07,0.08013559752957804,0.001273057869138251,0.0006213893663418902,0.0,0.0,0.005219485321841654,0.0,0.007407719251895042,0.0,0.0,8.58673376744949e-05
2018-08-02 09:00:00,0.0,0.0,0.0,0.0030763100907348203,0.0,0.0,0.07705744200424201,0.0,0.0,0.0,0.0,5.452020980436162e-07,0.08689522479686898,0.001141255699820223,0.0007090446171623786,0.0,0.0,0.004812036341640817,0.0,0.007653137813366358,0.0,0.0,9.600976549392608e-05
2018-08-02 10:00:00,0.0,0.0,0.0,0.003110545224548522,0.0,0.0,0.09715463101975287,0.0,0.0,0.0,0.0,5.512694534894308e-07,0.04578134276152707,0.0011367266616495045,0.0005788247266359546,0.0,0.0,0.004865587740301385,0.0,0.008535182610523056,0.0,0.0,0.0001263696325586916
2018-08-02 11:00:00,0.0,0.0,0.0,0.003053177639426104,0.0,0.0,0.1194926363929071,0.0,0.0,0.0,0.0,5.411024264843711e-07,0.03505085901934063,0.001118862529703209,0.0005489045763135621,0.0,0.0,0.004775852019161742,0.0,0.008535841089088194,0.0,0.0,0.00024490058614442
2018-08-02 12:00:00,0.0,0.0,0.0,0.0031046607269532614,0.0,0.0,0.12217162445115454,0.0,0.0,0.0,0.0,5.502265675838353e-07,0.02466974940583381,0.0011485249185566914,0.00045254294995588593,0.0,0.0,0.004856383071251287,0.0,0.008291484849318301,0.0,0.0,0.00021404620076807994
2018-08-02 13:00:00,0.0,0.0,0.0,0.003187885154258535,0.0,0.0,0.11588752067385782,0.0,0.0,0.0,0.0,5.691000121465001e-07,0.020979906826165042,0.0011933556277112462,0.0006170430945318136,0.0,0.0,0.005022962953194846,0.0,0.007608241730151457,0.0,0.0,0.0001807520454408326
2018-08-02 14:00:00,0.0,0.0,0.0,0.0032919599131647683,0.0,0.0,0.09892208969536598,0.0,0.0,0.0,0.0,5.920005694816696e-07,0.042496268034406495,0.001195993194165344,0.0008226996108635525,0.0,0.0,0.0052250867427695675,0.0,0.0062720352352833445,0.0,0.0,0.0004947520193622907
2018-08-02 15:00:00,0.0,0.0,0.0,0.003559156204505188,0.0,0.0,0.06401302146935807,0.0,0.0,0.0,0.0,6.400510806693497e-07,0.09092862423956764,0.001340300375185323,0.0009541687156913491,0.0,0.0,0.005649187836472691,0.0,0.00497996882973792,0.0,0.0,0.0004780610171013312
2018-08-02 16:00:00,0.0,0.0,0.0,0.003551588178444408,0.0,0.0,0.02567707763381707,0.0,0.0,0.0,0.0,6.3172257706509e-07,0.13119411597995173,0.0014198258080786973,0.001155280695400299,0.0,0.0,0.005575679201493121,0.0,0.0032280108242366636,0.0,0.0,0.0001654415359632323
2018-08-02 17:00:00,0.0,0.0,0.0,0.0034847725573176995,0.0,0.0,0.015901764329447923,0.0,0.0,0.0,0.0,6.175922626189509e-07,0.13485737671188985,0.0014575564808329683,0.0010940688464844293,0.0,0.0,0.005450962904770078,0.0,0.001520395487723693,0.0,0.0,0.00017410997001729547
2018-08-02 18:00:00,0.0,0.0,0.0,0.0036994654654528944,0.0,0.0,0.016906183044077594,0.0,0.0,0.0,0.0,6.556414255765234e-07,0.11496177541456915,0.001568871259399696,0.0011243519631980263,0.0,0.0,0.005786790583309577,0.0,0.00043985017592619954,0.0,0.0,0.0002704662407748966
2018-08-02 19:00:00,0.0,0.0,0.0,0.0041180294362187855,0.0,0.0,0.018745573675082818,0.0,0.0,0.0,0.0,7.298218392202342e-07,0.10858802645726738,0.001681747119237396,0.0012748480222665934,0.0,0.0,0.0064415181560250594,0.0,2.26715585591093e-05,0.0,0.0,0.0001456837742500578
2018-08-02 20:00:00,0.0,0.0,0.0,0.00468933869981453,0.0,0.0,0.00343754494875152,0.0,0.0,0.0,0.0,8.310726884380228e-07,0.09032807749435329,0.0017489678503424214,0.001310007634704652,0.0,0.0,0.007335173495588729,0.0,0.0,0.0,0.0,0.00011414844407310857
2018-08-02 21:00:00,0.0,0.0,0.0,0.005139077834637827,0.0,0.0,0.0,0.0,0.0,0.0,0.0,9.10778151361435e-07,0.034247231181487155,0.0018393731666469146,0.0010171591610723073,0.0,0.0,0.008038665990557229,0.0,0.0,0.0,0.0,0.00012986583187638877
2018-08-02 22:00:00,0.0,0.0,0.0,0.00558101365302781,0.0,0.0,0.0,0.0,0.0,0.0,0.0,9.891006638131262e-07,0.0,0.001923786541628579,0.0008247541705486,0.0,0.0,0.008729952355078887,0.0,0.0,0.0,0.0,0.00016729768584473323
2018-08-02 23:00:00,0.0,0.0,0.0,0.006247393692807466,0.0,0.0,0.0,0.0,0.0,0.0,0.0,1.1072005253571473e-06,0.0,0.002142242489471637,0.000749066422225403,0.0,0.0,0.009772319630868635,0.0,0.0,0.0,0.0,0.00024174216197965297
2018-08-03 00:00:00,0.0,0.0,0.0,0.0064211316283174025,0.0,0.0,0.0,0.0,0.0,0.0,0.0,1.137991402790169e-06,0.0,0.002204979034055383,0.0007271917324261339,0.0,0.0,0.010044084581389523,0.0,0.0,0.0,0.0,0.0003807519436330486
2018-08-03 01:00:00,0.0,0.0,0.0,0.006567219339349334,0.0,0.0,0.0,0.0,0.0,0.0,0.0,1.1766718532951797e-06,0.0,0.002286566674993068,0.0006840572198728011,0.0,0.0,0.010385484099493102,0.0,0.0,0.0,0.0,0.0004669697849202047
2018-08-03 02:00:00,0.0,0.0,0.0,0.0063794224697444725,0.0,0.0,0.0,0.0,0.0,0.0,0.0,1.1472259185022037e-06,0.0,0.0022177921925564162,0.0004845282175298639,0.0,0.0,0.010125589816536676,0.0,0.0,0.0,0.0,0.0006101320205227884
2018-08-03 03:00:00,0.0,0.0,0.0,0.006038585234219118,0.0,0.0,0.0,0.0,0.0,0.0,0.0,1.085932390374886e-06,0.0,0.002092229984397648,0.0005515051893229239,0.0,0.0,0.009584603848371084,0.0,0.00019653941992785418,0.0,0.0,0.0006470285633930727
2018-08-03 04:00:00,0.0,0.0,0.0,0.005362992314681471,0.0,0.0,0.0116159247925135,0.0,0.0,0.0,0.0,9.64438993233372e-07,0.009687094421169745,0.0019371108129619238,0.0006721552138148982,0.0,0.0,0.008512284713114207,0.0,0.000956035928951831,0.0,0.0,0.0007081799081663783
2018-08-03 05:00:00,0.0,0.0,0.0,0.0037506680534912283,0.0,0.0,0.022751517885867573,0.0,0.0,0.0,0.0,6.744910880366414e-07,0.07863912147187622,0.0015515534716207021,0.0007649149651499897,0.0,0.0,0.005953160560811927,0.0,0.0018835261553643982,0.0,0.0,0.0004738310747319314
2018-08-03 06:00:00,0.0,0.0,0.0,0.0034748997723980535,0.0,0.0,0.054774795228433926,0.0,0.0,0.0,0.0,6.248990566150944e-07,0.09018247313924796,0.0014828846808273982,0.0008572240513500705,0.0,0.0,0.005515453775910328,0.0,0.0036356383472592496,0.0,0.0,0.00032472085843012394
2018-08-03 07:00:00,0.0,0.0,0.0,0.0034693326390456427,0.0,0.0,0.061440558624364545,0.0,0.0,0.0,0.0,6.238979064790225e-07,0.09443442305146854,0.0014834338434577994,0.001033367702788488,0.0,0.0,0.00550661747308702,0.0,0.006103436831957468,0.0,0.0,0.000255464895301777
2018-08-03 08:00:00,0.0,0.0,0.0,0.003237514104312747,0.0,0.0,0.06447077592555149,0.0,0.0,0.0,0.0,5.75858081090028e-07,0.0965975254886087,0.001373109808974241,0.0009717951336803713,0.0,0.0,0.005082610693862508,0.0,0.007093600401199444,0.0,0.0,0.00026413955689524464
2018-08-03 09:00:00,0.0,0.0,0.0,0.0032465714706695747,0.0,0.0,0.07326382205591211,0.0,0.0,0.0,0.0,5.753768394768039e-07,0.0790263788111784,0.0013486841077719012,0.0008176541160119714,0.0,0.0,0.005078363182452969,0.0,0.00800047889480829,0.0,0.0,0.00027117929698003743
2018-08-03 10:00:00,0.0,0.0,0.0,0.0033528149128911632,0.0,0.0,0.08145101994930559,0.0,0.0,0.0,0.0,5.942059385903949e-07,0.028720592200695668,0.0013261165897097678,0.0007069655742079258,0.0,0.0,0.005244551664742536,0.0,0.009211389132518564,0.0,0.0,0.0002816067797732345
2018-08-03 11:00:00,0.0,0.0,0.0,0.0033436074844686264,0.0,0.0,0.10019503611264485,0.0,0.0,0.0,0.0,5.925741429828349e-07,0.0007978681837045096,0.0013213944173307653,0.0006861180810615117,0.0,0.0,0.005230149189414791,0.0,0.009477816725990483,0.0,0.0,0.0002653494717777851
2018-08-03 12:00:00,0.0,0.0,0.0,0.0032871452849018742,0.0,0.0,0.09484653822433226,0.0,0.0,0.0,0.0,5.889694152988687e-07,0.0011171665500521663,0.0013070667457981187,0.0007398576023607705,0.0,0.0,0.0051983333165867,0.0,0.009103767339611329,0.0,0.0,0.0003011825289569778
2018-08-03 13:00:00,0.0,0.0,0.0,0.0033438227138728577,0.0,0.0,0.10099463298667423,0.0,0.0,0.0,0.0,6.01327173803709e-07,0.0018911618452722694,0.0013142356432064098,0.000862237016486022,0.0,0.0,0.005307404765944467,0.0,0.008231727388752661,0.0,0.0,0.00027529616410792025
2018-08-03 14:00:00,0.0,0.0,0.0,0.003641538395876768,0.0,0.0,0.07886533851384804,0.0,0.0,0.0,0.0,6.548660557886054e-07,0.05271136596031819,0.0014306226822279509,0.0009694897311475502,0.0,0.0,0.005779947052055644,0.0,0.0070152683935045404,0.0,0.0,0.00026073766194222237
2018-08-03 15:00:00,0.0,0.0,0.0,0.0038690262356930348,0.0,0.0,0.032873014425638926,0.0,0.0,0.0,0.0,6.95775706657323e-07,0.07430992066534063,0.0015665670678476535,0.0009393488826161873,0.0,0.0,0.006141021830400239,0.0,0.005427100844558126,0.0,0.0,0.00039791229436464474
2018-08-03 16:00:00,0.0,0.0,0.0,0.0034507657470537727,0.0,0.0,0.015728493000817054,0.0,0.0,0.0,0.0,6.205589804523916e-07,0.08391465865282849,0.0014552377228599469,0.0011648067090966384,0.0,0.0,0.00547714760596829,0.0,0.0032089467731128535,0.0,0.0,0.0013826987608698909
2018-08-03 17:00:00,0.0,0.0,0.0,0.003643134327741275,0.0,0.0,0.016487031175896224,0.0,0.0,0.0,0.0,6.52753227768899e-07,0.0937788470569839,0.0015609400468065584,0.0010720283465667421,0.0,0.0,0.005761298911758776,0.0,0.0016472749886087899,0.0,0.0,0.0006603540742437605
2018-08-03 18:00:00,0.0,0.0,0.0,0.0037643604004310043,0.0,0.0,0.018007944785463224,0.0,0.0,0.0,0.0,6.671424946036766e-07,0.09456098122796869,0.0015950597484866568,0.000986966450211819,0.0,0.0,0.005888300761507669,0.0,0.0004526440615059558,0.0,0.0,0.0006037441743797575
2018-08-03 19:00:00,0.0,0.0,0.0,0.003948990586841516,0.0,0.0,0.030232925742411116,0.0,0.0,0.0,0.0,6.998637619740771e-07,0.076892567322215,0.0016522693166215214,0.0009596015744569056,0.0,0.0,0.006177103626162669,0.0,1.9221282521062545e-05,0.0,0.0,0.00042309188451963907
2018-08-03 20:00:00,0.0,0.0,0.0,0.004653574423572078,0.0,0.0,0.03339783485544222,0.0,0.0,0.0,0.0,8.247343292130794e-07,0.07343619374569224,0.001831002596817452,0.0008864484633315094,0.0,0.0,0.007279230176503478,0.0,0.0,0.0,0.0,0.0003111402710255861
2018-08-03 21:00:00,0.0,0.0,0.0,0.0047268103832747415,0.0,0.0,0.03752536319325741,0.0,0.0,0.0,0.0,8.377136445956168e-07,0.13236357145233216,0.0018046171230733654,0.0007261247265826733,0.0,0.0,0.007393787581059526,0.0,0.0,0.0,0.0,0.00022813190197511113
2018-08-03 22:00:00,0.0,0.0,0.0,0.005479266799315225,0.0,0.0,0.04451032283941224,0.0,0.0,0.0,0.0,9.853488958248633e-07,0.0151555696636969,0.001967218288311287,0.0009073057521145182,0.0,0.0,0.008696838682241408,0.0,0.0,0.0,0.0,0.00015808371956079585
2018-08-03 23:00:00,0.0,0.0,0.0,0.006006983490271827,0.0,0.0,0.04757487484960493,0.0,0.0,0.0,0.0,1.0802493775476048e-06,0.008482789719316633,0.0020757474775846057,0.000440420697404326,0.0,0.0,0.009534444715908062,0.0,0.0,0.0,0.0,0.0001935222631012072
2018-08-04 00:00:00,0.0,0.0,0.0,0.0062155288977315615,0.0,0.0,0.048032061521260265,0.0,0.0,0.0,0.0,1.1177525681196496e-06,0.00948034927843144,0.00213577829190809,0.00038716423019079374,0.0,0.0,0.00986545355943185,0.0,0.0,0.0,0.0,0.00022360429844379525
2018-08-04 01:00:00,0.0,0.0,0.0,0.006393746709326003,0.0,0.0,0.05076811562461428,0.0,0.0,0.0,0.0,1.1498018787852394e-06,0.008543044915779362,0.002185937173182261,0.0004953886300003823,0.0,0.0,0.010148325632376472,0.0,0.0,0.0,0.0,0.00023052366939913216
2018-08-04 02:00:00,0.0,0.0,0.0,0.006236559090078685,0.0,0.0,0.05145173114847262,0.0,0.0,0.0,0.0,1.1215344750001124e-06,0.0104824072153916,0.0021124307606185345,0.00039697988813083764,0.0,0.0,0.00989883324269938,0.0,0.0,0.0,0.0,0.0003068897152121992
2018-08-04 03:00:00,0.0,0.0,0.0,0.006448224178643816,0.0,0.0,0.04052901207673392,0.0,0.0,0.0,0.0,1.1595986848554143e-06,0.0004330710912901342,0.0021573459795426,0.00046261267973532054,0.0,0.0,0.010234793727438567,0.0,0.00018917707024087492,0.0,0.0,0.00039708531253718123
2018-08-04 04:00:00,0.0,0.0,0.0,0.006233802631092171,0.0,0.0,0.007667134004115393,0.0,0.0,0.0,0.0,1.1210387747689996e-06,0.0,0.002131838230902324,0.0005300497880326608,0.0,0.0,0.009894458117337182,0.0,0.0011827076625523293,0.0,0.0,0.0002579499558363329
2018-08-04 05:00:00,0.0,0.0,0.0,0.005495070250746184,0.0,0.0,0.0,0.0,0.0,0.0,0.0,9.88190866108125e-07,0.007089760827010124,0.0020779884201095242,0.000669972840891722,0.0,0.0,0.008721922342656492,0.0,0.0029612067390319837,0.0,0.0,0.0002101644229295451
2018-08-04 06:00:00,0.0,0.0,0.0,0.004846521401444416,0.0,0.0,0.0,0.0,0.0,0.0,0.0,8.715608650598377e-07,0.012274724791243119,0.001859144209331669,0.0007207044456221236,0.0,0.0,0.007692528278356566,0.0,0.005368527603914298,0.0,0.0,0.00014780190533179993
2018-08-04 07:00:00,0.0,0.0,0.0,0.004524446371916896,0.0,0.0,0.0,0.0,0.0,0.0,0.0,8.136413867169753e-07,0.009795734576395283,0.0017055735075665243,0.0005231194311399145,0.0,0.0,0.007181322184919202,0.0,0.008592580714007751,0.0,0.0,0.00011566334558836834
2018-08-04 08:00:00,0.0,0.0,0.0,0.004201759441304912,0.0,0.0,0.0,0.0,0.0,0.0,0.0,7.556118688231997e-07,0.01099820199391603,0.001598297223229767,0.00030480461694746484,0.0,0.0,0.006669144865729199,0.0,0.010113708064448649,0.0,0.0,0.0001666258073624498
2018-08-04 09:00:00,0.0,0.0,0.0,0.003982823835825977,0.0,0.0,0.0,0.0,0.0,0.0,0.0,7.162401855274755e-07,0.007574236092758719,0.001494994064772906,0.00024275115409899795,0.0,0.0,0.00632164442225981,0.0,0.010824823929907435,0.0,0.0,0.0001697965215864137
2018-08-04 10:00:00,0.0,0.0,0.0,0.0036988423920132664,0.0,0.0,0.0,0.0,0.0,0.0,0.0,6.651711625460476e-07,0.006805374429919406,0.001413981481471797,0.0003942636351750227,0.0,0.0,0.005870901486015531,0.0,0.011172094898277375,0.0,0.0,0.00014668202891792836
2018-08-04 11:00:00,0.0,0.0,0.0,0.0037556755932928805,0.0,0.0,0.0,0.0,0.0,0.0,0.0,6.753916052034589e-07,0.0076998370875744964,0.00147616647530295,0.00023676638014326045,0.0,0.0,0.005961108661797868,0.0,0.011463595758816966,0.0,0.0,0.00012481665462417017
2018-08-04 12:00:00,0.0,0.0,0.0,0.0037205790775237846,0.0,0.0,0.0,0.0,0.0,0.0,0.0,6.690801196841371e-07,0.004142729380564035,0.0014487792119327084,0.0004256264141609546,0.0,0.0,0.005905402534111093,0.0,0.010925395108932985,0.0,0.0,0.0001318160153056477
2018-08-04 13:00:00,0.0,0.0,0.0,0.003888515213162014,0.0,0.0,0.0,0.0,0.0,0.0,0.0,6.992804533931845e-07,0.0,0.0015342072611279009,0.0003388632038467237,0.0,0.0,0.006171955256228441,0.0,0.01017084047307695,0.0,0.0,0.00014354546803456772
2018-08-04 14:00:00,0.0,0.0,0.0,0.004353057648601012,0.0,0.0,0.0,0.0,0.0,0.0,0.0,7.8282016638559e-07,0.00022311455686661882,0.001638110956655314,0.00033666151403075723,0.0,0.0,0.006909289423378948,0.0,0.008666159784716658,0.0,0.0,0.00017262571913640291
2018-08-04 15:00:00,0.0,0.0,0.0,0.00453907479704383,0.0,0.0,0.0,0.0,0.0,0.0,0.0,8.162720493721107e-07,0.01230631867578776,0.0017209386034809664,0.0007114883951448993,0.0,0.0,0.0072045408121851895,0.0,0.006398593558869128,0.0,0.0,0.00020843140257120638
2018-08-04 16:00:00,0.0,0.0,0.0,0.00478765501018461,0.0,0.0,0.0,0.0,0.0,0.0,0.0,8.609747892665775e-07,0.02119659266332454,0.0019366505786490812,0.0008885873628544849,0.0,0.0,0.007599093969106242,0.0,0.00438785479062727,0.0,0.0,0.000317315910699049
2018-08-04 17:00:00,0.0,0.0,0.0,0.005137378248777511,0.0,0.0,0.0,0.0,0.0,0.0,0.0,9.238663073497775e-07,0.03373151413352859,0.002045552398352316,0.0006461738051649034,0.0,0.0,0.008154184038794692,0.0,0.0021457120025407312,0.0,0.0,0.0004913421735387072
2018-08-04 18:00:00,0.0,0.0,0.0,0.0050279712573644405,0.0,0.0,0.0,0.0,0.0,0.0,0.0,9.041914015397771e-07,0.022127258469020337,0.00208064689098613,0.0006661082858065632,0.0,0.0,0.007980530338422269,0.0,0.0005452564478784791,0.0,0.0,0.0006844047517606813
2018-08-04 19:00:00,0.0,0.0,0.0,0.005016984423464042,0.0,0.0,0.0,0.0,0.0,0.0,0.0,9.02215614441087e-07,0.024898622039097915,0.002079155121087451,0.000994383723962863,0.0,0.0,0.007963091742062571,0.0,2.7145248347337837e-05,0.0,0.0,0.0009594641844793875
2018-08-04 20:00:00,0.0,0.0,0.0,0.00525249781363186,0.0,0.0,0.0,0.0,0.0,0.0,0.0,9.445685181147738e-07,0.03187877605370466,0.0020451383163186897,0.000793055756425507,0.0,0.0,0.008336904888385956,0.0,0.0,0.0,0.0,0.0014601800416363523
2018-08-04 21:00:00,0.0,0.0,0.0,0.005822965960343986,0.0,0.0,0.0,0.0,0.0,0.0,0.0,1.0471570904646913e-06,0.0036843658155403707,0.0020177046777559416,0.0005349619142639355,0.0,0.0,0.009242367175043113,0.0,0.0,0.0,0.0,0.001828047926482947
2018-08-04 22:00:00,0.0,0.0,0.0,0.005652108016545834,0.0,0.0,0.0,0.0,0.0,0.0,0.0,1.0633435362443804e-06,0.0004389254420194055,0.0019132791341355281,0.0004955401923689537,0.0,0.0,0.009385231198518737,0.0,0.0,0.0,0.0,0.002006309964816749
2018-08-04 23:00:00,0.0,0.0,0.0,0.005856445522999746,0.0,0.0,0.0,0.0,0.0,0.0,0.0,1.1017860016155303e-06,0.0,0.0019639873946626476,0.0003562779737519935,0.0,0.0,0.009724530223764676,0.0,0.0,0.0,0.0,0.0017852466107830436
2018-08-05 00:00:00,0.0,0.0,0.0,0.005781155291597288,0.0,0.0,0.0,0.0,0.0,0.0,0.0,1.0876214844708146e-06,0.0,0.0019343950290678668,0.00034984887902068604,0.0,0.0,0.009599512048840646,0.0,0.0,0.0,0.0,0.0010955411295899245
2018-08-05 01:00:00,0.0,0.0,0.0,0.005745012578091777,0.0,0.0,0.0,0.0,0.0,0.0,0.0,1.0808218761342592e-06,0.0,0.0019052235313365624,0.00031402612249285437,0.0,0.0,0.00953949767519491,0.0,0.0,0.0,0.0,0.000744695534767544
2018-08-05 02:00:00,0.0,0.0,0.0,0.005456639642842205,0.0,0.0,0.0,0.0,0.0,0.0,0.0,1.0265696403617293e-06,0.0,0.0018079858732404286,0.00026041005421789854,0.0,0.0,0.009060659220446712,0.0,0.0,0.0,0.0,0.00038549912290806424
2018-08-05 03:00:00,0.0,0.0,0.0,0.005712092960413166,0.0,0.0,0.0005133995786416333,0.0,0.0,0.0,0.0,1.074628635918093e-06,0.0,0.001895612439505771,0.00024548157907242795,0.0,0.0,0.009484835198473629,0.0,0.00012126140364251652,0.0,0.0,0.0004288075326828158
2018-08-05 04:00:00,0.0,0.0,0.0,0.00559397289515096,0.0,0.0,0.0028579245993244572,0.0,0.0,0.0,0.0,1.052406447748715e-06,0.0,0.0018830012112225473,0.00019416821334651305,0.0,0.0,0.009288698797961698,0.0,0.0009014792423528622,0.0,0.0,0.0004478949179314898
2018-08-05 05:00:00,0.0,0.0,0.0,0.005199744128976163,0.0,0.0,0.00819092298509538,0.0,0.0,0.0,0.0,9.78239321238321e-07,0.0,0.001866906252015804,0.00017984487110881103,0.0,0.0,0.00863408849949851,0.0,0.002594143647233029,0.0,0.0,0.00040056462130457637
2018-08-05 06:00:00,0.0,0.0,0.0,0.00469431169848169,0.0,0.0,0.011169829583956303,0.0,0.0,0.0,0.0,8.831512043089782e-07,0.0,0.0016721722002915754,0.00017645177444954225,0.0,0.0,0.0077948263690626445,0.0,0.004860658731993939,0.0,0.0,0.0001928321668204001
2018-08-05 07:00:00,0.0,0.0,0.0,0.004051909288871115,0.0,0.0,0.01090633009088626,0.0,0.0,0.0,0.0,7.622946233788992e-07,0.0,0.001432553106695076,0.00011004226925971134,0.0,0.0,0.006728127870196138,0.0,0.007122519500653124,0.0,0.0,0.0001296019673750308
2018-08-05 08:00:00,0.0,0.0,0.0,0.0037795975215807655,0.0,0.0,0.022635281594320406,0.0,0.0,0.0,0.0,7.110640105272298e-07,0.0,0.0013334992478539539,0.00014913536694657767,0.0,0.0,0.006275958717268481,0.0,0.00845421696534868,0.0,0.0,9.54988910232921e-05
2018-08-05 09:00:00,0.0,0.0,0.0,0.003681214552649212,0.0,0.0,0.03299076707557923,0.0,0.0,0.0,0.0,6.925550057835744e-07,0.0,0.0013070255200220717,0.0001925241200345526,0.0,0.0,0.006112595436397639,0.0,0.009406803446575705,0.0,0.0,0.00011713322285076427
2018-08-05 10:00:00,0.0,0.0,0.0,0.003558284331467179,0.0,0.0,0.033513405959720806,0.0,0.0,0.0,0.0,6.694278723812494e-07,0.0,0.0012615190393795628,0.00019616126828892743,0.0,0.0,0.005908471852117043,0.0,0.010370456884837719,0.0,0.0,0.00017735557660503927
2018-08-05 11:00:00,0.0,0.0,0.0,0.0034134142765290853,0.0,0.0,0.038292944660497416,0.0,0.0,0.0,0.0,6.421731497073659e-07,0.0,0.001236473270056898,0.00022772433865755334,0.0,0.0,0.005667917539397621,0.0,0.010069055711312473,0.0,0.0,0.0002808509878682981
2018-08-05 12:00:00,0.0,0.0,0.0,0.0032575278343121737,0.0,0.0,0.04375590519588945,0.0,0.0,0.0,0.0,6.128458898188001e-07,0.0,0.0011709067566505027,0.00023407252796157552,0.0,0.0,0.005409070699132465,0.0,0.008930473812944591,0.0,0.0,0.000834782087056232
2018-08-05 13:00:00,0.0,0.0,0.0,0.0032639872408700595,0.0,0.0,0.0356670407547946,0.0,0.0,0.0,0.0,6.140611122086051e-07,0.0,0.0011560088913451297,0.00023550017895348122,0.0,0.0,0.005419796436109451,0.0,0.007799924782254731,0.0,0.0,0.001344155145175797
2018-08-05 14:00:00,0.0,0.0,0.0,0.003574970959718844,0.0,0.0,0.03022909980518531,0.0,0.0,0.0,0.0,6.725671645252033e-07,0.0,0.0012182696218293308,0.0001714016853714305,0.0,0.0,0.005936179720333143,0.0,0.006655033382592511,0.0,0.0,0.0019978641368209424
2018-08-05 15:00:00,0.0,0.0,0.0,0.004073971790446986,0.0,0.0,0.006330820746810076,0.0,0.0,0.0,0.0,7.664452904177117e-07,0.00039169892232066765,0.0014450776429606744,0.0003016582847158077,0.0,0.0,0.0067647622865061405,0.0,0.005599588390355759,0.0,0.0,0.0009228690307255372
2018-08-05 16:00:00,0.0,0.0,0.0,0.004240454368731502,0.0,0.0,0.0,0.0,0.0,0.0,0.0,7.977660247345208e-07,0.0063900025930332316,0.001637872770356867,0.0005013337128589823,0.0,0.0,0.00704120383418211,0.0,0.003823641005422432,0.0,0.0,0.000305136771890619
2018-08-05 17:00:00,0.0,0.0,0.0,0.004729934768373941,0.0,0.0,0.0,0.0,0.0,0.0,0.0,8.898530509474746e-07,0.022283611882894672,0.001806229791461446,0.0006555453738854062,0.0,0.0,0.007853977883145718,0.0,0.0019511092790128234,0.0,0.0,0.00025318284132371037
2018-08-05 18:00:00,0.0,0.0,0.0,0.004666394963781839,0.0,0.0,0.0001324461711989608,0.0,0.0,0.0,0.0,8.778991674920532e-07,0.0476699623111399,0.0018497230219399732,0.0010143035233515752,0.0,0.0,0.007748471096180593,0.0,0.00048799746546140265,0.0,0.0,0.00018594042024050044
2018-08-05 19:00:00,0.0,0.0,0.0,0.004492282142247652,0.0,0.0,0.009637201670891856,0.0,0.0,0.0,0.0,8.451429386985359e-07,0.09669981271927235,0.0017978755917691712,0.0008847352713478537,0.0,0.0,0.007459359656706827,0.0,1.8603792845595486e-05,0.0,0.0,0.00016355418539318057
2018-08-05 20:00:00,0.0,0.0,0.0,0.004570101676025276,0.0,0.0,0.020062289759166234,0.0,0.0,0.0,0.0,8.597832990727096e-07,0.09525689469205212,0.0017596004751613277,0.0008645357292757128,0.0,0.0,0.007588577696087164,0.0,0.0,0.0,0.0,0.0001940922785015311
2018-08-05 21:00:00,0.0,0.0,0.0,0.005249698049522178,0.0,0.0,0.03728775952689721,0.0,0.0,0.0,0.0,9.87637262390042e-07,0.011579926711701109,0.0018545736651190664,0.0004398551893612553,0.0,0.0,0.008717036152343137,0.0,0.0,0.0,0.0,0.00033088239870978557
2018-08-05 22:00:00,0.0,0.0,0.0,0.005063314759020199,0.0,0.0,0.04136508314366412,0.0,0.0,0.0,0.0,9.525725632301778e-07,0.0,0.0016708814365624571,0.00039484344491383096,0.0,0.0,0.00840754980357184,0.0,0.0,0.0,0.0,0.000384662725586679
2018-08-05 23:00:00,0.0,0.0,0.0,0.005116357932583999,0.0,0.0,0.03129436187834109,0.0,0.0,0.0,0.0,9.625516923596712e-07,0.0,0.001659889263014354,0.0003704093218103457,0.0,0.0,0.00849562710958618,0.0,0.0,0.0,0.0,0.00033882352460652633
2018-08-06 00:00:00,0.0,0.0,0.0,0.0052156183964126,0.0,0.0,0.015469631690829565,0.0,0.0,0.0,0.0,9.812257821519723e-07,0.0,0.0016763323204478289,0.00027367012040211834,0.0,0.0,0.008660447456114684,0.0,0.0,0.0,0.0,0.00044024219007453725
2018-08-06 01:00:00,0.0,0.0,0.0,0.005267967389853591,0.0,0.0,0.0,0.0,0.0,0.0,0.0,9.910743136452534e-07,0.0,0.0016699259569266942,0.0002612548508711235,0.0,0.0,0.008747372087600002,0.0,0.0,0.0,0.0,0.0009145800683292444
2018-08-06 02:00:00,0.0,0.0,0.0,0.005317095550048261,0.0,0.0,0.0,0.0,0.0,0.0,0.0,1.000316902682415e-06,0.0,0.0016714303495237645,0.00024027819348301319,0.0,0.0,0.008828948579138218,0.0,0.0,0.0,0.0,0.0010132630819996073
2018-08-06 03:00:00,0.0,0.0,0.0,0.005639706126859235,0.0,0.0,0.0,0.0,0.0,0.0,0.0,1.0610103414086032e-06,0.0,0.0017713692513837646,0.0003844357380674313,0.0,0.0,0.009364638067307068,0.0,0.00018471657024952417,0.0,0.0,0.000772157943742661
2018-08-06 04:00:00,0.0,0.0,0.0,0.0052170312049434255,0.0,0.0,0.00034550800063101473,0.0,0.0,0.0,0.0,9.81491576934168e-07,0.012655761761164813,0.001742484130835793,0.0006061388391929646,0.0,0.0,0.008662793401143024,0.0,0.0010294768449233586,0.0,0.0,0.0007822474822758365
2018-08-06 05:00:00,0.0,0.0,0.0,0.004583225953681119,0.0,0.0,0.00280768043902495,0.0,0.0,0.0,0.0,8.622523983490089e-07,0.03375301661201473,0.0016793890152385178,0.0007163895462865106,0.0,0.0,0.007610370340486929,0.0,0.0025637310756346596,0.0,0.0,0.0007348864038315539
2018-08-06 06:00:00,0.0,0.0,0.0,0.003908331027040679,0.0,0.0,0.016815147256454364,0.0,0.0,0.0,0.0,7.35282928588979e-07,0.10867070047884461,0.001504419576775487,0.0005266766964404393,0.0,0.0,0.006489718558410976,0.0,0.004441139537970685,0.0,0.0,0.0004915652896102178
2018-08-06 07:00:00,0.0,0.0,0.0,0.003530575953208994,0.0,0.0,0.04708117263071098,0.0,0.0,0.0,0.0,6.642150341208332e-07,0.08723947940576142,0.0013703142651715744,0.0006202050830673315,0.0,0.0,0.005862462551635203,0.0,0.006762668807334014,0.0,0.0,0.00028123519507774873
2018-08-06 08:00:00,0.0,0.0,0.0,0.0033729583380112506,0.0,0.0,0.07328482523658485,0.0,0.0,0.0,0.0,6.345620848445381e-07,0.028563241145068016,0.001410727112671812,0.0005340202675792189,0.0,0.0,0.00560074112747636,0.0,0.008173156277916788,0.0,0.0,0.00015762301978331492
2018-08-06 09:00:00,0.0,0.0,0.0,0.003208009148273023,0.0,0.0,0.08383690388042861,0.0,0.0,0.0,0.0,6.035298302939462e-07,0.014253462528409826,0.0013273809256307745,0.0005814547895823414,0.0,0.0,0.005326845745935568,0.0,0.008817316375145011,0.0,0.0,0.00012337356829864114
2018-08-06 10:00:00,0.0,0.0,0.0,0.002883387489871722,0.0,0.0,0.08771788439138777,0.0,0.0,0.0,0.0,5.424580423565126e-07,0.01087054339647028,0.0011955108462031571,0.0007712995756849443,0.0,0.0,0.0047878168902901865,0.0,0.00889595197860728,0.0,0.0,9.930605668692419e-05
2018-08-06 11:00:00,0.0,0.0,0.0,0.002940999123763292,0.0,0.0,0.10688884077942085,0.0,0.0,0.0,0.0,5.532966459946145e-07,0.009755473432956128,0.0012064280344685492,0.00046056640583353554,0.0,0.0,0.004883480048569182,0.0,0.009478950516792522,0.0,0.0,0.00010755404787443339
2018-08-06 12:00:00,0.0,0.0,0.0,0.0029631029040083664,0.0,0.0,0.10727168099146969,0.0,0.0,0.0,0.0,5.574550788804265e-07,0.007987948445235303,0.0012261910565933073,0.0004829068444657843,0.0,0.0,0.0049201830074217,0.0,0.0093401219583364,0.0,0.0,0.0001217075918245759
2018-08-06 13:00:00,0.0,0.0,0.0,0.002989682249718839,0.0,0.0,0.08898001552612039,0.0,0.0,0.0,0.0,5.690211382782799e-07,0.02751448522278075,0.0012719359001303002,0.000589948950677335,0.0,0.0,0.005022266800480755,0.0,0.008609442138014761,0.0,0.0,0.00013365459853822287
2018-08-06 14:00:00,0.0,0.0,0.0,0.003179903102781657,0.0,0.0,0.06702056135699394,0.0,0.0,0.0,0.0,6.05225549748512e-07,0.06534686054634198,0.001227545121345041,0.0006638883724158798,0.0,0.0,0.005341812422824521,0.0,0.007278023807921682,0.0,0.0,0.00013741799817610243
2018-08-06 15:00:00,0.0,0.0,0.0,0.0034754822097334327,0.0,0.0,0.0521089699375266,0.0,0.0,0.0,0.0,6.538501267551659e-07,0.11191660085370406,0.0013199233687116866,0.0007563831530540547,0.0,0.0,0.005770980308444456,0.0,0.0058129327892284125,0.0,0.0,0.00013022976932358998
2018-08-06 16:00:00,0.0,0.0,0.0,0.0034674367602680976,0.0,0.0,0.036504196989470585,0.0,0.0,0.0,0.0,6.523365186181482e-07,0.11962024310083746,0.0014099752340080336,0.0009982435584005157,0.0,0.0,0.005757620973642796,0.0,0.0038046627413266744,0.0,0.0,9.813069314886926e-05
2018-08-06 17:00:00,0.0,0.0,0.0,0.003395537650064663,0.0,0.0,0.02834241489533023,0.0,0.0,0.0,0.0,6.388099805773436e-07,0.12281539958397343,0.001363046758081709,0.0011170385338013583,0.0,0.0,0.005638233698974363,0.0,0.0017570764878518444,0.0,0.0,8.273748928739623e-05
2018-08-06 18:00:00,0.0,0.0,0.0,0.0034507487434536355,0.0,0.0,0.02903179367055487,0.0,0.0,0.0,0.0,6.491969652408156e-07,0.12551420365028348,0.001396763975957401,0.0011222136265216828,0.0,0.0,0.005729910799741305,0.0,0.0004676136601033963,0.0,0.0,9.793326489293423e-05
2018-08-06 19:00:00,0.0,0.0,0.0,0.0035056045753000934,0.0,0.0,0.027146775042384406,0.0,0.0,0.0,0.0,6.595171137674334e-07,0.13224766065582302,0.0014269841628405473,0.0010115600828381039,0.0,0.0,0.0058209979946354864,0.0,1.811318925192348e-05,0.0,0.0,0.0002177977074040322
2018-08-06 20:00:00,0.0,0.0,0.0,0.003950195394071272,0.0,0.0,0.017630602608284657,0.0,0.0,0.0,0.0,7.431589642115519e-07,0.13762574063654479,0.0015840216927478748,0.0009416144173439142,0.0,0.0,0.006559233642413544,0.0,0.0,0.0,0.0,0.00036029051326204054
2018-08-06 21:00:00,0.0,0.0,0.0,0.0052648912576117295,0.0,0.0,0.03715907251803085,0.0,0.0,0.0,0.0,9.90495594107969e-07,0.03217302533143519,0.0018552113957171757,0.001036249673968078,0.0,0.0,0.00874226422126012,0.0,0.0,0.0,0.0,0.0006561497936077838
2018-08-06 22:00:00,0.0,0.0,0.0,0.005201896797622868,0.0,0.0,0.04148091240916221,0.0,0.0,0.0,0.0,9.354688233785536e-07,0.0,0.0016592349434377946,0.0007939781547497333,0.0,0.0,0.008256589603603199,0.0,0.0,0.0,0.0,0.0007952472316618242
2018-08-06 23:00:00,0.0,0.0,0.0,0.005179903295884177,0.0,0.0,0.0307068631510265,0.0,0.0,0.0,0.0,9.315136823994264e-07,0.0,0.001628928492898911,0.0007068209305778916,0.0,0.0,0.008221680929927571,0.0,0.0,0.0,0.0,0.0010534917086523496
2018-08-07 00:00:00,0.0,0.0,0.0,0.00525712249504141,0.0,0.0,0.01565362607521578,0.0,0.0,0.0,0.0,9.45400184994184e-07,0.0,0.0016267826563599926,0.0005121512124013709,0.0,0.0,0.008344245306301115,0.0,0.0,0.0,0.0,0.00151580606165428
2018-08-07 01:00:00,0.0,0.0,0.0,0.0054294276194795385,0.0,0.0,0.0,0.0,0.0,0.0,0.0,9.763862038044553e-07,0.0,0.0016591637163350513,0.00044020652713972896,0.0,0.0,0.0086177326041909,0.0,0.0,0.0,0.0,0.0018647779281466886
2018-08-07 02:00:00,0.0,0.0,0.0,0.005507312964911334,0.0,0.0,0.0,0.0,0.0,0.0,0.0,9.903925009849009e-07,0.0,0.0016762576904415097,0.0004267075861311949,0.0,0.0,0.00874135430573236,0.0,0.0,0.0,0.0,0.0017656062258967868
2018-08-07 03:00:00,0.0,0.0,0.0,0.005602114441492232,0.0,0.0,0.0,0.0,0.0,0.0,0.0,1.0074408641497002e-06,0.0,0.0016963659529045658,0.00044907011882878116,0.0,0.0,0.008891825742670854,0.0,0.00015575290113396085,0.0,0.0,0.0017381016994829268
2018-08-07 04:00:00,0.0,0.0,0.0,0.005180159226279329,0.0,0.0,0.0014054177984590458,0.0,0.0,0.0,0.0,9.315597069391153e-07,0.0054474788195967745,0.001687967865335518,0.0007235436597717292,0.0,0.0,0.008222087149489795,0.0,0.000927755107718722,0.0,0.0,0.0014408846039356549
2018-08-07 05:00:00,0.0,0.0,0.0,0.004249765120785957,0.0,0.0,0.01836143936082325,0.0,0.0,0.0,0.0,7.642448383431148e-07,0.0479655358780644,0.001600965674640911,0.000740088761426148,0.0,0.0,0.0067453407630215555,0.0,0.0022201270164754717,0.0,0.0,0.0010153765490984897
2018-08-07 06:00:00,0.0,0.0,0.0,0.0037991047251422685,0.0,0.0,0.03744137502234807,0.0,0.0,0.0,0.0,6.857226028307051e-07,0.0618804763458705,0.0014909474742727665,0.0008093931320933183,0.0,0.0,0.006052291612498355,0.0,0.004053306787270533,0.0,0.0,0.0005996553843915333
2018-08-07 07:00:00,0.0,0.0,0.0,0.0036254664930175057,0.0,0.0,0.047685384702307806,0.0,0.0,0.0,0.0,6.61706791508108e-07,0.04795530182915097,0.0013989764990850505,0.0007139039223245175,0.0,0.0,0.005840324422216043,0.0,0.006576192113472467,0.0,0.0,0.0005184449382330854
2018-08-07 08:00:00,0.0,0.0,0.0,0.003444331708034592,0.0,0.0,0.057790488255872595,0.0,0.0,0.0,0.0,6.286467376826495e-07,0.0284390784042169,0.0012776141413800913,0.0009240975736543998,0.0,0.0,0.005548531376966278,0.0,0.007769668597579107,0.0,0.0,0.0005902571600578303
2018-08-07 09:00:00,0.0,0.0,0.0,0.003336271700829381,0.0,0.0,0.0675296386371582,0.0,0.0,0.0,0.0,6.089240231586517e-07,0.008486082260423078,0.0012166492673695306,0.0007874572782074252,0.0,0.0,0.005374455709638801,0.0,0.008363345155773668,0.0,0.0,0.0007194121746380546
2018-08-07 10:00:00,0.0,0.0,0.0,0.003101715525893136,0.0,0.0,0.08011267678609686,0.0,0.0,0.0,0.0,5.661136939929016e-07,0.009558609433063744,0.0011728894596760395,0.0007615566911555751,0.0,0.0,0.004996605256600531,0.0,0.008518662877559485,0.0,0.0,0.0008919054377856401
2018-08-07 11:00:00,0.0,0.0,0.0,0.003083443636434741,0.0,0.0,0.08414069614896584,0.0,0.0,0.0,0.0,5.627787760253542e-07,0.02043160498483203,0.0011723807135244797,0.0006831147857913257,0.0,0.0,0.0049671707652186835,0.0,0.008334206606664679,0.0,0.0,0.0010236257678427967
2018-08-07 12:00:00,0.0,0.0,0.0,0.003122777914023214,0.0,0.0,0.09194260403600252,0.0,0.0,0.0,0.0,5.699579235004408e-07,0.007606948294125698,0.0012023789920057577,0.0005854797227942111,0.0,0.0,0.0050305350088195085,0.0,0.007816728208489257,0.0,0.0,0.0011394189437499973
2018-08-07 13:00:00,0.0,0.0,0.0,0.0030883985117746726,0.0,0.0,0.08764212158689258,0.0,0.0,0.0,0.0,5.636831216233133e-07,0.039704554900122195,0.0011582129947387192,0.000737133376215092,0.0,0.0,0.004975152656518073,0.0,0.006653657781150386,0.0,0.0,0.0011710463914952932
2018-08-07 14:00:00,0.0,0.0,0.0,0.0032171924441100506,0.0,0.0,0.0791752685143455,0.0,0.0,0.0,0.0,5.871901157978541e-07,0.0571265452139489,0.0012508139530719596,0.0006951633061615425,0.0,0.0,0.0051826289495413985,0.0,0.005452300281760648,0.0,0.0,0.0012316475048227745
2018-08-07 15:00:00,0.0,0.0,0.0,0.0033616142755667077,0.0,0.0,0.0777078763429326,0.0,0.0,0.0,0.0,6.135494565615774e-07,0.06399640807890693,0.0013620953336396025,0.0007629528407755865,0.0,0.0,0.005415280485828376,0.0,0.004194345943776507,0.0,0.0,0.001214812386953542
2018-08-07 16:00:00,0.0,0.0,0.0,0.0031473342541740606,0.0,0.0,0.06343091105034254,0.0,0.0,0.0,0.0,5.744398562623883e-07,0.09517404242980802,0.0013726206973518167,0.0007396326648782528,0.0,0.0,0.0050700932266045705,0.0,0.002559383942296207,0.0,0.0,0.0011796417247684021
2018-08-07 17:00:00,0.0,0.0,0.0,0.0033634222837575878,0.0,0.0,0.018661773034280824,0.0,0.0,0.0,0.0,6.138794475575809e-07,0.11214596642596497,0.0014904714536876137,0.0007351886029530299,0.0,0.0,0.0054181930363685895,0.0,0.0012521702924505847,0.0,0.0,0.001168953908946674
2018-08-07 18:00:00,0.0,0.0,0.0,0.003597382489426027,0.0,0.0,0.017078994482075897,0.0,0.0,0.0,0.0,6.565810026075594e-07,0.09720677073322062,0.0016317709418029022,0.0007578252074573894,0.0,0.0,0.005795083432576556,0.0,0.00034900076037268487,0.0,0.0,0.0007997258354512797
2018-08-07 19:00:00,0.0,0.0,0.0,0.004383962596718798,0.0,0.0,0.003420274489775063,0.0,0.0,0.0,0.0,8.001447067717642e-07,0.06232118412437687,0.001934656810822008,0.0008986254673815495,0.0,0.0,0.007062198442327413,0.0,2.000011089007029e-05,0.0,0.0,0.0006094861211869787
2018-08-07 20:00:00,0.0,0.0,0.0,0.004815465965948933,0.0,0.0,0.0,0.0,0.0,0.0,0.0,8.789011124724177e-07,0.009588063066550953,0.0019723952357120224,0.0006774721167401331,0.0,0.0,0.0077573144144200855,0.0,0.0,0.0,0.0,0.0009844199403836562
2018-08-07 21:00:00,0.0,0.0,0.0,0.004924663327557174,0.0,0.0,0.0,0.0,0.0,0.0,0.0,8.988314127331158e-07,0.0,0.0018523904452032113,0.00037785643334733684,0.0,0.0,0.007933222264918894,0.0,0.0,0.0,0.0,0.0010998866681726964
2018-08-07 22:00:00,0.0,0.0,0.0,0.004783173333897254,0.0,0.0,0.0,0.0,0.0,0.0,0.0,8.730071802059291e-07,0.0,0.0017006391369098625,0.0003454254641263919,0.0,0.0,0.007705293675022192,0.0,0.0,0.0,0.0,0.0014229241974984658
2018-08-07 23:00:00,0.0,0.0,0.0,0.004753599339467697,0.0,0.0,0.0,0.0,0.0,0.0,0.0,8.676094436653348e-07,0.0,0.0016716697887740634,0.00029995307120482285,0.0,0.0,0.007657652434298525,0.0,0.0,0.0,0.0,0.0017775359240352019
2018-08-08 00:00:00,0.0,0.0,0.0,0.004907906260018688,0.0,0.0,0.0,0.0,0.0,0.0,0.0,8.957729744832154e-07,0.0,0.0017001922664328425,0.00024327757571796104,0.0,0.0,0.00790622802542496,0.0,0.0,0.0,0.0,0.0017260196500882483
2018-08-08 01:00:00,0.0,0.0,0.0,0.0045062178920056,0.0,0.0,0.0,0.0,0.0,0.0,0.0,8.224582929943679e-07,0.0,0.0015344059386180205,0.0002700400681976323,0.0,0.0,0.007259141535908309,0.0,0.0,0.0,0.0,0.0018848382166699552
2018-08-08 02:00:00,0.0,0.0,0.0,0.004440470789769562,0.0,0.0,0.0,0.0,0.0,0.0,0.0,8.104583740445296e-07,0.0,0.0014911208735484654,0.0002725645061256982,0.0,0.0,0.007153228432692872,0.0,0.0,0.0,0.0,0.002566610169956159
2018-08-08 03:00:00,0.0,0.0,0.0,0.004624769010430866,0.0,0.0,0.002769783118428603,0.0,0.0,0.0,0.0,8.44095806498896e-07,0.0,0.0016061386799343454,0.00016611002527361813,0.0,0.0,0.007450117509221976,0.0,0.00010870603839972513,0.0,0.0,0.003021187641691521
2018-08-08 04:00:00,0.0,0.0,0.0,0.0041368088349488415,0.0,0.0,0.011922581240859204,0.0,0.0,0.0,0.0,7.550351124547476e-07,0.0,0.0015296256388683792,0.00036370926539441536,0.0,0.0,0.006664054326614943,0.0,0.0006886545633894338,0.0,0.0,0.0029157653967952007
2018-08-08 05:00:00,0.0,0.0,0.0,0.0035490025945763954,0.0,0.0,0.043202304051682176,0.0,0.0,0.0,0.0,6.477508823854844e-07,0.0,0.001393315354915236,0.0006800441141201197,0.0,0.0,0.005717147453309132,0.0,0.0017866660545294887,0.0,0.0,0.002148927962674433
2018-08-08 06:00:00,0.0,0.0,0.0,0.0031818167739703167,0.0,0.0,0.07010549346122973,0.0,0.0,0.0,0.0,5.80733478774537e-07,0.0,0.0013197963679418933,0.0006736991575322525,0.0,0.0,0.005125641692682934,0.0,0.003400906632295654,0.0,0.0,0.0017066153736978072
2018-08-08 07:00:00,0.0,0.0,0.0,0.0030626950768971087,0.0,0.0,0.09007522014293153,0.0,0.0,0.0,0.0,5.589918253566598e-07,0.0,0.0012593204823944464,0.0007285864372887659,0.0,0.0,0.004933746564711848,0.0,0.00567564693452648,0.0,0.0,0.001785834248165114
2018-08-08 08:00:00,0.0,0.0,0.0,0.0029719506174221855,0.0,0.0,0.09949748076165892,0.0,0.0,0.0,0.0,5.42429480830256e-07,0.0,0.001183156662396537,0.0004618758840040893,0.0,0.0,0.004787564801931003,0.0,0.007055256777594628,0.0,0.0,0.0019518479785044583
2018-08-08 09:00:00,0.0,0.0,0.0,0.00279629209309483,0.0,0.0,0.10492249375086171,0.0,0.0,0.0,0.0,5.103689339302734e-07,0.0,0.0010917356493865603,0.0003596334142181311,0.0,0.0,0.0045045935562788,0.0,0.007571507558153446,0.0,0.0,0.002222032938200459
2018-08-08 10:00:00,0.0,0.0,0.0,0.002687918644394961,0.0,0.0,0.10289148324180236,0.0,0.0,0.0,0.0,4.905890112190934e-07,0.0,0.0010380096326353806,0.0003642984347072087,0.0,0.0,0.004330012960821463,0.0,0.008219483080025104,0.0,0.0,0.002080805416908082
2018-08-08 11:00:00,0.0,0.0,0.0,0.0027394076317455154,0.0,0.0,0.11326678055775118,0.0,0.0,0.0,0.0,4.99986591553474e-07,0.0,0.0010448710796173248,0.00026706564242716694,0.0,0.0,0.004412957429037559,0.0,0.008324037246458247,0.0,0.0,0.0018507244288370945
2018-08-08 12:00:00,0.0,0.0,0.0,0.002778501540619355,0.0,0.0,0.114972464386289,0.0,0.0,0.0,0.0,5.071218678160572e-07,0.0,0.0010508447937172282,0.0004515720484182558,0.0,0.0,0.004475934458668232,0.0,0.00781868804432219,0.0,0.0,0.0014196293645016417
2018-08-08 13:00:00,0.0,0.0,0.0,0.0028571805437988236,0.0,0.0,0.1301604499893067,0.0,0.0,0.0,0.0,5.214820696971702e-07,0.0,0.001092237046983741,0.0004194916471272006,0.0,0.0,0.004602679776731345,0.0,0.006965178009991746,0.0,0.0,0.0011823728598110543
2018-08-08 14:00:00,0.0,0.0,0.0,0.002991434018106245,0.0,0.0,0.12973509629871882,0.0,0.0,0.0,0.0,5.500906736455848e-07,0.0,0.0011819105201742162,0.0004077635102895489,0.0,0.0,0.004855183650757828,0.0,0.005573105006929722,0.0,0.0,0.0011547873778347956
2018-08-08 15:00:00,0.0,0.0,0.0,0.003152382311661041,0.0,0.0,0.12086161824069833,0.0,0.0,0.0,0.0,5.840788032002474e-07,0.0,0.0012678164673551946,0.0004672491405604996,0.0,0.0,0.005155168033041604,0.0,0.004087714626938846,0.0,0.0,0.0013838108030248082
2018-08-08 16:00:00,0.0,0.0,0.0,0.0037760250142564095,0.0,0.0,0.056818040153614406,0.0,0.0,0.0,0.0,6.917673999306448e-07,0.005330206712362388,0.0015818055448914487,0.0005172158617274638,0.0,0.0,0.006105643907779559,0.0,0.002940349856397388,0.0,0.0,0.0017046052974573943
2018-08-08 17:00:00,0.0,0.0,0.0,0.00419344535449019,0.0,0.0,0.001876380035246082,0.0,0.0,0.0,0.0,7.653722014059406e-07,0.03192390005259087,0.001785594778794734,0.000836655294284608,0.0,0.0,0.006755291040263716,0.0,0.001342748704006,0.0,0.0,0.0012768148143322488
2018-08-08 18:00:00,0.0,0.0,0.0,0.0041312634620531054,0.0,0.0,0.0,0.0,0.0,0.0,0.0,7.540229914177386e-07,0.029968404212871756,0.0017537492671370392,0.0009878171850712144,0.0,0.0,0.006655121192957348,0.0,0.0003257940661475652,0.0,0.0,0.0012348964791436847
2018-08-08 19:00:00,0.0,0.0,0.0,0.0042626975094519235,0.0,0.0,0.0,0.0,0.0,0.0,0.0,7.780118496699661e-07,0.01942937140060124,0.0017992095793887028,0.0008547448580501016,0.0,0.0,0.00686685049135589,0.0,2.1367566631910813e-05,0.0,0.0,0.001855139042134668
2018-08-08 20:00:00,0.0,0.0,0.0,0.004553656805440057,0.0,0.0,0.0,0.0,0.0,0.0,0.0,8.311166687542327e-07,0.0035695323818687027,0.0017637081001847176,0.0008038688871618778,0.0,0.0,0.007335561672524729,0.0,0.0,0.0,0.0,0.0019072127786614026
2018-08-08 21:00:00,0.0,0.0,0.0,0.004886117160793163,0.0,0.0,0.0,0.0,0.0,0.0,0.0,8.917961083430535e-07,0.0,0.001754815641127181,0.0006686377334411921,0.0,0.0,0.00787112760218563,0.0,0.0,0.0,0.0,0.0019257006553074674
2018-08-08 22:00:00,0.0,0.0,0.0,0.005305740125007008,0.0,0.0,0.0,0.0,0.0,0.0,0.0,9.68384146276335e-07,0.0,0.0018104334301460216,0.0005147256639479743,0.0,0.0,0.008547105231751596,0.0,0.0,0.0,0.0,0.0012835925956795526
2018-08-08 23:00:00,0.0,0.0,0.0,0.0056494037317180125,0.0,0.0,0.0,0.0,0.0,0.0,0.0,1.0311083620407927e-06,0.0,0.001926803706499402,0.0004884726250035488,0.0,0.0,0.00910071866582049,0.0,0.0,0.0,0.0,0.0010591154863857904
2018-08-09 00:00:00,0.0,0.0,0.0,0.00581579963742053,0.0,0.0,0.0,0.0,0.0,0.0,0.0,1.0614783299041166e-06,0.0,0.001975722007499546,0.00046899360196856914,0.0,0.0,0.009368768604691205,0.0,0.0,0.0,0.0,0.0007635299104787934
2018-08-09 01:00:00,0.0,0.0,0.0,0.005868719603448982,0.0,0.0,0.0,0.0,0.0,0.0,0.0,1.0711370871964117e-06,0.0,0.0019592919771942575,0.00044342843134651135,0.0,0.0,0.009454018260318714,0.0,0.0,0.0,0.0,0.0008244243372528151
2018-08-09 02:00:00,0.0,0.0,0.0,0.005897060781835787,0.0,0.0,0.0,0.0,0.0,0.0,0.0,1.076309814693414e-06,0.0,0.001976789978604781,0.0003958900763517958,0.0,0.0,0.009499673537123955,0.0,0.0,0.0,0.0,0.0005592015424256927
2018-08-09 03:00:00,0.0,0.0,0.0,0.00576988440988472,0.0,0.0,0.0,0.0,0.0,0.0,0.0,1.0530980516826515e-06,0.0,0.0019589354708545014,0.00042577083903859567,0.0,0.0,0.00929480299909384,0.0,9.039672488382043e-05,0.0,0.0,0.000345931543525245
2018-08-09 04:00:00,0.0,0.0,0.0,0.004966039986097813,0.0,0.0,0.0,0.0,0.0,0.0,0.0,9.063833280573875e-07,0.0066631779693018985,0.0018278221484876278,0.0005081995481425918,0.0,0.0,0.00799987661404886,0.0,0.0007930862288504822,0.0,0.0,0.00031426344175821227
2018-08-09 05:00:00,0.0,0.0,0.0,0.004305953250047241,0.0,0.0,0.0,0.0,0.0,0.0,0.0,7.859067281300927e-07,0.04055840745587828,0.0017449374014997115,0.0007803855429005882,0.0,0.0,0.006936531885098303,0.0,0.0021799024715659743,0.0,0.0,0.0002967235991348635
2018-08-09 06:00:00,0.0,0.0,0.0,0.0038931471648788107,0.0,0.0,0.006021101261973004,0.0,0.0,0.0,0.0,7.105628818532306e-07,0.06789316087625522,0.0016075104528497552,0.0007192289708949302,0.0,0.0,0.0062715356796466965,0.0,0.004219944895978795,0.0,0.0,0.00022446566564970124
2018-08-09 07:00:00,0.0,0.0,0.0,0.003663687789462835,0.0,0.0,0.021120142619389947,0.0,0.0,0.0,0.0,6.637295958251269e-07,0.05551874628911074,0.0014869227308439402,0.00047195216050307365,0.0,0.0,0.005858177999670076,0.0,0.006921786062548763,0.0,0.0,0.0002638574102046482
2018-08-09 08:00:00,0.0,0.0,0.0,0.0034281183894737206,0.0,0.0,0.02757673429381248,0.0,0.0,0.0,0.0,6.164862551038751e-07,0.05191841701693734,0.001320819789434594,0.00047463394199135105,0.0,0.0,0.005441201114828751,0.0,0.008232865692129061,0.0,0.0,0.0006075446154519738
2018-08-09 09:00:00,0.0,0.0,0.0,0.003234802631700179,0.0,0.0,0.056365588098970375,0.0,0.0,0.0,0.0,5.753757902442456e-07,0.03097715234712862,0.0012321912206045452,0.00040130277937281523,0.0,0.0,0.0050783539217674,0.0,0.008697037857618802,0.0,0.0,0.001211632793480339
2018-08-09 10:00:00,0.0,0.0,0.0,0.0031814021526238314,0.0,0.0,0.06377599058863251,0.0,0.0,0.0,0.0,5.638271426391473e-07,0.0016402330430917945,0.0012008021290381148,0.00031524723303786044,0.0,0.0,0.004976423807829927,0.0,0.009523556969999715,0.0,0.0,0.0018297666358011498
2018-08-09 11:00:00,0.0,0.0,0.0,0.0030396817003222943,0.0,0.0,0.0630887444025341,0.0,0.0,0.0,0.0,5.387105953303447e-07,0.003663780793480749,0.0011366470089373562,0.00032508342323524,0.0,0.0,0.004754741354918987,0.0,0.009352359993813782,0.0,0.0,0.0020939973061638584
2018-08-09 12:00:00,0.0,0.0,0.0,0.003104039849258572,0.0,0.0,0.06097331023770375,0.0,0.0,0.0,0.0,5.501165319203979e-07,0.005098404540402281,0.0011468146251023266,0.00029779859143297865,0.0,0.0,0.004855411879810099,0.0,0.009244128618493566,0.0,0.0,0.0024570036722041267
2018-08-09 13:00:00,0.0,0.0,0.0,0.0031557954034549785,0.0,0.0,0.061364152036528744,0.0,0.0,0.0,0.0,5.592889611947663e-07,0.0026494222656355862,0.0011568561440851543,0.00031124721553889116,0.0,0.0,0.004936369130649328,0.0,0.008367037670554186,0.0,0.0,0.0027466652987418304
2018-08-09 14:00:00,0.0,0.0,0.0,0.0032365389605678013,0.0,0.0,0.05005892375454037,0.0,0.0,0.0,0.0,5.820340946873032e-07,0.007207536657013144,0.0012205783658936476,0.00027375148262341354,0.0,0.0,0.005137121125834797,0.0,0.0067968706569063895,0.0,0.0,0.0030749666922348816
2018-08-09 15:00:00,0.0,0.0,0.0,0.0034499092372305327,0.0,0.0,0.034452137730476694,0.0,0.0,0.0,0.0,6.204049523607686e-07,0.001018262232237327,0.0013243140572756164,0.0002965037830831686,0.0,0.0,0.00547578813068897,0.0,0.005259179740034213,0.0,0.0,0.003400534212512705
2018-08-09 16:00:00,0.0,0.0,0.0,0.0036744226397895856,0.0,0.0,0.002834820127145423,0.0,0.0,0.0,0.0,6.535711976186602e-07,0.00050744372972441,0.0014015224496172181,0.0003215842058528773,0.0,0.0,0.005768518437614493,0.0,0.0034729670282495177,0.0,0.0,0.003668031504267418
2018-08-09 17:00:00,0.0,0.0,0.0,0.00387075526408371,0.0,0.0,0.0,0.0,0.0,0.0,0.0,6.859984295301406e-07,0.0007753340388225403,0.0014696303112059,0.0003340414716625536,0.0,0.0,0.006054726100748568,0.0,0.0015173996221951056,0.0,0.0,0.003764532362863514
2018-08-09 18:00:00,0.0,0.0,0.0,0.003877511089339604,0.0,0.0,0.0,0.0,0.0,0.0,0.0,6.871957373420619e-07,0.007132015163385818,0.0014699281836353184,0.0002884384087665689,0.0,0.0,0.006065293720946234,0.0,0.0003665815101267677,0.0,0.0,0.003769901118225206
2018-08-09 19:00:00,0.0,0.0,0.0,0.004001466119138474,0.0,0.0,0.0,0.0,0.0,0.0,0.0,7.091637900793138e-07,0.012601228155720456,0.001442236068369938,0.00033920155986506145,0.0,0.0,0.0062591870836204945,0.0,2.1701566803420325e-05,0.0,0.0,0.0038608614635307187
2018-08-09 20:00:00,0.0,0.0,0.0,0.00398249204350111,0.0,0.0,0.004250415239466859,0.0,0.0,0.0,0.0,7.058010907607097e-07,0.0012347248758462625,0.001402308099532585,0.00031765873952798785,0.0,0.0,0.006229507389824012,0.0,0.0,0.0,0.0,0.004027662175256419
2018-08-09 21:00:00,0.0,0.0,0.0,0.004008094068194866,0.0,0.0,0.01969189064998075,0.0,0.0,0.0,0.0,7.103384349053197e-07,0.0,0.001388751677853954,0.00033028942999234197,0.0,0.0,0.00626955467686994,0.0,0.0,0.0,0.0,0.003427391239065195
2018-08-09 22:00:00,0.0,0.0,0.0,0.0038755137391213884,0.0,0.0,0.03349037485687534,0.0,0.0,0.0,0.0,6.582233485171587e-07,0.0,0.0012404614738331507,0.0002057021287880409,0.0,0.0,0.005809579026468978,0.0,0.0,0.0,0.0,0.0029558869925685994
2018-08-09 23:00:00,0.0,0.0,0.0,0.004103564491018014,0.0,0.0,0.03960565574233583,0.0,0.0,0.0,0.0,6.969558468773074e-07,0.0,0.0013000223666796143,0.00022445913488920022,0.0,0.0,0.006151437926829754,0.0,0.0,0.0,0.0,0.0027081172855267337
2018-08-10 00:00:00,0.0,0.0,0.0,0.004252492122798356,0.0,0.0,0.041170158409632236,0.0,0.0,0.0,0.0,7.222499500790704e-07,0.0,0.001359493232430763,0.0002068231922476059,0.0,0.0,0.006374687514960209,0.0,0.0,0.0,0.0,0.0021721637718463242
2018-08-10 01:00:00,0.0,0.0,0.0,0.004462922998346918,0.0,0.0,0.04584714183632504,0.0,0.0,0.0,0.0,7.579898609292829e-07,0.0,0.0014149212720561523,0.0002424306141399695,0.0,0.0,0.006690133384437524,0.0,0.0,0.0,0.0,0.0018715254114874025
2018-08-10 02:00:00,0.0,0.0,0.0,0.0044479496368064406,0.0,0.0,0.04574080754096665,0.0,0.0,0.0,0.0,7.554467616564711e-07,0.0,0.0013800698579226063,0.00018304037296364037,0.0,0.0,0.006667687604853985,0.0,0.0,0.0,0.0,0.0019815648283373383
2018-08-10 03:00:00,0.0,0.0,0.0,0.004417541913095252,0.0,0.0,0.04227757347990212,0.0,0.0,0.0,0.0,7.502822660387883e-07,0.0,0.0013497259977278023,0.00011890356939652423,0.0,0.0,0.006622104983863141,0.0,4.290985530150473e-05,0.0,0.0,0.002190501922462391
2018-08-10 04:00:00,0.0,0.0,0.0,0.004420899929280969,0.0,0.0,0.04562846792981365,0.0,0.0,0.0,0.0,7.561033142490235e-07,0.0,0.0014356220669989577,0.0003438573452163886,0.0,0.0,0.0066734824375351085,0.0,0.0005650725660102955,0.0,0.0,0.0025446326834301118
2018-08-10 05:00:00,0.0,0.0,0.0,0.003972781135411985,0.0,0.0,0.05927144563987018,0.0,0.0,0.0,0.0,6.842468241904566e-07,0.005662298432021405,0.0014235813314328345,0.00030804729488325625,0.0,0.0,0.006039266166568166,0.0,0.0016406727047808454,0.0,0.0,0.0024566890087805654
2018-08-10 06:00:00,0.0,0.0,0.0,0.003777493721874597,0.0,0.0,0.06054586624398863,0.0,0.0,0.0,0.0,6.506117489213355e-07,0.012929178618716662,0.0013536598115818535,0.0004367625453644874,0.0,0.0,0.005742397894913264,0.0,0.003227124257883062,0.0,0.0,0.002518405731182824
2018-08-10 07:00:00,0.0,0.0,0.0,0.0036204626409844006,0.0,0.0,0.07216382110911268,0.0,0.0,0.0,0.0,6.235657036608612e-07,0.010902498686579262,0.001304209221397811,0.00044200706409525044,0.0,0.0,0.005503685400669242,0.0,0.005188029112805548,0.0,0.0,0.002169784482523955
2018-08-10 08:00:00,0.0,0.0,0.0,0.0035366360453522273,0.0,0.0,0.09032436209779394,0.0,0.0,0.0,0.0,6.156310835536188e-07,0.00350321670955789,0.0012782603046804506,0.00026806022308587175,0.0,0.0,0.00543365324112662,0.0,0.0063071490559714035,0.0,0.0,0.0016442196789761595
2018-08-10 09:00:00,0.0,0.0,0.0,0.0034637694470936705,0.0,0.0,0.10385734302516217,0.0,0.0,0.0,0.0,6.05100394701477e-07,0.002955641260487463,0.0012308110057537242,0.0003164072567543074,0.0,0.0,0.00534070778541239,0.0,0.006792617493726465,0.0,0.0,0.0010917094270985965
2018-08-10 10:00:00,0.0,0.0,0.0,0.0034716185743885217,0.0,0.0,0.10729507344998605,0.0,0.0,0.0,0.0,6.064715916291946e-07,0.009804924497463771,0.0012220165092628869,0.0003214858051946058,0.0,0.0,0.005352810177298626,0.0,0.00738224742957264,0.0,0.0,0.0007192387440445051
2018-08-10 11:00:00,0.0,0.0,0.0,0.003388033065861392,0.0,0.0,0.12088879518304393,0.0,0.0,0.0,0.0,5.918696889986578e-07,0.012977575689721806,0.0011875584928526554,0.00029184364474956387,0.0,0.0,0.005223931571791826,0.0,0.007235372919712825,0.0,0.0,0.00048272340522564287
2018-08-10 12:00:00,0.0,0.0,0.0,0.003466109975253238,0.0,0.0,0.12602696858255066,0.0,0.0,0.0,0.0,6.055092713703191e-07,0.002463706693639862,0.0012102471936126559,0.00024678867046340957,0.0,0.0,0.005344316592856046,0.0,0.00696017365684493,0.0,0.0,0.0003689716176269598
2018-08-10 13:00:00,0.0,0.0,0.0,0.0035654070036999935,0.0,0.0,0.11753111184819907,0.0,0.0,0.0,0.0,6.228558852323446e-07,0.0013834514021556633,0.0012425929336591596,0.00023675558029996374,0.0,0.0,0.005497420435647567,0.0,0.006366047157197745,0.0,0.0,0.00041794553913267787
2018-08-10 14:00:00,0.0,0.0,0.0,0.0035667579713380727,0.0,0.0,0.10633432042599024,0.0,0.0,0.0,0.0,6.230918914283448e-07,0.011433108764120181,0.0012948874182281017,0.00034325047576332665,0.0,0.0,0.00549950346209974,0.0,0.005070642966555169,0.0,0.0,0.0005641836520158692
2018-08-10 15:00:00,0.0,0.0,0.0,0.0034556213256496924,0.0,0.0,0.0909915537977453,0.0,0.0,0.0,0.0,6.036769652333398e-07,0.01417980944316388,0.001313553807681341,0.0003347653385609226,0.0,0.0,0.005328144381208668,0.0,0.0035560086625770287,0.0,0.0,0.0016560646876231193
2018-08-10 16:00:00,0.0,0.0,0.0,0.003373901743599981,0.0,0.0,0.05909559220382781,0.0,0.0,0.0,0.0,5.894010291156485e-07,0.001228046058047119,0.0013055172893184786,0.0003259238714344163,0.0,0.0,0.005202142805543826,0.0,0.0022335716347492538,0.0,0.0,0.003905407286116197
2018-08-10 17:00:00,0.0,0.0,0.0,0.0036830095336373527,0.0,0.0,0.01656627126733289,0.0,0.0,0.0,0.0,6.434003638328754e-07,0.01189427569811965,0.001361222732451507,0.00036083194125093254,0.0,0.0,0.005678749117251259,0.0,0.0010891547055193634,0.0,0.0,0.004649538619664175
2018-08-10 18:00:00,0.0,0.0,0.0,0.003766861937052759,0.0,0.0,0.0,0.0,0.0,0.0,0.0,6.580488914494878e-07,0.025280852485130775,0.0013948422410822072,0.00042230897067888567,0.0,0.0,0.005808039241951088,0.0,0.00028540912718626356,0.0,0.0,0.004867105284107806
2018-08-10 19:00:00,0.0,0.0,0.0,0.004037324131115246,0.0,0.0,0.0,0.0,0.0,0.0,0.0,7.027871111481903e-07,0.014200863995011795,0.0014805810936854688,0.000298290837474587,0.0,0.0,0.006202905549001223,0.0,1.4674976058413007e-05,0.0,0.0,0.004883726251887294
2018-08-10 20:00:00,0.0,0.0,0.0,0.004437139510867345,0.0,0.0,0.0,0.0,0.0,0.0,0.0,7.642249888216223e-07,0.002876655721565084,0.0016075589481781708,0.0003659377305713409,0.0,0.0,0.006745165568136708,0.0,0.0,0.0,0.0,0.003630743450910359
2018-08-10 21:00:00,0.0,0.0,0.0,0.004841373696701132,0.0,0.0,0.0,0.0,0.0,0.0,0.0,8.338477413615253e-07,0.00077853519620384,0.0017101413819735794,0.00029951117930422145,0.0,0.0,0.007359666533245388,0.0,0.0,0.0,0.0,0.003119436576861825
2018-08-10 22:00:00,0.0,0.0,0.0,0.00503097486231278,0.0,0.0,0.0,0.0,0.0,0.0,0.0,8.544686828869082e-07,0.0,0.0016358910365727795,0.000236529113178326,0.0,0.0,0.007541670088211629,0.0,0.0,0.0,0.0,0.003666106050369828
2018-08-10 23:00:00,0.0,0.0,0.0,0.004712710861211477,0.0,0.0,0.0,0.0,0.0,0.0,0.0,8.004142244024285e-07,0.0,0.0015301792666998987,0.00015249020293364653,0.0,0.0,0.007064577245780523,0.0,0.0,0.0,0.0,0.0029793032335132088
2018-08-11 00:00:00,0.0,0.0,0.0,0.004758852330133636,0.0,0.0,0.0,0.0,0.0,0.0,0.0,8.082509640513836e-07,0.0,0.0015908422898395314,0.00014383745083973367,0.0,0.0,0.007133745497564715,0.0,0.0,0.0,0.0,0.002245614834645319
2018-08-11 01:00:00,0.0,0.0,0.0,0.005118509744884346,0.0,0.0,0.0,0.0,0.0,0.0,0.0,8.69335745009974e-07,0.0,0.0017232993476111057,0.00014970658502796194,0.0,0.0,0.007672889031583892,0.0,0.0,0.0,0.0,0.0025230123580217466
2018-08-11 02:00:00,0.0,0.0,0.0,0.00508596631847878,0.0,0.0,0.0,0.0,0.0,0.0,0.0,8.638085182878336e-07,0.0,0.0017315410356962871,0.0001349748922439043,0.0,0.0,0.00762410489089392,0.0,0.0,0.0,0.0,0.0023812744064887563
2018-08-11 03:00:00,0.0,0.0,0.0,0.005039361257900786,0.0,0.0,0.0,0.0,0.0,0.0,0.0,8.558930415029556e-07,0.0,0.0016714614629484952,0.00013653592216595345,0.0,0.0,0.007554241693215615,0.0,0.00010128933138666176,0.0,0.0,0.0028027579440997475
2018-08-11 04:00:00,0.0,0.0,0.0,0.004820719663175402,0.0,0.0,0.0,0.0,0.0,0.0,0.0,8.187586091946594e-07,0.0,0.0016904261829171537,0.00011915675225479677,0.0,0.0,0.007226487566012263,0.0,0.0004968538813150309,0.0,0.0,0.002692896208356627
2018-08-11 05:00:00,0.0,0.0,0.0,0.004607921517594926,0.0,0.0,0.0,0.0,0.0,0.0,0.0,7.826166374791942e-07,0.0,0.0017792829488496196,0.000143164181111105,0.0,0.0,0.0069074930464066925,0.0,0.0014979408975733354,0.0,0.0,0.0017510699096993463
2018-08-11 06:00:00,0.0,0.0,0.0,0.004441404286185473,0.0,0.0,0.004561659662763129,0.0,0.0,0.0,0.0,7.543350890130582e-07,0.0007487788852041182,0.0017437348771769782,0.0001643262424892751,0.0,0.0,0.006657875813631416,0.0,0.0030292261255363056,0.0,0.0,0.0012954426042270394
2018-08-11 07:00:00,0.0,0.0,0.0,0.003962008520841769,0.0,0.0,0.026423952482217312,0.0,0.0,0.0,0.0,6.823914168431465e-07,0.0006907782219353933,0.0015471548614509787,0.00023011900586732264,0.0,0.0,0.0060228900601374665,0.0,0.004533948553064335,0.0,0.0,0.0006854196147909379
2018-08-11 08:00:00,0.0,0.0,0.0,0.003593914141858936,0.0,0.0,0.05475442030683624,0.0,0.0,0.0,0.0,6.103960300431965e-07,7.798712776564566e-05,0.0013674950540756,0.00033043013146430753,0.0,0.0,0.005387447865481546,0.0,0.005288009999359065,0.0,0.0,0.0005988011073105166
2018-08-11 09:00:00,0.0,0.0,0.0,0.0033490918400492647,0.0,0.0,0.0744092028446145,0.0,0.0,0.0,0.0,5.688150252690078e-07,0.0,0.0012107335544835989,0.00016303438337716714,0.0,0.0,0.005020447615824897,0.0,0.006028382497785366,0.0,0.0,0.0006866687361543848
2018-08-11 10:00:00,0.0,0.0,0.0,0.0031786643722780295,0.0,0.0,0.0824734565356904,0.0,0.0,0.0,0.0,5.398693561095134e-07,0.0,0.0010567406134429805,0.0001754214399711299,0.0,0.0,0.004764968753163853,0.0,0.007117806753979923,0.0,0.0,0.0005882128404592935
2018-08-11 11:00:00,0.0,0.0,0.0,0.0034030281307254554,0.0,0.0,0.08738647882548607,0.0,0.0,0.0,0.0,5.779756497036732e-07,0.0,0.0011257097794639145,0.00021599283730940503,0.0,0.0,0.0051013006753599065,0.0,0.008387976440620287,0.0,0.0,0.0005780402075889339
2018-08-11 12:00:00,0.0,0.0,0.0,0.003426489655030493,0.0,0.0,0.08408191226527295,0.0,0.0,0.0,0.0,5.819603918898486e-07,0.0,0.0011227091099199331,0.00027539091254331536,0.0,0.0,0.005136470613774946,0.0,0.00833284622503493,0.0,0.0,0.0004738808834947651
2018-08-11 13:00:00,0.0,0.0,0.0,0.0034806074589087024,0.0,0.0,0.08860569910105368,0.0,0.0,0.0,0.0,5.911518448122127e-07,0.0,0.001142237414159546,0.00024124617046093514,0.0,0.0,0.005217595770214384,0.0,0.007793809420306759,0.0,0.0,0.0004767513952115834
2018-08-11 14:00:00,0.0,0.0,0.0,0.003522100300545208,0.0,0.0,0.07921570354180464,0.0,0.0,0.0,0.0,5.981990542920234e-07,0.0,0.0011965188061140704,0.00025820155661749754,0.0,0.0,0.005279795509073957,0.0,0.00635422776368609,0.0,0.0,0.0004990513242402683
2018-08-11 15:00:00,0.0,0.0,0.0,0.0038311092127821006,0.0,0.0,0.05224093988733048,0.0,0.0,0.0,0.0,6.506816139281876e-07,0.0,0.0013441451679474243,0.0002529478709223371,0.0,0.0,0.005743014534051645,0.0,0.005110167764923036,0.0,0.0,0.0005188259553298486
2018-08-11 16:00:00,0.0,0.0,0.0,0.004455521327499045,0.0,0.0,0.017771861340539673,0.0,0.0,0.0,0.0,7.567327495117877e-07,0.0,0.0017274654598121806,0.000252616056508008,0.0,0.0,0.006679037928553944,0.0,0.003911980470271604,0.0,0.0,0.0005504879148717402
2018-08-11 17:00:00,0.0,0.0,0.0,0.005248956853441091,0.0,0.0,0.0,0.0,0.0,0.0,0.0,8.91491087082911e-07,0.01251160748758101,0.002050493295245104,0.00034364661349388847,0.0,0.0,0.00786843543831824,0.0,0.0021304461226337008,0.0,0.0,0.0007452746386760941
2018-08-11 18:00:00,0.0,0.0,0.0,0.005229155958123385,0.0,0.0,0.0,0.0,0.0,0.0,0.0,8.881280718810575e-07,0.023863931128699414,0.002017159105326851,0.00034536963721223924,0.0,0.0,0.007838752956488329,0.0,0.0005171159937197528,0.0,0.0,0.0011053039513534086
2018-08-11 19:00:00,0.0,0.0,0.0,0.005059037291726258,0.0,0.0,0.0,0.0,0.0,0.0,0.0,8.59234850032597e-07,0.04054258948399959,0.00191214811516366,0.00039221961004805013,0.0,0.0,0.007583737001742755,0.0,7.998674620391605e-06,0.0,0.0,0.001958308851036874
2018-08-11 20:00:00,0.0,0.0,0.0,0.004856379765550714,0.0,0.0,0.0,0.0,0.0,0.0,0.0,8.364322922350648e-07,0.04206434276656341,0.0018152183516144025,0.0003599368266084147,0.0,0.0,0.007382478170938857,0.0,0.0,0.0,0.0,0.0027230641493989154
2018-08-11 21:00:00,0.0,0.0,0.0,0.005244081627938449,0.0,0.0,0.0,0.0,0.0,0.0,0.0,9.032076214136309e-07,0.017558272163665765,0.0017121077006876549,0.0002817900445525799,0.0,0.0,0.007971847345938955,0.0,0.0,0.0,0.0,0.0037082528724277923
2018-08-11 22:00:00,0.0,0.0,0.0,0.005589776458787514,0.0,0.0,0.0,0.0,0.0,0.0,0.0,9.627479238076114e-07,0.0033116812111776547,0.0016862222398647362,0.0002632293054886709,0.0,0.0,0.008497359078084191,0.0,0.0,0.0,0.0,0.0038858204537623657
2018-08-11 23:00:00,0.0,0.0,0.0,0.005590410466607869,0.0,0.0,0.0,0.0,0.0,0.0,0.0,9.628571213251193e-07,0.0,0.0016859955287735786,0.00019074013309617466,0.0,0.0,0.008498322871922386,0.0,0.0,0.0,0.0,0.003458204223932722
2018-08-12 00:00:00,0.0,0.0,0.0,0.005557747253116518,0.0,0.0,0.0,0.0,0.0,0.0,0.0,9.57231414965387e-07,0.0,0.0016763939799523619,0.00014894691283401674,0.0,0.0,0.00844866953502663,0.0,0.0,0.0,0.0,0.0026649990116993398
2018-08-12 01:00:00,0.0,0.0,0.0,0.00575148372889803,0.0,0.0,0.0,0.0,0.0,0.0,0.0,9.836720981776266e-07,0.0,0.0017285066769543677,0.00015331837189994088,0.0,0.0,0.008682039012091504,0.0,0.0,0.0,0.0,0.001998065959734329
2018-08-12 02:00:00,0.0,0.0,0.0,0.0058291125371952275,0.0,0.0,0.0,0.0,0.0,0.0,0.0,9.900256408291926e-07,0.0,0.00172402786393333,0.00014097494380445753,0.0,0.0,0.008738116342401143,0.0,0.0,0.0,0.0,0.0015785629686879696
2018-08-12 03:00:00,0.0,0.0,0.0,0.0059619369757004225,0.0,0.0,0.0,0.0,0.0,0.0,0.0,1.0125847523594285e-06,0.0,0.00175038941186123,0.00014114197284862632,0.0,0.0,0.00893722647955608,0.0,0.00017618177883327587,0.0,0.0,0.001450989038301219
2018-08-12 04:00:00,0.0,0.0,0.0,0.005871112758884053,0.0,0.0,0.0,0.0,0.0,0.0,0.0,1.0112035178383626e-06,0.0,0.0017579220523164852,0.0001613117505466251,0.0,0.0,0.00892503549434977,0.0,0.0010567928218389539,0.0,0.0,0.001018324723314696
2018-08-12 05:00:00,0.0,0.0,0.0,0.005264599015020428,0.0,0.0,7.979854794606757e-05,0.0,0.0,0.0,0.0,9.0674140705976e-07,0.0,0.0017116427492600928,0.00014713731492454855,0.0,0.0,0.00800303707358997,0.0,0.0027189546147856005,0.0,0.0,0.0003919099855428586
2018-08-12 06:00:00,0.0,0.0,0.0,0.004811496122985204,0.0,0.0,0.004115370061007998,0.0,0.0,0.0,0.0,8.287018160681806e-07,0.0,0.0015502269866894374,0.00014704346570961879,0.0,0.0,0.007314247816751446,0.0,0.005160193554330871,0.0,0.0,0.00020455763298493098
2018-08-12 07:00:00,0.0,0.0,0.0,0.004476973145998317,0.0,0.0,0.019747274803530508,0.0,0.0,0.0,0.0,7.7108568348496e-07,0.0,0.001353678291210214,0.00010848820076541294,0.0,0.0,0.006805719098960136,0.0,0.008243261508200416,0.0,0.0,0.00010262325037906333
2018-08-12 08:00:00,0.0,0.0,0.0,0.004319953475749634,0.0,0.0,0.02431179342572765,0.0,0.0,0.0,0.0,7.440416035215788e-07,0.0,0.0012876620009607143,0.00010302930924198055,0.0,0.0,0.006567023950726095,0.0,0.010208152753526389,0.0,0.0,9.385363212754975e-05
2018-08-12 09:00:00,0.0,0.0,0.0,0.004088690621874149,0.0,0.0,0.04633046218976226,0.0,0.0,0.0,0.0,7.042103447827022e-07,0.0,0.0011630930051460344,0.0001088397329584346,0.0,0.0,0.006215467224747689,0.0,0.01109121559180286,0.0,0.0,0.00010503959616449313
2018-08-12 10:00:00,0.0,0.0,0.0,0.004043558669285402,0.0,0.0,0.045319974201790264,0.0,0.0,0.0,0.0,6.964371012598969e-07,0.0,0.0011199623880232058,0.00010490639627678859,0.0,0.0,0.00614685939939561,0.0,0.012546457185833764,0.0,0.0,0.00014529502873050862
2018-08-12 11:00:00,0.0,0.0,0.0,0.003940455900069084,0.0,0.0,0.04398522309082274,0.0,0.0,0.0,0.0,6.786793290602988e-07,0.0,0.0010918768864724762,0.00010631365584422406,0.0,0.0,0.005990126610806434,0.0,0.012721923973064117,0.0,0.0,0.0003505057778623224
2018-08-12 12:00:00,0.0,0.0,0.0,0.003935506426994082,0.0,0.0,0.04318857548709161,0.0,0.0,0.0,0.0,6.778268629622297e-07,0.0,0.0010700852462229705,0.00011335924055863571,0.0,0.0,0.0059826026158353125,0.0,0.01236147747789703,0.0,0.0,0.0007117412367734547
2018-08-12 13:00:00,0.0,0.0,0.0,0.0040138394840663755,0.0,0.0,0.04390045612099438,0.0,0.0,0.0,0.0,6.913184558046049e-07,0.0,0.0010864028949861507,0.0001329714619561221,0.0,0.0,0.00610168145888653,0.0,0.011325003449823949,0.0,0.0,0.0009693258124691104
2018-08-12 14:00:00,0.0,0.0,0.0,0.004297841966596361,0.0,0.0,0.022149251643548477,0.0,0.0,0.0,0.0,7.402332563208421e-07,0.0,0.0011798527816789417,0.0001543820778110582,0.0,0.0,0.006533410901184851,0.0,0.009395620802473166,0.0,0.0,0.0011976370277906488
2018-08-12 15:00:00,0.0,0.0,0.0,0.004371472480053486,0.0,0.0,0.004316425353642922,0.0,0.0,0.0,0.0,7.529149126415159e-07,0.0,0.001260595471949909,0.00025468886029954204,0.0,0.0,0.006645341121751242,0.0,0.006866239806743501,0.0,0.0,0.0015590872951394056
2018-08-12 16:00:00,0.0,0.0,0.0,0.004575378778117167,0.0,0.0,0.0,0.0,0.0,0.0,0.0,7.880344503474452e-07,0.0329930672299247,0.0015097279306964253,0.0005752815209134002,0.0,0.0,0.006955311483840783,0.0,0.004539117288731768,0.0,0.0,0.001861731892100099
2018-08-12 17:00:00,0.0,0.0,0.0,0.004897024948504425,0.0,0.0,0.0,0.0,0.0,0.0,0.0,8.434327627887574e-07,0.03810595684607801,0.0016357780515492382,0.0005035631964629366,0.0,0.0,0.00744426538495332,0.0,0.0020902098699388124,0.0,0.0,0.0020900118135126398
2018-08-12 18:00:00,0.0,0.0,0.0,0.004548151791627141,0.0,0.0,0.0,0.0,0.0,0.0,0.0,7.833450455191712e-07,0.06878845366729058,0.001557803145271843,0.0007276519044599992,0.0,0.0,0.0069139220861563384,0.0,0.0004615849059338726,0.0,0.0,0.0025968250244435055
2018-08-12 19:00:00,0.0,0.0,0.0,0.004372548661090005,0.0,0.0,0.0,0.0,0.0,0.0,0.0,7.53100267291418e-07,0.0622097431925469,0.0014971336181112168,0.0010042351210835813,0.0,0.0,0.0066469770899814104,0.0,1.192974315005743e-05,0.0,0.0,0.0034849812650396667
2018-08-12 20:00:00,0.0,0.0,0.0,0.00453486170061243,0.0,0.0,0.0,0.0,0.0,0.0,0.0,7.810560438701856e-07,0.05482390164133854,0.001515684387538215,0.0010110787751249635,0.0,0.0,0.006893719010708683,0.0,0.0,0.0,0.0,0.004001600602959233
2018-08-12 21:00:00,0.0,0.0,0.0,0.005225866777116907,0.0,0.0,0.0,0.0,0.0,0.0,0.0,9.000704101243787e-07,0.02557363300263983,0.0015652701766771333,0.0007772328838319694,0.0,0.0,0.0079441578436618,0.0,0.0,0.0,0.0,0.004577740460216693
2018-08-12 22:00:00,0.0,0.0,0.0,0.005680882356393258,0.0,0.0,0.0,0.0,0.0,0.0,0.0,9.784394303308582e-07,0.0003173333881808526,0.0015406698647458925,0.0006198624510132642,0.0,0.0,0.008635854692675384,0.0,0.0,0.0,0.0,0.004333600112516006
2018-08-12 23:00:00,0.0,0.0,0.0,0.00611035314940346,0.0,0.0,0.0,0.0,0.0,0.0,0.0,1.0524087772904445e-06,0.0,0.0016576002858406686,0.00038475940085142815,0.0,0.0,0.009288719358850039,0.0,0.0,0.0,0.0,0.003962590483122648
2018-08-13 00:00:00,0.0,0.0,0.0,0.005855709153756555,0.0,0.0,0.0,0.0,0.0,0.0,0.0,1.0085504978177964e-06,0.0,0.0015729354516015306,0.0004562904177870619,0.0,0.0,0.008901619537588277,0.0,0.0,0.0,0.0,0.003708571502190509
2018-08-13 01:00:00,0.0,0.0,0.0,0.006125930039254673,0.0,0.0,0.0,0.0,0.0,0.0,0.0,1.0550916427814356e-06,0.0,0.0016311395960021625,0.00024874451833949206,0.0,0.0,0.009312398736256527,0.0,0.0,0.0,0.0,0.00379679651171058
2018-08-13 02:00:00,0.0,0.0,0.0,0.006450323101247811,0.0,0.0,0.0,0.0,0.0,0.0,0.0,1.1109630625482345e-06,0.0,0.0017228199546846998,0.00027876752695458145,0.0,0.0,0.0098055283543223,0.0,0.0,0.0,0.0,0.002721126389187859
2018-08-13 03:00:00,0.0,0.0,0.0,0.006177525464654954,0.0,0.0,0.0,0.0,0.0,0.0,0.0,1.063978114190145e-06,0.004119996265459218,0.0016874616426528549,0.0007135641393259338,0.0,0.0,0.009390832079637096,0.0,0.00010993607325430086,0.0,0.0,0.0016124064437410147
2018-08-13 04:00:00,0.0,0.0,0.0,0.0052297186578218555,0.0,0.0,9.059411301695305e-05,0.0,0.0,0.0,0.0,9.007338338191875e-07,0.013066243299903125,0.0016038034418222877,0.0008935814282654533,0.0,0.0,0.007950013321732743,0.0,0.000783510324202652,0.0,0.0,0.0011620624036977859
2018-08-13 05:00:00,0.0,0.0,0.0,0.004145366100093338,0.0,0.0,0.004676621910865741,0.0,0.0,0.0,0.0,7.139717725229027e-07,0.09693928679469706,0.001382156317226361,0.0007462988988037992,0.0,0.0,0.006301623065307911,0.0,0.0019082543438147625,0.0,0.0,0.0008033169751688601
2018-08-13 06:00:00,0.0,0.0,0.0,0.0039085058606167,0.0,0.0,0.013846045072516614,0.0,0.0,0.0,0.0,6.731764553094179e-07,0.07500581508058445,0.0013379560137999195,0.0008953706955239812,0.0,0.0,0.005941557413131442,0.0,0.0037766750832940324,0.0,0.0,0.0004195609411857834
2018-08-13 07:00:00,0.0,0.0,0.0,0.0036557087266920556,0.0,0.0,0.019853212033247067,0.0,0.0,0.0,0.0,6.296362676785054e-07,0.06853944168485324,0.0012529493525343708,0.0011349170172947167,0.0,0.0,0.005557265118671031,0.0,0.006086096507710913,0.0,0.0,0.00033119272268327364
2018-08-13 08:00:00,0.0,0.0,0.0,0.0034800968760174858,0.0,0.0,0.035319777290047386,0.0,0.0,0.0,0.0,5.993899875491515e-07,0.09369384168865406,0.0011901065602114272,0.000992383142097184,0.0,0.0,0.005290306866484968,0.0,0.007440103368207374,0.0,0.0,0.0004074018767984906
2018-08-13 09:00:00,0.0,0.0,0.0,0.003375952148685108,0.0,0.0,0.049986994916984155,0.0,0.0,0.0,0.0,5.814527550401247e-07,0.09135856794684484,0.0010661505787644024,0.0006681470827601999,0.0,0.0,0.005131990134007917,0.0,0.008314602730192076,0.0,0.0,0.0005704076311606051
2018-08-13 10:00:00,0.0,0.0,0.0,0.0032334706472198567,0.0,0.0,0.06789001250588801,0.0,0.0,0.0,0.0,5.608623728068991e-07,0.08955104051530915,0.0010065329880529863,0.0005968909142464039,0.0,0.0,0.004950256299985455,0.0,0.009210491569317476,0.0,0.0,0.0007238271465178656
2018-08-13 11:00:00,0.0,0.0,0.0,0.0031639216440139434,0.0,0.0,0.07964858629024606,0.0,0.0,0.0,0.0,5.527187258966576e-07,0.07481705866283453,0.000987551492055432,0.000527154057673986,0.0,0.0,0.004878379238201957,0.0,0.009337688444737348,0.0,0.0,0.0009182501679326446
2018-08-13 12:00:00,0.0,0.0,0.0,0.0031456640087132643,0.0,0.0,0.07905079191315646,0.0,0.0,0.0,0.0,5.495292231033854e-07,0.07110162802278717,0.0009842382095311337,0.000712588341618865,0.0,0.0,0.004850228203185648,0.0,0.008907284941129544,0.0,0.0,0.0011761110952501666
2018-08-13 13:00:00,0.0,0.0,0.0,0.0032251240647072983,0.0,0.0,0.08067221747621467,0.0,0.0,0.0,0.0,5.634104331490869e-07,0.06548884828802588,0.0010102252999809533,0.0005172392157541268,0.0,0.0,0.0049727458667191485,0.0,0.008049792990845453,0.0,0.0,0.0013802169724265025
2018-08-13 14:00:00,0.0,0.0,0.0,0.0033525322768627203,0.0,0.0,0.0825411560206686,0.0,0.0,0.0,0.0,5.856679074530257e-07,0.03295298850782761,0.0010749473011216306,0.0004903458704013784,0.0,0.0,0.0051691937080022565,0.0,0.006316785070480002,0.0,0.0,0.0016269825362086054
2018-08-13 15:00:00,0.0,0.0,0.0,0.00350774069546379,0.0,0.0,0.06277264980818993,0.0,0.0,0.0,0.0,6.127819162780939e-07,0.03470742867277344,0.0011511003240984381,0.0006012656334901896,0.0,0.0,0.005408506058967127,0.0,0.004592568656434263,0.0,0.0,0.0018648561539878216
2018-08-13 16:00:00,0.0,0.0,0.0,0.003622604985248622,0.0,0.0,0.01942936595914869,0.0,0.0,0.0,0.0,6.328480402356874e-07,0.056387524862161,0.001316481004050692,0.0007403626214828714,0.0,0.0,0.005585612709998549,0.0,0.002872281236897531,0.0,0.0,0.002275684765994661
2018-08-13 17:00:00,0.0,0.0,0.0,0.0036986004094580666,0.0,0.0,2.4369726327383194e-05,0.0,0.0,0.0,0.0,6.461239992413382e-07,0.0797006902558752,0.0013771944903996918,0.0007470230297815321,0.0,0.0,0.005702788336127952,0.0,0.001162686372500922,0.0,0.0,0.002281064580739308
2018-08-13 18:00:00,0.0,0.0,0.0,0.003709373154031342,0.0,0.0,0.0,0.0,0.0,0.0,0.0,6.480059351186745e-07,0.07722615774354931,0.0013998836209909201,0.0006665005527198497,0.0,0.0,0.005719398587385011,0.0,0.00024929188456426164,0.0,0.0,0.002576365082458171
2018-08-13 19:00:00,0.0,0.0,0.0,0.0038095575422097197,0.0,0.0,0.0,0.0,0.0,0.0,0.0,6.655075655694333e-07,0.04560794912786695,0.0014102477022188509,0.0005952188827957144,0.0,0.0,0.00587387063008115,0.0,3.593932053544185e-06,0.0,0.0,0.0034751925375332603
2018-08-13 20:00:00,0.0,0.0,0.0,0.0040802295131382015,0.0,0.0,0.0,0.0,0.0,0.0,0.0,7.127923860360137e-07,0.030172119913129063,0.0014538236859961758,0.000601346822623683,0.0,0.0,0.006291213621440923,0.0,0.0,0.0,0.0,0.0035766544893466356
2018-08-13 21:00:00,0.0,0.0,0.0,0.004688391545203614,0.0,0.0,0.0,0.0,0.0,0.0,0.0,8.190347590536548e-07,0.0021331239711518527,0.0015402494260793312,0.00035930433699019477,0.0,0.0,0.007228924906517726,0.0,0.0,0.0,0.0,0.003284081247074564
2018-08-13 22:00:00,0.0,0.0,0.0,0.004847566980287943,0.0,0.0,0.0,0.0,0.0,0.0,0.0,8.468417826063114e-07,0.0,0.0015620310959307139,0.00034315588165966936,0.0,0.0,0.007474353910493315,0.0,0.0,0.0,0.0,0.003134407346556398
2018-08-13 23:00:00,0.0,0.0,0.0,0.004691264570521572,0.0,0.0,0.0,0.0,0.0,0.0,0.0,8.195366598817661e-07,0.0,0.0014760192620657437,0.00016181282288707876,0.0,0.0,0.007233354759288723,0.0,0.0,0.0,0.0,0.004151055233494688
2018-08-14 00:00:00,0.0,0.0,0.0,0.004803298815195538,0.0,0.0,0.0,0.0,0.0,0.0,0.0,8.391083914036725e-07,0.0,0.0014851156662208747,0.00017160202074614233,0.0,0.0,0.007406097827758564,0.0,0.0,0.0,0.0,0.0042070083966251675
2018-08-14 01:00:00,0.0,0.0,0.0,0.00494374904752483,0.0,0.0,0.0,0.0,0.0,0.0,0.0,8.636442308457801e-07,0.0,0.0015436119463248567,0.00023647168318704834,0.0,0.0,0.007622654865032916,0.0,0.0,0.0,0.0,0.004125257882079695
2018-08-14 02:00:00,0.0,0.0,0.0,0.004821248708093417,0.0,0.0,0.0,0.0,0.0,0.0,0.0,8.422441333874434e-07,0.0,0.0015085805174850785,0.00019801372379112166,0.0,0.0,0.00743377436172287,0.0,0.0,0.0,0.0,0.004513266556215584
2018-08-14 03:00:00,0.0,0.0,0.0,0.0046986476468857605,0.0,0.0,0.0008358914526035785,0.0,0.0,0.0,0.0,8.208264404200841e-07,0.0,0.0014710021294355976,0.00019984744886752923,0.0,0.0,0.007244738557783625,0.0,4.0823045479122155e-05,0.0,0.0,0.004568118897359995
2018-08-14 04:00:00,0.0,0.0,0.0,0.00431374437942495,0.0,0.0,0.0018759080481958554,0.0,0.0,0.0,0.0,7.535860762388458e-07,0.005325123129716658,0.0015184464351259478,0.00039976566245237904,0.0,0.0,0.0066512649133748,0.0,0.00037881992213758143,0.0,0.0,0.004038507487922539
2018-08-14 05:00:00,0.0,0.0,0.0,0.0036866687639875574,0.0,0.0,0.0026315367958689396,0.0,0.0,0.0,0.0,6.440396101115416e-07,0.058055649803581764,0.0014193841350899766,0.0004966894545100596,0.0,0.0,0.005684391201783287,0.0,0.0011130590743356533,0.0,0.0,0.0028642486706224914
2018-08-14 06:00:00,0.0,0.0,0.0,0.0034979333117776835,0.0,0.0,0.011669741836470618,0.0,0.0,0.0,0.0,6.110686233381059e-07,0.07096240843334843,0.0013786043211555226,0.0006711767011771467,0.0,0.0,0.00539338427583261,0.0,0.0020913173577922738,0.0,0.0,0.0018848388320756098
2018-08-14 07:00:00,0.0,0.0,0.0,0.003288530766056496,0.0,0.0,0.03931903130684926,0.0,0.0,0.0,0.0,5.786202169729889e-07,0.052101683591237014,0.0013496054722585004,0.00042490152103512725,0.0,0.0,0.005106989723761791,0.0,0.003063887928725029,0.0,0.0,0.0017427967664202383
2018-08-14 08:00:00,0.0,0.0,0.0,0.0031659283747226294,0.0,0.0,0.07887861549816258,0.0,0.0,0.0,0.0,5.530692900905026e-07,0.03027085378277709,0.0012337818209732351,0.0003889268570722914,0.0,0.0,0.004881473370904149,0.0,0.0034421388288101967,0.0,0.0,0.0015359350779153868
2018-08-14 09:00:00,0.0,0.0,0.0,0.003064512193439807,0.0,0.0,0.09778205634316448,0.0,0.0,0.0,0.0,5.353524725422551e-07,0.015952799845726895,0.00116446668890927,0.00048462045215879305,0.0,0.0,0.0047251020542743915,0.0,0.003532486425418387,0.0,0.0,0.0015499516018964495
2018-08-14 10:00:00,0.0,0.0,0.0,0.003021266767480357,0.0,0.0,0.11104698126763096,0.0,0.0,0.0,0.0,5.277977479230825e-07,0.030018494900449284,0.001131767155325108,0.00048440697952192174,0.0,0.0,0.004658422909881886,0.0,0.0037215703390496894,0.0,0.0,0.0011222608160159212
2018-08-14 11:00:00,0.0,0.0,0.0,0.0029814193835340885,0.0,0.0,0.1297112351135224,0.0,0.0,0.0,0.0,5.20836641497844e-07,0.021458072358164756,0.0011062140777490454,0.0003022431156084079,0.0,0.0,0.004596983129630716,0.0,0.004018069797270763,0.0,0.0,0.0008607581092456593
2018-08-14 12:00:00,0.0,0.0,0.0,0.0031617275083891164,0.0,0.0,0.14043067935908377,0.0,0.0,0.0,0.0,5.523354231529586e-07,0.0005645522066960156,0.001166929040630743,0.00018756096937344195,0.0,0.0,0.004874996150097293,0.0,0.004491881307497938,0.0,0.0,0.0008547841998396191
2018-08-14 13:00:00,0.0,0.0,0.0,0.0032093394089152062,0.0,0.0,0.14265817746485096,0.0,0.0,0.0,0.0,5.606529455056654e-07,0.0,0.0011884443281159685,0.00019009216026677812,0.0,0.0,0.00494840786288647,0.0,0.004387435637359053,0.0,0.0,0.0008104500240457455
2018-08-14 14:00:00,0.0,0.0,0.0,0.0032671731468319944,0.0,0.0,0.14299011905888606,0.0,0.0,0.0,0.0,5.707561634521929e-07,0.0015930773480037342,0.0012435063591722782,0.0002256089588663974,0.0,0.0,0.0050375803956053695,0.0,0.0037622793411426956,0.0,0.0,0.0008255484692795154
2018-08-14 15:00:00,0.0,0.0,0.0,0.0034046401056062386,0.0,0.0,0.12785976323681536,0.0,0.0,0.0,0.0,5.947708423398139e-07,0.004197029497499572,0.0013323860619889542,0.00022048057595615669,0.0,0.0,0.005249537590844964,0.0,0.0029670619112246313,0.0,0.0,0.0010167650234187483
2018-08-14 16:00:00,0.0,0.0,0.0,0.0036098502961122506,0.0,0.0,0.07098224598182469,0.0,0.0,0.0,0.0,6.306198701601101e-07,0.04223781075110519,0.0015444203913621954,0.00042977353609733595,0.0,0.0,0.005565946543236701,0.0,0.0020445172054647403,0.0,0.0,0.0008721740605173397
2018-08-14 17:00:00,0.0,0.0,0.0,0.003948552649395933,0.0,0.0,0.006851047698512501,0.0,0.0,0.0,0.0,6.897892031046689e-07,0.07198251597683807,0.00171118772209134,0.000764044516612864,0.0,0.0,0.006088184042801649,0.0,0.000929881364673426,0.0,0.0,0.0009099726151927418
2018-08-14 18:00:00,0.0,0.0,0.0,0.003866128318562736,0.0,0.0,0.0,0.0,0.0,0.0,0.0,6.75390151469745e-07,0.07831912424739339,0.0017114699130702494,0.0007301679846404247,0.0,0.0,0.005961095830923798,0.0,0.00020251204458775383,0.0,0.0,0.001556011932966751
2018-08-14 19:00:00,0.0,0.0,0.0,0.0038787093731721552,0.0,0.0,0.0,0.0,0.0,0.0,0.0,6.775879886024412e-07,0.06971701718831218,0.0016137392554208942,0.0006091244089512633,0.0,0.0,0.005980494274534878,0.0,1.1848740995368061e-06,0.0,0.0,0.0031325848802830126
2018-08-14 20:00:00,0.0,0.0,0.0,0.004019540167693499,0.0,0.0,0.0,0.0,0.0,0.0,0.0,7.02190310048082e-07,0.027590876523170337,0.0015825337277267648,0.00036763469956242707,0.0,0.0,0.00619763809204763,0.0,0.0,0.0,0.0,0.004288640698521953
2018-08-14 21:00:00,0.0,0.0,0.0,0.004208489088586711,0.0,0.0,0.0,0.0,0.0,0.0,0.0,7.351985885600463e-07,0.0,0.0014986939623218658,0.0002037057136562315,0.0,0.0,0.0064889741605340485,0.0,0.0,0.0,0.0,0.004806882172855925
2018-08-14 22:00:00,0.0,0.0,0.0,0.004313928917891338,0.0,0.0,0.0,0.0,0.0,0.0,0.0,7.430039715853651e-07,0.0,0.0014177813050978056,0.0003407175607535028,0.0,0.0,0.00655786565400599,0.0,0.0,0.0,0.0,0.0050881979128017145
2018-08-14 23:00:00,0.0,0.0,0.0,0.00450003456892429,0.0,0.0,0.0,0.0,0.0,0.0,0.0,7.750576378566103e-07,0.00023613674360789224,0.0014740333298530002,0.000361699695070238,0.0,0.0,0.00684077617018621,0.0,0.0,0.0,0.0,0.004778620977940765
2018-08-15 00:00:00,0.0,0.0,0.0,0.004491469439169096,0.0,0.0,0.0,0.0,0.0,0.0,0.0,7.790688340430661e-07,0.0,0.0015143983410932445,0.00032099022142287965,0.0,0.0,0.006876179595616778,0.0,0.0,0.0,0.0,0.0045056462525008695
2018-08-15 01:00:00,0.0,0.0,0.0,0.004711270581251897,0.0,0.0,0.0,0.0,0.0,0.0,0.0,8.230315937029185e-07,0.0,0.0015849218337249866,0.00022061648941196303,0.0,0.0,0.007264201574844574,0.0,0.0,0.0,0.0,0.004662323752606516
2018-08-15 02:00:00,0.0,0.0,0.0,0.004710172046758912,0.0,0.0,0.0,0.0,0.0,0.0,0.0,8.228396861104959e-07,0.0,0.0015287596227118413,0.00024100766210920693,0.0,0.0,0.007262507769350634,0.0,0.0,0.0,0.0,0.0046758838094955275
2018-08-15 03:00:00,0.0,0.0,0.0,0.005195097009907218,0.0,0.0,0.0,0.0,0.0,0.0,0.0,9.01116711371363e-07,0.0,0.0016719223696533185,0.0003084737886697117,0.0,0.0,0.007953392657032585,0.0,9.542561762068238e-05,0.0,0.0,0.004876913061227377
2018-08-15 04:00:00,0.0,0.0,0.0,0.004914364379275341,0.0,0.0,0.0,0.0,0.0,0.0,0.0,8.46419197237037e-07,0.007794584519060741,0.0016992553568797215,0.0005672140452870955,0.0,0.0,0.007470624107982116,0.0,0.0006349207817346199,0.0,0.0,0.0049028713860649765
2018-08-15 05:00:00,0.0,0.0,0.0,0.00472806595052803,0.0,0.0,0.0,0.0,0.0,0.0,0.0,8.143323281453167e-07,0.008051328366466113,0.001786557994292559,0.0005900073323493811,0.0,0.0,0.007187420538676559,0.0,0.001850857154730925,0.0,0.0,0.004052913847341548
2018-08-15 06:00:00,0.0,0.0,0.0,0.004562204380507726,0.0,0.0,0.0,0.0,0.0,0.0,0.0,7.885419310980023e-07,0.006331618829786401,0.0017396295073224548,0.0008005305941771694,0.0,0.0,0.00695979058585291,0.0,0.003843305570670987,0.0,0.0,0.0032393555046859777
2018-08-15 07:00:00,0.0,0.0,0.0,0.004322489410789176,0.0,0.0,0.0,0.0,0.0,0.0,0.0,7.551137824014515e-07,0.004356306147779191,0.0016449695685614972,0.0006570948427670421,0.0,0.0,0.006664748679486828,0.0,0.00638250517238572,0.0,0.0,0.0031994291949147377
2018-08-15 08:00:00,0.0,0.0,0.0,0.004232205355040627,0.0,0.0,0.0,0.0,0.0,0.0,0.0,7.315041381586765e-07,0.009784594251402516,0.001554924624535228,0.0005226309189148938,0.0,0.0,0.006456366381404852,0.0,0.007718610953455997,0.0,0.0,0.0028767164059283717
2018-08-15 09:00:00,0.0,0.0,0.0,0.004120565950122579,0.0,0.0,0.0,0.0,0.0,0.0,0.0,7.097003507459315e-07,0.008586199131465862,0.0014520150296296365,0.0005038977871262715,0.0,0.0,0.006263922849378777,0.0,0.008340802438846441,0.0,0.0,0.0029675585277180966
2018-08-15 10:00:00,0.0,0.0,0.0,0.004165633061695624,0.0,0.0,0.0,0.0,0.0,0.0,0.0,7.17462426460202e-07,0.006726906602709679,0.0014171927835868719,0.0004568732437938895,0.0,0.0,0.006332432105960267,0.0,0.00933744239753925,0.0,0.0,0.0028236817046174306
2018-08-15 11:00:00,0.0,0.0,0.0,0.004268847664225786,0.0,0.0,0.0,0.0,0.0,0.0,0.0,7.378374794198014e-07,7.976663942976624e-05,0.001421374839706029,0.00043637000411594836,0.0,0.0,0.006512265411180979,0.0,0.009873790198287484,0.0,0.0,0.0025078520651061376
2018-08-15 12:00:00,0.0,0.0,0.0,0.004309945529102634,0.0,0.0,0.0,0.0,0.0,0.0,0.0,7.529224391623729e-07,0.0021015342082724474,0.0014261834359992158,0.0003798219435819887,0.0,0.0,0.006645407551964955,0.0,0.009808696569390471,0.0,0.0,0.0024518849368462057
2018-08-15 13:00:00,0.0,0.0,0.0,0.004447395209264132,0.0,0.0,0.0,0.0,0.0,0.0,0.0,7.769340995767519e-07,0.003367368511655329,0.0014807720973891282,0.00038837929483024946,0.0,0.0,0.006857338105702271,0.0,0.008883027552953997,0.0,0.0,0.00235362358975459
2018-08-15 14:00:00,0.0,0.0,0.0,0.004447890279783122,0.0,0.0,0.0,0.0,0.0,0.0,0.0,7.770205855196015e-07,0.0,0.001533892592047792,0.000445217792206016,0.0,0.0,0.006858101443740638,0.0,0.006866914544902918,0.0,0.0,0.002408553070162951
2018-08-15 15:00:00,0.0,0.0,0.0,0.00444750864584553,0.0,0.0,0.0,0.0,0.0,0.0,0.0,7.769539162883505e-07,0.004146321781507018,0.0015869146568809323,0.0005570332224386379,0.0,0.0,0.006857513011002024,0.0,0.004915329698272581,0.0,0.0,0.0025658984905543845
2018-08-15 16:00:00,0.0,0.0,0.0,0.004650259937699089,0.0,0.0,0.0,0.0,0.0,0.0,0.0,8.123733888025401e-07,0.01548108421184125,0.0017820486704384284,0.0007358147436494249,0.0,0.0,0.0071701306431638,0.0,0.0031450133142555455,0.0,0.0,0.0021339661129803214
2018-08-15 17:00:00,0.0,0.0,0.0,0.004429623132090999,0.0,0.0,0.0,0.0,0.0,0.0,0.0,7.738294209668199e-07,0.058940637531762125,0.0017169802623678105,0.0008460013382075318,0.0,0.0,0.006829935741783061,0.0,0.0011610977606897573,0.0,0.0,0.0014953974532996267
2018-08-15 18:00:00,0.0,0.0,0.0,0.004192555454790748,0.0,0.0,0.0,0.0,0.0,0.0,0.0,7.324150753250487e-07,0.08170700248040028,0.0016370440719255957,0.0007990964193318773,0.0,0.0,0.006464406450885992,0.0,0.00024255111847567532,0.0,0.0,0.0012235875111717542
2018-08-15 19:00:00,0.0,0.0,0.0,0.004504370241777875,0.0,0.0,0.0,0.0,0.0,0.0,0.0,7.868873066792404e-07,0.06573540673797663,0.0016684828938189995,0.0010158493333479789,0.0,0.0,0.0069451866199778355,0.0,1.218166409424957e-05,0.0,0.0,0.001557879376017251
2018-08-15 20:00:00,0.0,0.0,0.0,0.00511912915997857,0.0,0.0,0.0,0.0,0.0,0.0,0.0,8.94282117370702e-07,0.0309990161331441,0.0018390553399851382,0.0011024572160619464,0.0,0.0,0.007893069494613445,0.0,0.0,0.0,0.0,0.001765840967802812
2018-08-15 21:00:00,0.0,0.0,0.0,0.005664038559050132,0.0,0.0,0.0,0.0,0.0,0.0,0.0,9.894746229606477e-07,0.0027812407779101225,0.0018518387721939153,0.0005849338773602662,0.0,0.0,0.008733252975187688,0.0,0.0,0.0,0.0,0.0015971735769715074
2018-08-15 22:00:00,0.0,0.0,0.0,0.006233771137366781,0.0,0.0,0.0,0.0,0.0,0.0,0.0,1.073665514934292e-06,0.0,0.001880304362747417,0.0004965599409454475,0.0,0.0,0.009476334546711507,0.0,0.0,0.0,0.0,0.0013008731884592538
2018-08-15 23:00:00,0.0,0.0,0.0,0.006284347143954851,0.0,0.0,0.0,0.0,0.0,0.0,0.0,1.0823764080614397e-06,0.0,0.001884753168402198,0.00047483032114741685,0.0,0.0,0.009553218209570466,0.0,0.0,0.0,0.0,0.0011304650885110383
2018-08-16 00:00:00,0.0,0.0,0.0,0.0063086681167437,0.0,0.0,0.0,0.0,0.0,0.0,0.0,1.0942714362508081e-06,0.0,0.0018898857778340914,0.00039348244245787824,0.0,0.0,0.00965820553103801,0.0,0.0,0.0,0.0,0.0008910474359082652
2018-08-16 01:00:00,0.0,0.0,0.0,0.006444457953398032,0.0,0.0,0.0,0.0,0.0,0.0,0.0,1.125809356194361e-06,0.0,0.0019321364661416152,0.00033828480089862954,0.0,0.0,0.009936563991969674,0.0,0.0,0.0,0.0,0.0008785860760248778
2018-08-16 02:00:00,0.0,0.0,0.0,0.005989666232866135,0.0,0.0,0.0,0.0,0.0,0.0,0.0,1.0463598853781893e-06,0.0,0.0017916048351500182,0.00027268169734746204,0.0,0.0,0.009235330922134778,0.0,0.0,0.0,0.0,0.0008983669138350919
2018-08-16 03:00:00,0.0,0.0,0.0,0.0056723847854667575,0.0,0.0,0.005838598062862612,0.0,0.0,0.0,0.0,9.839047690091251e-07,0.0,0.0016576746180477753,0.00036305940829285216,0.0,0.0,0.008684092600111118,0.0,8.921399552509024e-05,0.0,0.0,0.0009656675634355116
2018-08-16 04:00:00,0.0,0.0,0.0,0.00545329853000201,0.0,0.0,0.015374532007752024,0.0,0.0,0.0,0.0,9.392418241357275e-07,0.0009600163636257913,0.0017249644692769136,0.00045526852391793057,0.0,0.0,0.008289890680076876,0.0,0.0007665265127756844,0.0,0.0,0.0006632508317185503
2018-08-16 05:00:00,0.0,0.0,0.0,0.004655859128556104,0.0,0.0,0.04131458841613224,0.0,0.0,0.0,0.0,8.018958794875298e-07,0.009205104539639051,0.0016732942121415054,0.0008080059791035323,0.0,0.0,0.007077654558103549,0.0,0.0019979956524878956,0.0,0.0,0.0005126430136643703
2018-08-16 06:00:00,0.0,0.0,0.0,0.0038490268468279365,0.0,0.0,0.07705661688421052,0.0,0.0,0.0,0.0,6.821475892944006e-07,0.041150310180129636,0.0014441466897895682,0.0006572862107506969,0.0,0.0,0.006020738001240647,0.0,0.0037210520487032427,0.0,0.0,0.00034281651028882505
2018-08-16 07:00:00,0.0,0.0,0.0,0.0034722364415647414,0.0,0.0,0.10219276618355955,0.0,0.0,0.0,0.0,6.153705371074638e-07,0.005715265322511872,0.0012886715060453047,0.00047506241000002986,0.0,0.0,0.005431353618707553,0.0,0.0060353655543284495,0.0,0.0,0.00037708195357908525
2018-08-16 08:00:00,0.0,0.0,0.0,0.003146595493879091,0.0,0.0,0.13277488311684404,0.0,0.0,0.0,0.0,5.576584981222391e-07,0.0032774601504105645,0.0011019218201438112,0.00026658893566946563,0.0,0.0,0.004921978416477726,0.0,0.007124329575218695,0.0,0.0,0.0004803304408571582
2018-08-16 09:00:00,0.0,0.0,0.0,0.0029574452068782038,0.0,0.0,0.14946481187844396,0.0,0.0,0.0,0.0,5.241361514547083e-07,0.004646420677389017,0.0009833977243753702,0.0002320591401955753,0.0,0.0,0.004626105104544257,0.0,0.007739627076335469,0.0,0.0,0.0005396801385998815
2018-08-16 10:00:00,0.0,0.0,0.0,0.0029356770055301564,0.0,0.0,0.1476255351072512,0.0,0.0,0.0,0.0,5.20278260443872e-07,0.0,0.0009335193173006388,0.00020041768101523505,0.0,0.0,0.004592054773826805,0.0,0.008812353819097727,0.0,0.0,0.0005677006435271199
2018-08-16 11:00:00,0.0,0.0,0.0,0.0029326350307716724,0.0,0.0,0.14696288577676775,0.0,0.0,0.0,0.0,5.197391434590412e-07,0.0002809415698688734,0.0009210908600334198,0.0001906276498234417,0.0,0.0,0.004587296445616567,0.0,0.009050215310625786,0.0,0.0,0.00036063529820921534
2018-08-16 12:00:00,0.0,0.0,0.0,0.0030000259518162347,0.0,0.0,0.15056732239898335,0.0,0.0,0.0,0.0,5.316825660851428e-07,0.0018341185640436645,0.0009417032541221761,0.0002052974006832772,0.0,0.0,0.004692710903716798,0.0,0.00891735665665635,0.0,0.0,0.00026018218274282686
2018-08-16 13:00:00,0.0,0.0,0.0,0.003089728844830534,0.0,0.0,0.15416066422252497,0.0,0.0,0.0,0.0,5.475802500082535e-07,0.0060328325556982705,0.0009936308382499203,0.0002385725024747894,0.0,0.0,0.004833026271284967,0.0,0.008156079014938854,0.0,0.0,0.00018390120268019328
2018-08-16 14:00:00,0.0,0.0,0.0,0.0033804970853382583,0.0,0.0,0.15229342691303718,0.0,0.0,0.0,0.0,5.991119389776823e-07,0.001507356003565287,0.001090520355336454,0.0002799820033150266,0.0,0.0,0.005287852767655466,0.0,0.006959048775796566,0.0,0.0,0.0001317177761531798
2018-08-16 15:00:00,0.0,0.0,0.0,0.0036063527806030064,0.0,0.0,0.13363124685389627,0.0,0.0,0.0,0.0,6.414635813339822e-07,0.007596734362721931,0.0012104360500489522,0.0005439382337959661,0.0,0.0,0.005661654781400441,0.0,0.005419581775830374,0.0,0.0,0.00010577618079485516
2018-08-16 16:00:00,0.0,0.0,0.0,0.004088679887358447,0.0,0.0,0.07297224568286759,0.0,0.0,0.0,0.0,7.272553194406656e-07,0.02913325061906861,0.0014487855801829182,0.00077283142747097,0.0,0.0,0.006418865663499551,0.0,0.003810239446660412,0.0,0.0,9.328243215733629e-05
2018-08-16 17:00:00,0.0,0.0,0.0,0.004342743651910645,0.0,0.0,0.022223480779949165,0.0,0.0,0.0,0.0,7.586520806294882e-07,0.08728832152605073,0.0015881960394864816,0.0010309822840356977,0.0,0.0,0.006695978235869633,0.0,0.0016282407178788043,0.0,0.0,9.301527373935119e-05
2018-08-16 18:00:00,0.0,0.0,0.0,0.004403332972317835,0.0,0.0,0.019567637855474527,0.0,0.0,0.0,0.0,7.610822303564994e-07,0.09196614966385962,0.0016095379488954478,0.0009504910194662488,0.0,0.0,0.006717427105644656,0.0,0.0003388648981001694,0.0,0.0,0.00010327429548936503
2018-08-16 19:00:00,0.0,0.0,0.0,0.004965932573239467,0.0,0.0,0.003397970188270217,0.0,0.0,0.0,0.0,8.553009784745355e-07,0.08888452870473526,0.00178733211813239,0.0008969349330007255,0.0,0.0,0.007549016055200792,0.0,0.0,0.0,0.0,0.0001843108312839442
2018-08-16 20:00:00,0.0,0.0,0.0,0.005870615062219882,0.0,0.0,0.0,0.0,0.0,0.0,0.0,1.0111177976966628e-06,0.06088601255743869,0.0018824252264045913,0.0007242547877793783,0.0,0.0,0.00892427891538841,0.0,0.0,0.0,0.0,0.0004926005354599955
2018-08-16 21:00:00,0.0,0.0,0.0,0.0064907904372950055,0.0,0.0,0.0,0.0,0.0,0.0,0.0,1.1179329018698433e-06,0.01187706996764228,0.0019363800602655843,0.0006939090995628336,0.0,0.0,0.009867045212440287,0.0,0.0,0.0,0.0,0.0005850868337489006
2018-08-16 22:00:00,0.0,0.0,0.0,0.006296364839774088,0.0,0.0,0.0,0.0,0.0,0.0,0.0,1.0844462603684551e-06,0.0024513411773066803,0.0018288549556072027,0.0004675139782085717,0.0,0.0,0.009571487039714242,0.0,0.0,0.0,0.0,0.0004323158124297259
2018-08-16 23:00:00,0.0,0.0,0.0,0.006517251353200726,0.0,0.0,0.0,0.0,0.0,0.0,0.0,1.126456760565391e-06,0.0,0.0018839579340688753,0.0003854658165090984,0.0,0.0,0.009942278081061243,0.0,0.0,0.0,0.0,0.00034491813083526574
2018-08-17 00:00:00,0.0,0.0,0.0,0.00647112239969313,0.0,0.0,0.0,0.0,0.0,0.0,0.0,1.1304674800170067e-06,0.0,0.001882912235727014,0.000418619006838646,0.0,0.0,0.009977677298757868,0.0,0.0,0.0,0.0,0.0002623357150979457
2018-08-17 01:00:00,0.0,0.0,0.0,0.006799676104741992,0.0,0.0,0.0,0.0,0.0,0.0,0.0,1.1878639030879802e-06,0.0,0.0019595364125097937,0.0003968489095679928,0.0,0.0,0.010484266827097537,0.0,0.0,0.0,0.0,0.00022335137302532777
2018-08-17 02:00:00,0.0,0.0,0.0,0.006684354224190278,0.0,0.0,0.0,0.0,0.0,0.0,0.0,1.167717840682438e-06,0.0,0.001914948453955501,0.0004940990721508421,0.0,0.0,0.010306454627210008,0.0,0.0,0.0,0.0,0.00024502447737625
2018-08-17 03:00:00,0.0,0.0,0.0,0.006444873875470683,0.0,0.0,0.0,0.0,0.0,0.0,0.0,1.1258820153635607e-06,0.0015491333604900819,0.0018406722294839488,0.0005402895252095797,0.0,0.0,0.009937205292808383,0.0,0.00026694476882022387,0.0,0.0,0.0003858194087626149
2018-08-17 04:00:00,0.0,0.0,0.0,0.005832309036925155,0.0,0.0,0.00011528558098094225,0.0,0.0,0.0,0.0,1.0188704976382236e-06,0.005016774597024702,0.0018214055128523904,0.0007118225679716842,0.0,0.0,0.008992705419979083,0.0,0.0010473032644828806,0.0,0.0,0.0005465760332816472
2018-08-17 05:00:00,0.0,0.0,0.0,0.004799968858694156,0.0,0.0,0.004216871604335754,0.0,0.0,0.0,0.0,8.385266673530096e-07,0.033928577195505995,0.0017205380938311913,0.0007453592285996071,0.0,0.0,0.007400963443128275,0.0,0.0025951818059220966,0.0,0.0,0.00048676733378041535
2018-08-17 06:00:00,0.0,0.0,0.0,0.004215862773524398,0.0,0.0,0.019833432986691445,0.0,0.0,0.0,0.0,7.364867284707272e-07,0.06734456117968399,0.001527535371416431,0.0007649218783322625,0.0,0.0,0.006500343478600794,0.0,0.004375305355868538,0.0,0.0,0.00024414467440548974
2018-08-17 07:00:00,0.0,0.0,0.0,0.0038355548011814572,0.0,0.0,0.06736700834918583,0.0,0.0,0.0,0.0,6.700491356436638e-07,0.03009475003014725,0.0013260976905234742,0.0007890530153946055,0.0,0.0,0.00591395521582234,0.0,0.006777785441345667,0.0,0.0,0.00016075180687391723
2018-08-17 08:00:00,0.0,0.0,0.0,0.0036416322375136334,0.0,0.0,0.09446582292310919,0.0,0.0,0.0,0.0,6.361719906404418e-07,0.021633088746091166,0.0012165232086207378,0.0006604013632356377,0.0,0.0,0.005614950400009071,0.0,0.008358992603639433,0.0,0.0,0.0002774652308732938
2018-08-17 09:00:00,0.0,0.0,0.0,0.003469256076094144,0.0,0.0,0.11663465003075837,0.0,0.0,0.0,0.0,5.975228363856728e-07,0.007822158501896838,0.0011291802565916297,0.0006585642873916764,0.0,0.0,0.005273827107353012,0.0,0.009037361980640308,0.0,0.0,0.0004807895489803768
2018-08-17 10:00:00,0.0,0.0,0.0,0.003348602117339484,0.0,0.0,0.12995161065970368,0.0,0.0,0.0,0.0,5.767421577401775e-07,0.004421241008739981,0.0010371840986283757,0.0004318179298620781,0.0,0.0,0.005090413688356807,0.0,0.009948867298435669,0.0,0.0,0.0004731246392291261
2018-08-17 11:00:00,0.0,0.0,0.0,0.0033381166406489847,0.0,0.0,0.13744517401960743,0.0,0.0,0.0,0.0,5.749362052144657e-07,0.003616325561638934,0.0009932058507107478,0.00023583149029141357,0.0,0.0,0.005074474077676315,0.0,0.010569549195791306,0.0,0.0,0.0003798799131880784
2018-08-17 12:00:00,0.0,0.0,0.0,0.0033671737950225172,0.0,0.0,0.13693545143970215,0.0,0.0,0.0,0.0,5.799408266427336e-07,0.003590807484544077,0.0009943493609351063,0.00020777909378048788,0.0,0.0,0.005118645624842762,0.0,0.010323970377600996,0.0,0.0,0.0003007396875756486
2018-08-17 13:00:00,0.0,0.0,0.0,0.003440660526229856,0.0,0.0,0.14291628257775432,0.0,0.0,0.0,0.0,5.989243848506027e-07,0.0037907553987063395,0.001031785782143946,0.00018466449536373212,0.0,0.0,0.005286197386506401,0.0,0.009406731662968728,0.0,0.0,0.00021421486938893604
2018-08-17 14:00:00,0.0,0.0,0.0,0.003647139803156746,0.0,0.0,0.15829793956604601,0.0,0.0,0.0,0.0,6.371341303542407e-07,0.004909246400784177,0.0011113842289996137,0.00023460166214209753,0.0,0.0,0.005623442390933444,0.0,0.007677857042461427,0.0,0.0,0.00015813289476391504
2018-08-17 15:00:00,0.0,0.0,0.0,0.0038258852460162007,0.0,0.0,0.14790604047166553,0.0,0.0,0.0,0.0,6.683599205453571e-07,0.008880858890678345,0.0012111129702194643,0.0004671170397003382,0.0,0.0,0.005899045947367453,0.0,0.00595499151504486,0.0,0.0,0.00013295365374793263
2018-08-17 16:00:00,0.0,0.0,0.0,0.004469774973947148,0.0,0.0,0.04624776356924878,0.0,0.0,0.0,0.0,7.808437144197321e-07,0.028194940897068654,0.001497307640703849,0.0006085243766186879,0.0,0.0,0.00689184495880087,0.0,0.004250514927484728,0.0,0.0,0.0001205882493242419
2018-08-17 17:00:00,0.0,0.0,0.0,0.004895185489062491,0.0,0.0,0.0,0.0,0.0,0.0,0.0,8.551604593816238e-07,0.06629524747530283,0.0016781234522557286,0.0007551130827481968,0.0,0.0,0.007547775812391359,0.0,0.0018598677697754503,0.0,0.0,0.00014362752900173005
2018-08-17 18:00:00,0.0,0.0,0.0,0.00491126686159977,0.0,0.0,0.0,0.0,0.0,0.0,0.0,8.488746956909703e-07,0.0545618673173036,0.0016801596355071173,0.0007745369606818673,0.0,0.0,0.0074922967094625025,0.0,0.0004071613626551039,0.0,0.0,0.00022474906014280333
2018-08-17 19:00:00,0.0,0.0,0.0,0.005395194793663414,0.0,0.0,0.0,0.0,0.0,0.0,0.0,9.292344022043001e-07,0.05805576989045136,0.0017632992508235243,0.0007734985416923603,0.0,0.0,0.008201563657504947,0.0,0.0,0.0,0.0,0.00044540431127305924
2018-08-17 20:00:00,0.0,0.0,0.0,0.005960303613121011,0.0,0.0,0.0,0.0,0.0,0.0,0.0,1.026565189342107e-06,0.01690940991870841,0.0018463906389280338,0.0006704858665001152,0.0,0.0,0.009060619935072983,0.0,0.0,0.0,0.0,0.0008833182825918602
2018-08-17 21:00:00,0.0,0.0,0.0,0.0062407794877341275,0.0,0.0,0.0,0.0,0.0,0.0,0.0,1.074872589101788e-06,0.004690378191923858,0.0018227879515865576,0.0004383691222449338,0.0,0.0,0.009486988366243546,0.0,0.0,0.0,0.0,0.000690042777582149
2018-08-17 22:00:00,0.0,0.0,0.0,0.006469401254230069,0.0,0.0,0.0,0.0,0.0,0.0,0.0,1.1142489635693528e-06,0.005913490284653943,0.001807046429134012,0.00048633570711787197,0.0,0.0,0.00983453021470654,0.0,0.0,0.0,0.0,0.0004101791719959815
2018-08-17 23:00:00,0.0,0.0,0.0,0.006902340131091666,0.0,0.0,0.0,0.0,0.0,0.0,0.0,1.1888156314687186e-06,0.0033415536234417103,0.001959558252142305,0.00045608124031512696,0.0,0.0,0.010492666926018504,0.0,0.0,0.0,0.0,0.0002888529329816299
2018-08-18 00:00:00,0.0,0.0,0.0,0.006968121857849862,0.0,0.0,0.0,0.0,0.0,0.0,0.0,1.2001454621565585e-06,0.0039041792609371116,0.001988965597728233,0.00047408064293147064,0.0,0.0,0.01059266572868298,0.0,0.0,0.0,0.0,0.0002062857900353316
2018-08-18 01:00:00,0.0,0.0,0.0,0.006980592221696516,0.0,0.0,0.0,0.0,0.0,0.0,0.0,1.2022932791562193e-06,0.0,0.001975719828080143,0.0003026277541866267,0.0,0.0,0.010611622687019439,0.0,0.0,0.0,0.0,0.0001835826371988036
2018-08-18 02:00:00,0.0,0.0,0.0,0.006721412838038975,0.0,0.0,0.0,0.0,0.0,0.0,0.0,1.1576538529913744e-06,0.0,0.001908796423159509,0.0003259045015838365,0.0,0.0,0.0102176283466711,0.0,0.0,0.0,0.0,0.00017929172354965372
2018-08-18 03:00:00,0.0,0.0,0.0,0.00675148351709457,0.0,0.0,0.0,0.0,0.0,0.0,0.0,1.1628330375333159e-06,0.0,0.0018889678038414668,0.0002779464466198957,0.0,0.0,0.010263340614333524,0.0,0.0002156007204819972,0.0,0.0,0.0002587049656343132
2018-08-18 04:00:00,0.0,0.0,0.0,0.006743688944558383,0.0,0.0,0.0,0.0,0.0,0.0,0.0,1.1614905494067318e-06,0.0,0.00198379359486539,0.00032455462185268475,0.0,0.0,0.010251491610676854,0.0,0.0009821954214857915,0.0,0.0,0.000260929206285275
2018-08-18 05:00:00,0.0,0.0,0.0,0.005890184786967541,0.0,0.0,0.0021172331035877283,0.0,0.0,0.0,0.0,1.0144883639454571e-06,0.003988181829183002,0.0018522369485587142,0.0003848242305926594,0.0,0.0,0.008954028043902967,0.0,0.002680409550192125,0.0,0.0,0.0002230497209227129
2018-08-18 06:00:00,0.0,0.0,0.0,0.005177306220501171,0.0,0.0,0.015616605401790542,0.0,0.0,0.0,0.0,8.917066454183242e-07,0.007256383799166532,0.001643005388556972,0.00048481279959294377,0.0,0.0,0.007870337988854038,0.0,0.004624321284528822,0.0,0.0,0.00018048528677413466
2018-08-18 07:00:00,0.0,0.0,0.0,0.004465007791209523,0.0,0.0,0.05127143776034178,0.0,0.0,0.0,0.0,7.690248460676741e-07,0.008540566998336068,0.0013859800544803983,0.000461652584968765,0.0,0.0,0.0067875298355993055,0.0,0.006826232455947176,0.0,0.0,0.00014325316811340092
2018-08-18 08:00:00,0.0,0.0,0.0,0.004064210314878862,0.0,0.0,0.08943958556676453,0.0,0.0,0.0,0.0,6.999940107472267e-07,0.003928242679122858,0.0012429725947962478,0.0002532626251344186,0.0,0.0,0.006178253221573434,0.0,0.008062092719645728,0.0,0.0,0.00011299239570728671
2018-08-18 09:00:00,0.0,0.0,0.0,0.003824419052446892,0.0,0.0,0.0964188720805991,0.0,0.0,0.0,0.0,6.586938725832649e-07,0.0005696842255317464,0.00114350204804706,0.0002204911641708951,0.0,0.0,0.0058137319431834315,0.0,0.008675211834044011,0.0,0.0,9.426726722809603e-05
2018-08-18 10:00:00,0.0,0.0,0.0,0.003762404371123795,0.0,0.0,0.09416290248282795,0.0,0.0,0.0,0.0,6.480128540971782e-07,0.0,0.0010680253279588478,0.00017565096127848266,0.0,0.0,0.005719459655337842,0.0,0.00973511923846527,0.0,0.0,8.707857057310899e-05
2018-08-18 11:00:00,0.0,0.0,0.0,0.003580476490674058,0.0,0.0,0.09774267499374706,0.0,0.0,0.0,0.0,6.166787407427248e-07,0.0,0.000995019845694959,9.902046380361384e-05,0.0,0.0,0.005442900022248059,0.0,0.009832683523859726,0.0,0.0,8.717595662150742e-05
2018-08-18 12:00:00,0.0,0.0,0.0,0.0034107697112238295,0.0,0.0,0.10604941044841328,0.0,0.0,0.0,0.0,5.874495129236173e-07,0.0,0.000944186009876713,9.786053437888914e-05,0.0,0.0,0.005184918427884509,0.0,0.008931534028551338,0.0,0.0,7.89456114706756e-05
2018-08-18 13:00:00,0.0,0.0,0.0,0.003559831882194986,0.0,0.0,0.10058619632084798,0.0,0.0,0.0,0.0,6.131230432836964e-07,0.0,0.0009921571197793945,0.00012554719528973512,0.0,0.0,0.005411516897615703,0.0,0.00798824837671276,0.0,0.0,7.998052077110883e-05
2018-08-18 14:00:00,0.0,0.0,0.0,0.003980573127797106,0.0,0.0,0.09146911689688196,0.0,0.0,0.0,0.0,6.855888679280566e-07,0.0,0.0011197782416909336,0.00034316522693639544,0.0,0.0,0.006051111247980317,0.0,0.006970236096713515,0.0,0.0,8.405728772280833e-05
2018-08-18 15:00:00,0.0,0.0,0.0,0.004423746673178788,0.0,0.0,0.06576009752329759,0.0,0.0,0.0,0.0,7.619182907320628e-07,0.0017447459354464137,0.0013246856537409012,0.00047093567025602756,0.0,0.0,0.006724806301222686,0.0,0.005806805626621267,0.0,0.0,9.241994387113187e-05
2018-08-18 16:00:00,0.0,0.0,0.0,0.0050114821756811765,0.0,0.0,0.019956278809852554,0.0,0.0,0.0,0.0,8.631461553799695e-07,0.011791445002889374,0.0016558013082061606,0.0009153196721179744,0.0,0.0,0.0076182587754893135,0.0,0.004085374971461501,0.0,0.0,0.00010168786401317698
2018-08-18 17:00:00,0.0,0.0,0.0,0.005111462636400273,0.0,0.0,0.0,0.0,0.0,0.0,0.0,8.803661608110128e-07,0.06583530137937094,0.0016942615430135535,0.0013945000068258263,0.0,0.0,0.007770245153081726,0.0,0.001677790496439807,0.0,0.0,0.00010946959829908548
2018-08-18 18:00:00,0.0,0.0,0.0,0.004919780679389586,0.0,0.0,0.0,0.0,0.0,0.0,0.0,8.473520666868536e-07,0.08810010159103462,0.001637199834844799,0.0013170544789689973,0.0,0.0,0.007478857755120732,0.0,0.0003508659920032821,0.0,0.0,0.0001393680594383528
2018-08-18 19:00:00,0.0,0.0,0.0,0.005280828798636383,0.0,0.0,0.0,0.0,0.0,0.0,0.0,9.095367228644811e-07,0.10028645620553715,0.0017604286053032488,0.0012434029041617461,0.0,0.0,0.008027708954507062,0.0,0.0,0.0,0.0,0.00023804745162402363
2018-08-18 20:00:00,0.0,0.0,0.0,0.005466207577766574,0.0,0.0,0.0,0.0,0.0,0.0,0.0,9.414651972930085e-07,0.08799392221526227,0.0017513616293901657,0.0013002235117528665,0.0,0.0,0.008309514508510876,0.0,0.0,0.0,0.0,0.00028745101614519053
2018-08-18 21:00:00,0.0,0.0,0.0,0.006242061293036449,0.0,0.0,0.0,0.0,0.0,0.0,0.0,1.0750933591813492e-06,0.012467979386286021,0.0018559237933557383,0.0013689372642291236,0.0,0.0,0.009488936916423024,0.0,0.0,0.0,0.0,0.0003573127306099159
2018-08-18 22:00:00,0.0,0.0,0.0,0.00641672610216878,0.0,0.0,0.0,0.0,0.0,0.0,0.0,1.089826852850875e-06,0.004648524242138708,0.0018096385985415227,0.0012345065953716535,0.0,0.0,0.009618976964382308,0.0,0.0,0.0,0.0,0.0002938400574224224
2018-08-18 23:00:00,0.0,0.0,0.0,0.006838999357319592,0.0,0.0,0.0,0.0,0.0,0.0,0.0,1.1615464066196667e-06,0.004315153465394268,0.0018725580421570455,0.0011518674490967025,0.0,0.0,0.01025198461490327,0.0,0.0,0.0,0.0,0.0002447344540432668
2018-08-19 00:00:00,0.0,0.0,0.0,0.006613799434929619,0.0,0.0,0.0,0.0,0.0,0.0,0.0,1.1232980976264606e-06,0.0,0.0017611604650843583,0.0005594658610778291,0.0,0.0,0.009914399243273074,0.0,0.0,0.0,0.0,0.0005526291812277975
2018-08-19 01:00:00,0.0,0.0,0.0,0.006601486436019164,0.0,0.0,0.0,0.0,0.0,0.0,0.0,1.1212068385267143e-06,0.0,0.0017092111739537427,0.0001464599341459341,0.0,0.0,0.009895941473532503,0.0,0.0,0.0,0.0,0.0006899750888708621
2018-08-19 02:00:00,0.0,0.0,0.0,0.006459997544470056,0.0,0.0,0.0,0.0,0.0,0.0,0.0,1.0971761426648157e-06,0.0,0.0016603851973965198,0.0004209243576083505,0.0,0.0,0.009683842910050597,0.0,0.0,0.0,0.0,0.0006421753672384311
2018-08-19 03:00:00,0.0,0.0,0.0,0.006683512821081199,0.0,0.0,0.0,0.0,0.0,0.0,0.0,1.1351383287694844e-06,0.0,0.0017206923507253546,0.000587775630216058,0.0,0.0,0.010018902917705194,0.0,0.0002272213758369363,0.0,0.0,0.000607454288791478
2018-08-19 04:00:00,0.0,0.0,0.0,0.006514682757812244,0.0,0.0,0.0,0.0,0.0,0.0,0.0,1.1064639653029138e-06,0.0,0.001720261907581345,0.0002614345741624788,0.0,0.0,0.009765818640205738,0.0,0.00098983847837677,0.0,0.0,0.00046907840318354747
2018-08-19 05:00:00,0.0,0.0,0.0,0.005696629263658009,0.0,0.0,0.0,0.0,0.0,0.0,0.0,9.67524473293672e-07,0.0,0.0015952178033035622,0.0002444199641807113,0.0,0.0,0.008539517627724862,0.0,0.002659180880642291,0.0,0.0,0.00035321025113049814
2018-08-19 06:00:00,0.0,0.0,0.0,0.0050021236297865534,0.0,0.0,0.005692973135089175,0.0,0.0,0.0,0.0,8.495685441799903e-07,0.0,0.0013965323580967276,0.0005718795327067516,0.0,0.0,0.007498420721377969,0.0,0.004509701302827023,0.0,0.0,0.0001738173727938521
2018-08-19 07:00:00,0.0,0.0,0.0,0.004414208935777543,0.0,0.0,0.024545932879776265,0.0,0.0,0.0,0.0,7.602755708579191e-07,0.0,0.0012389264050900494,0.00032875536481741485,0.0,0.0,0.006710307406662522,0.0,0.006927656432755827,0.0,0.0,0.00013167984240812738
2018-08-19 08:00:00,0.0,0.0,0.0,0.004019383772801313,0.0,0.0,0.05886138982903913,0.0,0.0,0.0,0.0,6.922733692090863e-07,0.0,0.0011150696151070118,0.00022195539941799312,0.0,0.0,0.006110109669309735,0.0,0.008240239921303263,0.0,0.0,0.00012985438694871785
2018-08-19 09:00:00,0.0,0.0,0.0,0.0038746670972630787,0.0,0.0,0.07457102159236033,0.0,0.0,0.0,0.0,6.673482796385105e-07,0.0,0.0010705765343842813,0.0001893563531230151,0.0,0.0,0.005890117051411432,0.0,0.009165437044418748,0.0,0.0,0.00012460778576289601
2018-08-19 10:00:00,0.0,0.0,0.0,0.0038226953302216847,0.0,0.0,0.07320657520542385,0.0,0.0,0.0,0.0,6.583969895136514e-07,0.0,0.0010316375252614274,0.00022082223824855833,0.0,0.0,0.005811111608218974,0.0,0.010279486058030732,0.0,0.0,0.00012063365424007289
2018-08-19 11:00:00,0.0,0.0,0.0,0.00396853009961934,0.0,0.0,0.08054525261764726,0.0,0.0,0.0,0.0,6.83514652535011e-07,0.0,0.0010516488463707062,0.0001296829440894464,0.0,0.0,0.006032803908578026,0.0,0.011183524164710247,0.0,0.0,0.00011808287252217601
2018-08-19 12:00:00,0.0,0.0,0.0,0.003994221643259726,0.0,0.0,0.09446392167995764,0.0,0.0,0.0,0.0,6.879396023485782e-07,0.0,0.001072074495800221,9.822918459364682e-05,0.0,0.0,0.00607185918622503,0.0,0.01058965249621613,0.0,0.0,0.00010984354199877004
2018-08-19 13:00:00,0.0,0.0,0.0,0.003828854470255857,0.0,0.0,0.11911503829055414,0.0,0.0,0.0,0.0,6.594578010369848e-07,0.0,0.0010450937790805847,0.00014960774980396033,0.0,0.0,0.005820474491487819,0.0,0.00868266136123329,0.0,0.0,9.293808756264303e-05
2018-08-19 14:00:00,0.0,0.0,0.0,0.004170991164933889,0.0,0.0,0.11741248509391317,0.0,0.0,0.0,0.0,7.183852724463017e-07,0.0,0.0011409131001420061,0.00018429944114571798,0.0,0.0,0.0063405772844890825,0.0,0.007181300073526994,0.0,0.0,0.00010124279862841915
2018-08-19 15:00:00,0.0,0.0,0.0,0.004398793552527675,0.0,0.0,0.07494274257467898,0.0,0.0,0.0,0.0,7.576205222476696e-07,0.0,0.0012647906187752838,0.00030749713848666826,0.0,0.0,0.0066868735452610545,0.0,0.005608019476255416,0.0,0.0,0.000112057893658371
2018-08-19 16:00:00,0.0,0.0,0.0,0.004677097651018242,0.0,0.0,0.028205467011082674,0.0,0.0,0.0,0.0,8.055538689538203e-07,0.0,0.0013878227808008987,0.0006232521247927613,0.0,0.0,0.007109940527494153,0.0,0.0035915852076073835,0.0,0.0,0.00012265454710449556
2018-08-19 17:00:00,0.0,0.0,0.0,0.005404792076601883,0.0,0.0,0.0005617614121350864,0.0,0.0,0.0,0.0,9.308873778270873e-07,0.0032478307078449096,0.0016317125771727814,0.0009081587446041467,0.0,0.0,0.008216153070856876,0.0,0.0016191919886573323,0.0,0.0,0.00015676598927727943
2018-08-19 18:00:00,0.0,0.0,0.0,0.005299521807205051,0.0,0.0,0.0,0.0,0.0,0.0,0.0,9.12756289035309e-07,0.0049786971136279,0.0016486662768833047,0.0012230988930395262,0.0,0.0,0.008056125333449722,0.0,0.0003399702615154802,0.0,0.0,0.0001855439157838646
2018-08-19 19:00:00,0.0,0.0,0.0,0.005454787199326449,0.0,0.0,0.0,0.0,0.0,0.0,0.0,9.296776842545921e-07,0.04561155543506275,0.0016778584724585655,0.0009988799630277687,0.0,0.0,0.008205476132059348,0.0,0.0,0.0,0.0,0.00022547808533922734
2018-08-19 20:00:00,0.0,0.0,0.0,0.005649407093433217,0.0,0.0,0.0,0.0,0.0,0.0,0.0,9.59504185635846e-07,0.06251191417601262,0.0016820403167259652,0.0008014554277651253,0.0,0.0,0.008468729353398038,0.0,0.0,0.0,0.0,0.0003615774536951353
2018-08-19 21:00:00,0.0,0.0,0.0,0.00613506575829155,0.0,0.0,0.0,0.0,0.0,0.0,0.0,1.0419892170763222e-06,0.0032155906452728854,0.0017052371273906127,0.0007038582538117996,0.0,0.0,0.009196754741336296,0.0,0.0,0.0,0.0,0.00041311733378822754
2018-08-19 22:00:00,0.0,0.0,0.0,0.005746554717857288,0.0,0.0,0.0,0.0,0.0,0.0,0.0,9.760038909532102e-07,0.0,0.0015187016548238125,0.0002695336908379056,0.0,0.0,0.00861435825302705,0.0,0.0,0.0,0.0,0.00029160947483178643
2018-08-19 23:00:00,0.0,0.0,0.0,0.006060286705614372,0.0,0.0,0.0,0.0,0.0,0.0,0.0,1.029288625163759e-06,0.0,0.001588836215619587,0.00026015767094737986,0.0,0.0,0.009084657392366238,0.0,0.0,0.0,0.0,0.0002617631976005256
2018-08-20 00:00:00,0.0,0.0,0.0,0.006164064808046376,0.0,0.0,0.0,0.0,0.0,0.0,0.0,1.046914461293819e-06,0.0,0.0016000470936527922,0.00025489332941689444,0.0,0.0,0.009240225693211016,0.0,0.0,0.0,0.0,0.00025253403740757666
2018-08-20 01:00:00,0.0,0.0,0.0,0.006098212647178345,0.0,0.0,0.0,0.0,0.0,0.0,0.0,1.0357300267255461e-06,0.0,0.0015847518144151411,0.00034277277807803937,0.0,0.0,0.009141510178732333,0.0,0.0,0.0,0.0,0.0002337924046631058
2018-08-20 02:00:00,0.0,0.0,0.0,0.006155515001561117,0.0,0.0,0.0,0.0,0.0,0.0,0.0,1.0601871705268571e-06,0.0,0.0016149938169188005,0.0005098728143395829,0.0,0.0,0.009357372636354845,0.0,0.0,0.0,0.0,0.0002723826596953005
2018-08-20 03:00:00,0.0,0.0,0.0,0.006071726683012581,0.0,0.0,0.00031554051545419653,0.0,0.0,0.0,0.0,1.0457559977748377e-06,8.222203976815116e-05,0.0015990028188146216,0.0006597741311827111,0.0,0.0,0.009230000918629615,0.0,0.00016630198622543275,0.0,0.0,0.0004191730361084928
2018-08-20 04:00:00,0.0,0.0,0.0,0.005570066696370382,0.0,0.0,0.0031359230796647137,0.0,0.0,0.0,0.0,9.593532383518082e-07,0.010456298844362272,0.0016142281719675054,0.0011919586214425813,0.0,0.0,0.008467397069793355,0.0,0.0007529404673909421,0.0,0.0,0.00045272407960818923
2018-08-20 05:00:00,0.0,0.0,0.0,0.004338569163790672,0.0,0.0,0.017727605406502967,0.0,0.0,0.0,0.0,7.472478524912642e-07,0.07471049776858026,0.001451634724601363,0.0012675722172720489,0.0,0.0,0.0065953227900332765,0.0,0.0019202901235197579,0.0,0.0,0.00033145413830460525
2018-08-20 06:00:00,0.0,0.0,0.0,0.003905492265750298,0.0,0.0,0.045193284895475874,0.0,0.0,0.0,0.0,6.726574126925587e-07,0.09218265307016048,0.0013003083660911672,0.001138755967386455,0.0,0.0,0.0059369762643351545,0.0,0.003484439469875394,0.0,0.0,0.00027314572634459284
2018-08-20 07:00:00,0.0,0.0,0.0,0.0034858506435689676,0.0,0.0,0.07780771513881093,0.0,0.0,0.0,0.0,6.089578514135265e-07,0.09127533538995673,0.0011607820300800764,0.0009910250314931202,0.0,0.0,0.005374754282942931,0.0,0.00538776833723324,0.0,0.0,0.0001514031376746841
2018-08-20 08:00:00,0.0,0.0,0.0,0.003441100799847203,0.0,0.0,0.12720356263962973,0.0,0.0,0.0,0.0,6.011403137533368e-07,0.018651696558331057,0.0011046504301282236,0.000825182566236379,0.0,0.0,0.005305755510821609,0.0,0.006907634802894169,0.0,0.0,0.0001368777343599615
2018-08-20 09:00:00,0.0,0.0,0.0,0.0031316410783783044,0.0,0.0,0.15146793217889726,0.0,0.0,0.0,0.0,5.470794986600695e-07,0.007919925295334345,0.0009724411872999307,0.0008646424359175234,0.0,0.0,0.004828606563998012,0.0,0.007247110060346915,0.0,0.0,0.000132926850538505
2018-08-20 10:00:00,0.0,0.0,0.0,0.0030561916563525827,0.0,0.0,0.15523578553041564,0.0,0.0,0.0,0.0,5.338989230631372e-07,0.00447060719842743,0.0008771668094449555,0.0007906146494686505,0.0,0.0,0.004712272806289126,0.0,0.008101703704357392,0.0,0.0,0.00014345397147892265
2018-08-20 11:00:00,0.0,0.0,0.0,0.003065414233250291,0.0,0.0,0.1525553890699319,0.0,0.0,0.0,0.0,5.279676585335529e-07,0.005199276539111701,0.0008608215058611118,0.0007208727190351872,0.0,0.0,0.004659922566679517,0.0,0.008414176645911752,0.0,0.0,0.00011653799628999129
2018-08-20 12:00:00,0.0,0.0,0.0,0.003062345991087913,0.0,0.0,0.15181915245309752,0.0,0.0,0.0,0.0,5.274392038103009e-07,0.03236705662091402,0.0008537780699265479,0.0007071854753958542,0.0,0.0,0.004655258345205818,0.0,0.007951922381014432,0.0,0.0,9.227491407885303e-05
2018-08-20 13:00:00,0.0,0.0,0.0,0.0030754115871723738,0.0,0.0,0.15370735342913477,0.0,0.0,0.0,0.0,5.315612343522822e-07,0.050972683816118476,0.0008639116809693492,0.0006017114779496013,0.0,0.0,0.004691640011454983,0.0,0.006891697137632325,0.0,0.0,0.00016809057400057428
2018-08-20 14:00:00,0.0,0.0,0.0,0.0031642382217950847,0.0,0.0,0.1557618483777461,0.0,0.0,0.0,0.0,5.527740301954129e-07,0.07416718306003896,0.0009100972122361199,0.0004947532838816221,0.0,0.0,0.0048788673623240296,0.0,0.005469939769871284,0.0,0.0,0.0004296012487263652
2018-08-20 15:00:00,0.0,0.0,0.0,0.00348551223500296,0.0,0.0,0.10204266577316694,0.0,0.0,0.0,0.0,6.045803026701535e-07,0.09728000981053339,0.0010818930170344184,0.0010044548914981918,0.0,0.0,0.005336117374325002,0.0,0.00433878214327944,0.0,0.0,0.0002665912623859079
2018-08-20 16:00:00,0.0,0.0,0.0,0.00392968121628162,0.0,0.0,0.040188973466172215,0.0,0.0,0.0,0.0,6.768235653240303e-07,0.12119031157819923,0.001339328688877388,0.0013219238551826222,0.0,0.0,0.0059737473588327775,0.0,0.002917732907936619,0.0,0.0,0.00024827505476479394
2018-08-20 17:00:00,0.0,0.0,0.0,0.004008066579521726,0.0,0.0,0.0005554520393047615,0.0,0.0,0.0,0.0,6.903241670516148e-07,0.10986898390169396,0.001369640239650293,0.0014714141228972214,0.0,0.0,0.006092905715670131,0.0,0.0011892867440852419,0.0,0.0,0.00035737756109884526
2018-08-20 18:00:00,0.0,0.0,0.0,0.003983525439424237,0.0,0.0,0.0,0.0,0.0,0.0,0.0,6.860973555054061e-07,0.1011383692011355,0.0013756092548274609,0.0014591751155952828,0.0,0.0,0.0060555992363982986,0.0,0.00026807447528725837,0.0,0.0,0.0007085474099817754
2018-08-20 19:00:00,0.0,0.0,0.0,0.004175511874474121,0.0,0.0,0.0,0.0,0.0,0.0,0.0,7.191638910111199e-07,0.1180565958741881,0.001405444075068802,0.0014340533846850922,0.0,0.0,0.006347449489940284,0.0,3.3288785998374454e-06,0.0,0.0,0.0010020543315352045
2018-08-20 20:00:00,0.0,0.0,0.0,0.004867147294298515,0.0,0.0,0.0,0.0,0.0,0.0,0.0,8.382868236323245e-07,0.10090802913178833,0.0015114628412155533,0.0010835199579217816,0.0,0.0,0.0073988465461016645,0.0,0.0,0.0,0.0,0.0014842422457569506
2018-08-20 21:00:00,0.0,0.0,0.0,0.005179965770907136,0.0,0.0,0.0,0.0,0.0,0.0,0.0,8.921647096451285e-07,0.07175936104378262,0.0015596547221188547,0.0009610244196252297,0.0,0.0,0.007874380933138548,0.0,0.0,0.0,0.0,0.0017403182035121594
2018-08-20 22:00:00,0.0,0.0,0.0,0.005695301495896335,0.0,0.0,0.0,0.0,0.0,0.0,0.0,9.809228921869864e-07,0.004656395736033018,0.0016043640511308678,0.0008044675485784879,0.0,0.0,0.00865777410338134,0.0,0.0,0.0,0.0,0.0019228637734604636
2018-08-20 23:00:00,0.0,0.0,0.0,0.005873668945533731,0.0,0.0,0.0,0.0,0.0,0.0,0.0,1.0116437793421963e-06,0.0020680394705004167,0.0016402061137557379,0.0007194726600046181,0.0,0.0,0.008928921309103374,0.0,0.0,0.0,0.0,0.0019389777594952821
2018-08-21 00:00:00,0.0,0.0,0.0,0.00594694933237665,0.0,0.0,0.0,0.0,0.0,0.0,0.0,1.0242651320579974e-06,0.0,0.0016240325147102576,0.0005617051558617796,0.0,0.0,0.009040319280914267,0.0,0.0,0.0,0.0,0.0026608546650870317
2018-08-21 01:00:00,0.0,0.0,0.0,0.005921935464552088,0.0,0.0,0.0,0.0,0.0,0.0,0.0,1.0199569008626987e-06,0.0,0.001593735624441971,0.0004958596774270951,0.0,0.0,0.009002294179480577,0.0,0.0,0.0,0.0,0.0036869130398293573
2018-08-21 02:00:00,0.0,0.0,0.0,0.005861155010724115,0.0,0.0,0.0014087627481222046,0.0,0.0,0.0,0.0,1.009488457954043e-06,0.0004365378776770763,0.0015514360642679497,0.00035956391597355474,0.0,0.0,0.008909898115896807,0.0,0.0,0.0,0.0,0.0044960568575720195
2018-08-21 03:00:00,0.0,0.0,0.0,0.005613707510629228,0.0,0.0,0.014757069789224031,0.0,0.0,0.0,0.0,9.668696575916023e-07,0.00015203928183299252,0.0014848460220030165,0.0004098722916222636,0.0,0.0,0.008533738125102362,0.0,0.00016454787812685652,0.0,0.0,0.004259014360291106
2018-08-21 04:00:00,0.0,0.0,0.0,0.004854037728006142,0.0,0.0,0.033361204288470746,0.0,0.0,0.0,0.0,8.360289144255691e-07,0.009555840960709746,0.0014186961412339595,0.0006782045606283424,0.0,0.0,0.007378917897261133,0.0,0.0006875389886329532,0.0,0.0,0.0033990221680202915
2018-08-21 05:00:00,0.0,0.0,0.0,0.0035906936802072922,0.0,0.0,0.05688315778576829,0.0,0.0,0.0,0.0,6.184384851766555e-07,0.07412184165369508,0.0012013505518584367,0.000879494845651785,0.0,0.0,0.005458431793307747,0.0,0.0016807826365903653,0.0,0.0,0.0020855682883114753
2018-08-21 06:00:00,0.0,0.0,0.0,0.0035585039412362475,0.0,0.0,0.067831247599883,0.0,0.0,0.0,0.0,6.128943270889806e-07,0.07333688520479144,0.0012063841583745893,0.0009138445922011589,0.0,0.0,0.005409498213819652,0.0,0.0033666082304020946,0.0,0.0,0.0013064798787520964
2018-08-21 07:00:00,0.0,0.0,0.0,0.0033723528334791276,0.0,0.0,0.09599713776766505,0.0,0.0,0.0,0.0,5.808328316375996e-07,0.052963101392072866,0.001102178411013145,0.0007903192676694445,0.0,0.0,0.0051265185961090545,0.0,0.005498572601026611,0.0,0.0,0.0009681218437761828
2018-08-21 08:00:00,0.0,0.0,0.0,0.0032894243427370436,0.0,0.0,0.10171377369754196,0.0,0.0,0.0,0.0,5.665497502165298e-07,0.04024055885286014,0.0010839286984393713,0.0005300481123468565,0.0,0.0,0.005000453954913738,0.0,0.0069089761461301824,0.0,0.0,0.0009653138685746006
2018-08-21 09:00:00,0.0,0.0,0.0,0.00323184364405126,0.0,0.0,0.1097726638714992,0.0,0.0,0.0,0.0,5.566324129992283e-07,0.021904353676535343,0.0010300635737119982,0.00047178608605996685,0.0,0.0,0.004912922033680845,0.0,0.007752896765211319,0.0,0.0,0.001121975701514134
2018-08-21 10:00:00,0.0,0.0,0.0,0.003181818746644587,0.0,0.0,0.11454993947610505,0.0,0.0,0.0,0.0,5.480164394496509e-07,0.04270511610362039,0.00098105295027061,0.0004964426208933894,0.0,0.0,0.004836876145398395,0.0,0.008592512467960188,0.0,0.0,0.0009005217328593915
2018-08-21 11:00:00,0.0,0.0,0.0,0.0031557983208140906,0.0,0.0,0.13273320271222916,0.0,0.0,0.0,0.0,5.435348450371376e-07,0.033685983359005314,0.0009674146459041082,0.00045414637396301783,0.0,0.0,0.004797320913936715,0.0,0.008932060526620376,0.0,0.0,0.0006957118385198247
2018-08-21 12:00:00,0.0,0.0,0.0,0.0031734627756853763,0.0,0.0,0.1312428645038506,0.0,0.0,0.0,0.0,5.465772595912632e-07,0.03650134847420963,0.0009663760847982658,0.0004628347772704724,0.0,0.0,0.004824173725863382,0.0,0.008345817407276204,0.0,0.0,0.0007026999973258647
2018-08-21 13:00:00,0.0,0.0,0.0,0.003163100874643489,0.0,0.0,0.1314787104872301,0.0,0.0,0.0,0.0,5.447925909576733e-07,0.034931163401326966,0.0009699843164388811,0.0005029965320919829,0.0,0.0,0.004808421970040289,0.0,0.0069575240060420615,0.0,0.0,0.0006742762490607445
2018-08-21 14:00:00,0.0,0.0,0.0,0.0034366914571440504,0.0,0.0,0.1418313762142315,0.0,0.0,0.0,0.0,5.919141113293243e-07,0.035881528842760364,0.001058044970956719,0.0004683315662340466,0.0,0.0,0.005224323650014405,0.0,0.0060367697177230615,0.0,0.0,0.0006714277293551883
2018-08-21 15:00:00,0.0,0.0,0.0,0.0035974918684145048,0.0,0.0,0.1259314044459077,0.0,0.0,0.0,0.0,6.196093623361276e-07,0.0376030283655246,0.0011997519535268848,0.0005494692162608799,0.0,0.0,0.005468766132561381,0.0,0.004730576232074695,0.0,0.0,0.0005869213704053703
2018-08-21 16:00:00,0.0,0.0,0.0,0.003678104190582972,0.0,0.0,0.10033612079431165,0.0,0.0,0.0,0.0,6.334935214564791e-07,0.0622850418404617,0.0013586327694404547,0.0008992482564260489,0.0,0.0,0.005591309825074669,0.0,0.002839045579543251,0.0,0.0,0.000458353239869372
2018-08-21 17:00:00,0.0,0.0,0.0,0.003726501147994753,0.0,0.0,0.09019802777762533,0.0,0.0,0.0,0.0,6.418291088650864e-07,0.06459957407478191,0.0013566726107172415,0.0010363794923290393,0.0,0.0,0.005664880982784947,0.0,0.0010642459851915454,0.0,0.0,0.0004713845292883354
2018-08-21 18:00:00,0.0,0.0,0.0,0.003722650372028167,0.0,0.0,0.09037082576743777,0.0,0.0,0.0,0.0,6.411658754434616e-07,0.06322842972553831,0.0013527101955791395,0.0010456204942445168,0.0,0.0,0.005659027184093964,0.0,0.00021038688299945482,0.0,0.0,0.0006109757804571501
2018-08-21 19:00:00,0.0,0.0,0.0,0.003975032728369691,0.0,0.0,0.06353127302446036,0.0,0.0,0.0,0.0,6.846346243934293e-07,0.0932453794260819,0.0013789770696636119,0.0008992416254054202,0.0,0.0,0.006042688949929963,0.0,0.0,0.0,0.0,0.0010608261394457821
2018-08-21 20:00:00,0.0,0.0,0.0,0.004705354983178298,0.0,0.0,0.011992245283486887,0.0,0.0,0.0,0.0,8.104207340368897e-07,0.07721140078972454,0.0014597417883433124,0.000738920648831614,0.0,0.0,0.007152896216281174,0.0,0.0,0.0,0.0,0.0019105989546457536
2018-08-21 21:00:00,0.0,0.0,0.0,0.005043259388061886,0.0,0.0,0.0,0.0,0.0,0.0,0.0,8.686192624835329e-07,0.010346654661467287,0.0014674394154898089,0.0007356495319204735,0.0,0.0,0.007666565248224003,0.0,0.0,0.0,0.0,0.0024095502074122353
2018-08-21 22:00:00,0.0,0.0,0.0,0.005330217151884358,0.0,0.0,0.0,0.0,0.0,0.0,0.0,9.18043062053594e-07,0.006775960568844486,0.001495303091343153,0.0006078891228592823,0.0,0.0,0.00810278719330918,0.0,0.0,0.0,0.0,0.0021810108783292185
2018-08-21 23:00:00,0.0,0.0,0.0,0.005573360894562656,0.0,0.0,0.0,0.0,0.0,0.0,0.0,9.599206103198298e-07,0.0015755046759628295,0.0015477620024809276,0.000556040780622967,0.0,0.0,0.008472404780767221,0.0,0.0,0.0,0.0,0.0018653578023641293
2018-08-22 00:00:00,0.0,0.0,0.0,0.005890705063724157,0.0,0.0,0.0,0.0,0.0,0.0,0.0,1.0145779731401952e-06,0.0018546683959665042,0.0016525385816342436,0.000557321399410784,0.0,0.0,0.008954818948235821,0.0,0.0,0.0,0.0,0.0013437205347036935
2018-08-22 01:00:00,0.0,0.0,0.0,0.006385749676760217,0.0,0.0,0.0,0.0,0.0,0.0,0.0,1.099841342240288e-06,0.002799610973803438,0.0017864498196759337,0.0006877129858127003,0.0,0.0,0.009707366365409476,0.0,0.0,0.0,0.0,0.0010304097372085472
2018-08-22 02:00:00,0.0,0.0,0.0,0.006213658393562191,0.0,0.0,0.0,0.0,0.0,0.0,0.0,1.0702014225000584e-06,0.003565604183813272,0.0017358905925629676,0.0006284578951926298,0.0,0.0,0.00944575994191055,0.0,0.0,0.0,0.0,0.0010638297825687816
2018-08-22 03:00:00,0.0,0.0,0.0,0.005940014142704774,0.0,0.0,0.0,0.0,0.0,0.0,0.0,1.0230706586283287e-06,0.00044241129307852974,0.0016786287635674416,0.0006307466145454029,0.0,0.0,0.009029776677403905,0.0,1.2259961942470487e-05,0.0,0.0,0.0009714329652778986
2018-08-22 04:00:00,0.0,0.0,0.0,0.005162195226230725,0.0,0.0,0.0029733615818722608,0.0,0.0,0.0,0.0,8.891040228505341e-07,0.029106843106747802,0.0016169826169159134,0.0007672980818192566,0.0,0.0,0.007847366847648382,0.0,0.0004768035943642859,0.0,0.0,0.000700668741994176
2018-08-22 05:00:00,0.0,0.0,0.0,0.004469345056886853,0.0,0.0,0.017081273773254756,0.0,0.0,0.0,0.0,7.697718694158594e-07,0.08190264704947703,0.001531078034163569,0.0005925481993029429,0.0,0.0,0.006794123176880312,0.0,0.0016643398578810122,0.0,0.0,0.0004104382946748655
2018-08-22 06:00:00,0.0,0.0,0.0,0.003901734552563509,0.0,0.0,0.044203547353025896,0.0,0.0,0.0,0.0,6.720102078185325e-07,0.10215930651549071,0.0013010992521822096,0.0007669343739009721,0.0,0.0,0.005931263936034371,0.0,0.003446939243583026,0.0,0.0,0.000136599182568167
2018-08-22 07:00:00,0.0,0.0,0.0,0.003565662879314671,0.0,0.0,0.07837558243134149,0.0,0.0,0.0,0.0,6.141273375362651e-07,0.08515139853210356,0.0011413646822509753,0.0006962980932190324,0.0,0.0,0.005420380950887697,0.0,0.005615373923872386,0.0,0.0,0.0001017828460553195
2018-08-22 08:00:00,0.0,0.0,0.0,0.0034546823349519635,0.0,0.0,0.1207004104680409,0.0,0.0,0.0,0.0,5.950127469160508e-07,0.04318616685335042,0.0010987111237921348,0.0004666597284272024,0.0,0.0,0.005251672677294994,0.0,0.007022153030134579,0.0,0.0,9.34177061891826e-05
2018-08-22 09:00:00,0.0,0.0,0.0,0.0032125400794117366,0.0,0.0,0.1393770378481979,0.0,0.0,0.0,0.0,5.533076884926567e-07,0.03865832971995165,0.0009914860278819626,0.00044690160729507516,0.0,0.0,0.0048835775113303705,0.0,0.007500643185022231,0.0,0.0,0.00014675410582372158
2018-08-22 10:00:00,0.0,0.0,0.0,0.0030482350098476126,0.0,0.0,0.14371377159414822,0.0,0.0,0.0,0.0,5.250088171942798e-07,0.06948728296256709,0.0009055886269271635,0.0003190805315364587,0.0,0.0,0.004633807384612494,0.0,0.008111800568538928,0.0,0.0,0.0002854309299024134
2018-08-22 11:00:00,0.0,0.0,0.0,0.003017271000857283,0.0,0.0,0.1419468539547247,0.0,0.0,0.0,0.0,5.196757711256243e-07,0.07009914344999192,0.0008923290934774106,0.0003198484720762548,0.0,0.0,0.004586737111797877,0.0,0.008221572021521068,0.0,0.0,0.00029001225689266234
2018-08-22 12:00:00,0.0,0.0,0.0,0.003012519770812604,0.0,0.0,0.14766597092190462,0.0,0.0,0.0,0.0,5.188574491596614e-07,0.06366045139383389,0.0009006088976913685,0.0002589630680782431,0.0,0.0,0.0045795144781112015,0.0,0.007793826153692684,0.0,0.0,0.00025967499729642626
2018-08-22 13:00:00,0.0,0.0,0.0,0.0030479348221469056,0.0,0.0,0.1511770604987512,0.0,0.0,0.0,0.0,5.305616391104299e-07,0.05866713101364464,0.0009221681531573761,0.000279095906880747,0.0,0.0,0.0046828174323636975,0.0,0.007001285207857236,0.0,0.0,0.00028706296455186154
2018-08-22 14:00:00,0.0,0.0,0.0,0.0033451558657749693,0.0,0.0,0.14685125972896937,0.0,0.0,0.0,0.0,5.8437929129977e-07,0.031100055738712613,0.0010162665789811343,0.0004724563136328797,0.0,0.0,0.0051578201865463726,0.0,0.005960104662760976,0.0,0.0,0.0003100550620795808
2018-08-22 15:00:00,0.0,0.0,0.0,0.0035822604122200973,0.0,0.0,0.08284073640214845,0.0,0.0,0.0,0.0,6.191661546810392e-07,0.06003661503331466,0.001230985369949439,0.0008080698104925078,0.0,0.0,0.005464854314630322,0.0,0.004466767812410674,0.0,0.0,0.0003352707310149724
2018-08-22 16:00:00,0.0,0.0,0.0,0.003584054941634076,0.0,0.0,0.056141606465828636,0.0,0.0,0.0,0.0,6.172950706188127e-07,0.08734999448941762,0.0013437751763137294,0.0011487521330610358,0.0,0.0,0.005448339843137994,0.0,0.002514591816371251,0.0,0.0,0.0003999875354111509
2018-08-22 17:00:00,0.0,0.0,0.0,0.0035113339315667436,0.0,0.0,0.05520016958699626,0.0,0.0,0.0,0.0,6.047700614389818e-07,0.09139654385898882,0.0012956653264947886,0.0011814313280385264,0.0,0.0,0.005337792213976248,0.0,0.0007167010460939147,0.0,0.0,0.0006048598990333884
2018-08-22 18:00:00,0.0,0.0,0.0,0.0035650040955340894,0.0,0.0,0.05615968830879961,0.0,0.0,0.0,0.0,6.140138727632694e-07,0.09515304642818813,0.0012996370548069194,0.001081065836074914,0.0,0.0,0.005419379493605874,0.0,7.872778869680499e-05,0.0,0.0,0.0009812174364236498
2018-08-22 19:00:00,0.0,0.0,0.0,0.003944743693366039,0.0,0.0,0.051635305837037175,0.0,0.0,0.0,0.0,6.794178315969914e-07,0.09248811997795221,0.0013547258025416505,0.0008172316410094192,0.0,0.0,0.005996644746113892,0.0,0.0,0.0,0.0,0.0011696426590975376
2018-08-22 20:00:00,0.0,0.0,0.0,0.004414353131484379,0.0,0.0,0.025655544228264517,0.0,0.0,0.0,0.0,7.603004062191186e-07,0.09790928267470812,0.0014166599089886444,0.0008283275227596715,0.0,0.0,0.006710526607324218,0.0,0.0,0.0,0.0,0.0015139408220778965
2018-08-22 21:00:00,0.0,0.0,0.0,0.005063828173194467,0.0,0.0,0.0015131769289401806,0.0,0.0,0.0,0.0,8.721619006064771e-07,0.02887792626943558,0.0015285480104819454,0.0009265910103843115,0.0,0.0,0.007697833109176962,0.0,0.0,0.0,0.0,0.0018965405967736309
2018-08-22 22:00:00,0.0,0.0,0.0,0.005232796485115198,0.0,0.0,0.0,0.0,0.0,0.0,0.0,9.410255838114831e-07,0.005604565293351203,0.001565988048030507,0.0006499312802368195,0.0,0.0,0.008305634413300372,0.0,0.0,0.0,0.0,0.001973602195953565
2018-08-22 23:00:00,0.0,0.0,0.0,0.005181629065670477,0.0,0.0,0.0,0.0,0.0,0.0,0.0,9.284107566285024e-07,0.037903085952234884,0.0015507987125443065,0.0007367581017058162,0.0,0.0,0.008194294036831086,0.0,0.0,0.0,0.0,0.0014864725881840386
2018-08-23 00:00:00,0.0,0.0,0.0,0.005277610890845652,0.0,0.0,0.0,0.0,0.0,0.0,0.0,9.490846593814242e-07,0.011491680417126,0.0015908525916682864,0.0008363114205636167,0.0,0.0,0.008376765035617758,0.0,0.0,0.0,0.0,0.0008485857834065027
2018-08-23 01:00:00,0.0,0.0,0.0,0.0057238759115953285,0.0,0.0,0.0,0.0,0.0,0.0,0.0,1.021824091267054e-06,0.018377867517724897,0.0017099394220844789,0.0006403997961273754,0.0,0.0,0.009018774284958458,0.0,0.0,0.0,0.0,0.000854757957141033
2018-08-23 02:00:00,0.0,0.0,0.0,0.005556053650493779,0.0,0.0,0.0,0.0,0.0,0.0,0.0,9.882577466904273e-07,0.01927962700221351,0.0016206506214107232,0.0006936658693910106,0.0,0.0,0.008722512640811515,0.0,0.0,0.0,0.0,0.0016198136469220076
2018-08-23 03:00:00,0.0,0.0,0.0,0.005329804513405376,0.0,0.0,0.0,0.0,0.0,0.0,0.0,9.445798756187318e-07,0.020469874096721064,0.0015389361288733825,0.0009062015833152824,0.0,0.0,0.008337005131437097,0.0,1.2631054427272198e-05,0.0,0.0,0.0019101577479288718
2018-08-23 04:00:00,0.0,0.0,0.0,0.004881152868579362,0.0,0.0,0.0006307994891889594,0.0,0.0,0.0,0.0,8.650671441855248e-07,0.017020870719772832,0.0015606501601767783,0.0008329735544205379,0.0,0.0,0.007635213713809227,0.0,0.0003777776180373024,0.0,0.0,0.001852043220516836
2018-08-23 05:00:00,0.0,0.0,0.0,0.004219984040067219,0.0,0.0,0.013447544094703954,0.0,0.0,0.0,0.0,7.506104477835201e-07,0.06399587442900648,0.0014912715278456504,0.0011050502707859616,0.0,0.0,0.006625001565677444,0.0,0.0014503852177889021,0.0,0.0,0.001336756843214623
2018-08-23 06:00:00,0.0,0.0,0.0,0.003698792888976486,0.0,0.0,0.043911988709415976,0.0,0.0,0.0,0.0,6.651622603033903e-07,0.10932907021248783,0.0013388322056295063,0.0009125432643365686,0.0,0.0,0.00587082291347272,0.0,0.003231526475524676,0.0,0.0,0.0007450875068182255
2018-08-23 07:00:00,0.0,0.0,0.0,0.0034250952464469652,0.0,0.0,0.07746116252778293,0.0,0.0,0.0,0.0,6.159425964808444e-07,0.05910053870253937,0.0012248438786244794,0.0009706595830142234,0.0,0.0,0.005436402701431485,0.0,0.005400875827301563,0.0,0.0,0.0006593120770833497
2018-08-23 08:00:00,0.0,0.0,0.0,0.0031322555944353347,0.0,0.0,0.12118934837948626,0.0,0.0,0.0,0.0,5.632805819573941e-07,0.043202605890452626,0.0011235450755243868,0.0008589450882939759,0.0,0.0,0.004971599780422573,0.0,0.006388898176898424,0.0,0.0,0.0006540707267685267
2018-08-23 09:00:00,0.0,0.0,0.0,0.0029364639717681493,0.0,0.0,0.14566070042608617,0.0,0.0,0.0,0.0,5.280709332447269e-07,0.04337729965852471,0.0009938977088769284,0.0006737839680295176,0.0,0.0,0.004660834084931418,0.0,0.006898645594603677,0.0,0.0,0.0007519245279071433
2018-08-23 10:00:00,0.0,0.0,0.0,0.0029358658807789673,0.0,0.0,0.15358962271174725,0.0,0.0,0.0,0.0,5.279633771943686e-07,0.03209826703654273,0.0009540464691478939,0.0005225284232886505,0.0,0.0,0.0046598847789310486,0.0,0.00785373479624298,0.0,0.0,0.000992319170623686
2018-08-23 11:00:00,0.0,0.0,0.0,0.0029454518126546736,0.0,0.0,0.15317213030204943,0.0,0.0,0.0,0.0,5.296872369250831e-07,0.02949085146398156,0.0009369275643585388,0.00040406715812587923,0.0,0.0,0.004675099826161892,0.0,0.007735564813984424,0.0,0.0,0.0011633789332297039
2018-08-23 12:00:00,0.0,0.0,0.0,0.0029409341143951566,0.0,0.0,0.151793529278801,0.0,0.0,0.0,0.0,5.288748090666255e-07,0.027018238779802008,0.0009345721982668417,0.0002620955776964648,0.0,0.0,0.004667929214761299,0.0,0.007030707194282468,0.0,0.0,0.001061426114224373
2018-08-23 13:00:00,0.0,0.0,0.0,0.002967262041566284,0.0,0.0,0.15387696088663563,0.0,0.0,0.0,0.0,5.336094195387183e-07,0.027364999275768832,0.000955910195083548,0.0002862810445178856,0.0,0.0,0.004709717604308913,0.0,0.005993875089548044,0.0,0.0,0.0010187650091182804
2018-08-23 14:00:00,0.0,0.0,0.0,0.0031012183551856467,0.0,0.0,0.13968390410685677,0.0,0.0,0.0,0.0,5.576990852819714e-07,0.029833636541056797,0.0010129606909951175,0.0003937140207838412,0.0,0.0,0.004922336644900427,0.0,0.004803545733291371,0.0,0.0,0.001084231757808351
2018-08-23 15:00:00,0.0,0.0,0.0,0.0034783649565045633,0.0,0.0,0.09820064397132258,0.0,0.0,0.0,0.0,6.255222084816188e-07,0.013309707862629513,0.0011876318585594694,0.0008732103814760089,0.0,0.0,0.005520953808721716,0.0,0.0038744372629989053,0.0,0.0,0.0013853403649086214
2018-08-23 16:00:00,0.0,0.0,0.0,0.0037733720407809902,0.0,0.0,0.04682782333749381,0.0,0.0,0.0,0.0,6.785739972334675e-07,0.032585063425508896,0.0014244451531217112,0.0006649339662158167,0.0,0.0,0.005989196936139991,0.0,0.0024656465031326438,0.0,0.0,0.0019588791874529015
2018-08-23 17:00:00,0.0,0.0,0.0,0.003869919471467835,0.0,0.0,0.013517970853334936,0.0,0.0,0.0,0.0,6.959363392595757e-07,0.08651542836084418,0.0015207073981952533,0.0008027941063913874,0.0,0.0,0.0061424395980912766,0.0,0.0008059132903786717,0.0,0.0,0.001932468550537202
2018-08-23 18:00:00,0.0,0.0,0.0,0.0036233093205951506,0.0,0.0,0.024985402181419012,0.0,0.0,0.0,0.0,6.515878801022354e-07,0.0720944947689735,0.0014176910953494814,0.0010818721439662066,0.0,0.0,0.0057510133766466515,0.0,9.768753182212708e-05,0.0,0.0,0.0024172813647643262
2018-08-23 19:00:00,0.0,0.0,0.0,0.0039535601755754796,0.0,0.0,0.012263757353150476,0.0,0.0,0.0,0.0,7.10977635560165e-07,0.06053998161034597,0.0014501839248179799,0.001020858204287757,0.0,0.0,0.006275196358719211,0.0,0.0,0.0,0.0,0.0032476084604408247
2018-08-23 20:00:00,0.0,0.0,0.0,0.004507748725971439,0.0,0.0,0.0036791540862709873,0.0,0.0,0.0,0.0,8.106386114191405e-07,0.0003744492931075906,0.0014915229298875453,0.0005945389972721935,0.0,0.0,0.007154819235075808,0.0,0.0,0.0,0.0,0.003418065643710946
2018-08-23 21:00:00,0.0,0.0,0.0,0.0045508930947909245,0.0,0.0,0.0,0.0,0.0,0.0,0.0,8.183973604880222e-07,0.0,0.001428707357529703,0.0006495618540975276,0.0,0.0,0.007223299130180949,0.0,0.0,0.0,0.0,0.0035761362608444864
2018-08-23 22:00:00,0.0,0.0,0.0,0.004602685745087596,0.0,0.0,0.0,0.0,0.0,0.0,0.0,8.277113495034952e-07,0.0,0.0013718853253661737,0.00033356399262742784,0.0,0.0,0.007305505808748271,0.0,0.0,0.0,0.0,0.003350273856170443
2018-08-23 23:00:00,0.0,0.0,0.0,0.005057189803866168,0.0,0.0,0.0,0.0,0.0,0.0,0.0,9.094458385999841e-07,0.0,0.0015221204734245832,0.000461279563982213,0.0,0.0,0.00802690679621528,0.0,0.0,0.0,0.0,0.0029179831438051894
2018-08-24 00:00:00,0.0,0.0,0.0,0.005248751170423816,0.0,0.0,0.0,0.0,0.0,0.0,0.0,9.438947508237639e-07,0.0,0.0015724016550065487,0.00035619474548049894,0.0,0.0,0.008330958116167391,0.0,0.0,0.0,0.0,0.0021223823833202613
2018-08-24 01:00:00,0.0,0.0,0.0,0.005086303012542742,0.0,0.0,0.0,0.0,0.0,0.0,0.0,9.146813325217196e-07,0.0,0.0015624090912029645,0.00042793493183700495,0.0,0.0,0.008073116058997345,0.0,0.0,0.0,0.0,0.0006544943804349786
2018-08-24 02:00:00,0.0,0.0,0.0,0.004971700479957411,0.0,0.0,0.0,0.0,0.0,0.0,0.0,8.940721008347718e-07,0.0,0.0015198314637247896,0.0004113953741992444,0.0,0.0,0.007891215856839731,0.0,0.0,0.0,0.0,0.00039624309379228
2018-08-24 03:00:00,0.0,0.0,0.0,0.005307706292571702,0.0,0.0,0.0,0.0,0.0,0.0,0.0,9.544967832925787e-07,0.0007129448644122611,0.0016051450741723945,0.0004821328968675847,0.0,0.0,0.008424533261454365,0.0,9.965476899374471e-06,0.0,0.0,0.0005433001536449848
2018-08-24 04:00:00,0.0,0.0,0.0,0.0049559602702079625,0.0,0.0,0.019664641393017747,0.0,0.0,0.0,0.0,8.912415034456084e-07,0.011255542165577514,0.0015898421750919528,0.0006136826412432029,0.0,0.0,0.007866232575311497,0.0,0.00038971229799710097,0.0,0.0,0.0006931823130557101
2018-08-24 05:00:00,0.0,0.0,0.0,0.004179958541969192,0.0,0.0,0.06620993875970267,0.0,0.0,0.0,0.0,7.516913639682208e-07,0.024874283620118922,0.001452892257713683,0.0005377418758677243,0.0,0.0,0.006634541895734339,0.0,0.001410411350356979,0.0,0.0,0.000613051698745628
2018-08-24 06:00:00,0.0,0.0,0.0,0.0036853950230167085,0.0,0.0,0.10447876969034481,0.0,0.0,0.0,0.0,6.627528918762995e-07,0.02127985533213569,0.001303256916010728,0.00040825578082900643,0.0,0.0,0.00584955746260016,0.0,0.003037902858003087,0.0,0.0,0.00033635139037358744
2018-08-24 07:00:00,0.0,0.0,0.0,0.0035405998327566915,0.0,0.0,0.10341973979173986,0.0,0.0,0.0,0.0,6.438149466688747e-07,0.014932789631893432,0.0012562351930527592,0.00042571761532399113,0.0,0.0,0.005682408288191004,0.0,0.005181437570940705,0.0,0.0,0.0002847807282988619
2018-08-24 08:00:00,0.0,0.0,0.0,0.0034757907470863436,0.0,0.0,0.12328274930105966,0.0,0.0,0.0,0.0,6.250592826010646e-07,0.014473194402577714,0.001218824460873841,0.0003775172209743642,0.0,0.0,0.0055168679547444345,0.0,0.00629251040825251,0.0,0.0,0.00023465425830843646
2018-08-24 09:00:00,0.0,0.0,0.0,0.003287738624379034,0.0,0.0,0.1506867148527902,0.0,0.0,0.0,0.0,5.912414456068291e-07,0.01918712231807736,0.0011659711692822829,0.00028078785961317936,0.0,0.0,0.005218386600406492,0.0,0.006603622958825946,0.0,0.0,0.00016281213161689685
2018-08-24 10:00:00,0.0,0.0,0.0,0.003300787730415944,0.0,0.0,0.15667289303775284,0.0,0.0,0.0,0.0,5.935880957510742e-07,0.00991749506639927,0.0011338550375705623,0.00023634155104888284,0.0,0.0,0.0052390984902098234,0.0,0.007241695128501292,0.0,0.0,0.0003347784592911713
2018-08-24 11:00:00,0.0,0.0,0.0,0.0032238799138708516,0.0,0.0,0.15007044952293896,0.0,0.0,0.0,0.0,5.797575897931458e-07,0.03269451253329839,0.0010807094150762347,0.00022765089343769406,0.0,0.0,0.005117028348639115,0.0,0.006999464491093961,0.0,0.0,0.0006134022437465283
2018-08-24 12:00:00,0.0,0.0,0.0,0.0030837728295180053,0.0,0.0,0.147620230518376,0.0,0.0,0.0,0.0,5.545618170883797e-07,0.02665181022496828,0.0010245949622839086,0.00019738116414537828,0.0,0.0,0.004894646640376949,0.0,0.006216420828979037,0.0,0.0,0.0012105907576582511
2018-08-24 13:00:00,0.0,0.0,0.0,0.0031636776383121854,0.0,0.0,0.15967094203418708,0.0,0.0,0.0,0.0,5.689312789160611e-07,0.019173227096706498,0.0010784088325262477,0.00021759719033043984,0.0,0.0,0.005021473688131801,0.0,0.00549402293421354,0.0,0.0,0.0004988581910878085
2018-08-24 14:00:00,0.0,0.0,0.0,0.0032485816299030216,0.0,0.0,0.1664899762876142,0.0,0.0,0.0,0.0,5.841997550515194e-07,0.014371102534695384,0.0011394046669666658,0.0002646867559511364,0.0,0.0,0.005156235572410947,0.0,0.004311473391695349,0.0,0.0,0.00041147665847768647
2018-08-24 15:00:00,0.0,0.0,0.0,0.0032229120079328446,0.0,0.0,0.16221602648596942,0.0,0.0,0.0,0.0,5.795835290871775e-07,0.02663534974391652,0.0012472908358990421,0.0003556593083464069,0.0,0.0,0.005115492062469681,0.0,0.003035632653252728,0.0,0.0,0.000508454520828986
2018-08-24 16:00:00,0.0,0.0,0.0,0.003487764751001881,0.0,0.0,0.12833622943568454,0.0,0.0,0.0,0.0,6.272125947081247e-07,0.0427986250652424,0.0013917742992787439,0.00047247651809449156,0.0,0.0,0.00553587341373157,0.0,0.0019842765541659723,0.0,0.0,0.0004984501725918963
2018-08-24 17:00:00,0.0,0.0,0.0,0.003924807155553841,0.0,0.0,0.06112129502422846,0.0,0.0,0.0,0.0,7.058069151759173e-07,0.05502201745211879,0.001614766323051115,0.000519499074583918,0.0,0.0,0.006229558796995314,0.0,0.0009513654002558753,0.0,0.0,0.0009178898750527313
2018-08-24 18:00:00,0.0,0.0,0.0,0.004000992083379633,0.0,0.0,0.022551273385215686,0.0,0.0,0.0,0.0,7.195074224264536e-07,0.039698636870453906,0.001668723510558018,0.00040812426418690905,0.0,0.0,0.006350481550273531,0.0,0.00023087549824418315,0.0,0.0,0.001864229183846982
2018-08-24 19:00:00,0.0,0.0,0.0,0.004538367277525874,0.0,0.0,0.00011286867526893295,0.0,0.0,0.0,0.0,8.161448145428304e-07,0.003850138495447517,0.0018859775675136607,0.0005475664383365775,0.0,0.0,0.007203417818299771,0.0,0.0,0.0,0.0,0.0015975723155322338
2018-08-24 20:00:00,0.0,0.0,0.0,0.004615016864266174,0.0,0.0,0.0,0.0,0.0,0.0,0.0,8.299288824530524e-07,0.0,0.00186357447982785,0.0004589296947618035,0.0,0.0,0.007325078090623828,0.0,0.0,0.0,0.0,0.0011009410433167738
2018-08-24 21:00:00,0.0,0.0,0.0,0.004539654961569427,0.0,0.0,0.0,0.0,0.0,0.0,0.0,8.163763816661259e-07,0.0,0.0017969251910190558,0.00046755439529834014,0.0,0.0,0.007205461664823521,0.0,0.0,0.0,0.0,0.0009949977462224736
2018-08-24 22:00:00,0.0,0.0,0.0,0.004607544470483081,0.0,0.0,0.0,0.0,0.0,0.0,0.0,8.165766252571117e-07,0.0,0.001740580089245125,0.0005215898285739661,0.0,0.0,0.007207229045104085,0.0,0.0,0.0,0.0,0.0015573740305929544
2018-08-24 23:00:00,0.0,0.0,0.0,0.004986234939647318,0.0,0.0,0.0,0.0,0.0,0.0,0.0,8.836904181479145e-07,0.0,0.0018585494989500628,0.0005510551487353513,0.0,0.0,0.0077995855521218955,0.0,0.0,0.0,0.0,0.0021940233679557507
2018-08-25 00:00:00,0.0,0.0,0.0,0.004809463334141248,0.0,0.0,0.0,0.0,0.0,0.0,0.0,8.523618955497822e-07,0.0010136248877685825,0.001782670291882532,0.0004941824419013052,0.0,0.0,0.007523075263894669,0.0,0.0,0.0,0.0,0.0028199235166285024
2018-08-25 01:00:00,0.0,0.0,0.0,0.004617930237521668,0.0,0.0,0.0,0.0,0.0,0.0,0.0,8.184172530911794e-07,0.0,0.0016983898943009194,0.00045481136443612083,0.0,0.0,0.007223474705311103,0.0,0.0,0.0,0.0,0.003532714226972192
2018-08-25 02:00:00,0.0,0.0,0.0,0.004532052246270426,0.0,0.0,0.0,0.0,0.0,0.0,0.0,8.031974411655342e-07,0.0,0.0016281042517674318,0.00040476375979892266,0.0,0.0,0.007089142338722733,0.0,0.0,0.0,0.0,0.0036828078529523183
2018-08-25 03:00:00,0.0,0.0,0.0,0.004612755329917687,0.0,0.0,0.0,0.0,0.0,0.0,0.0,8.175001249735137e-07,0.0,0.0017084813336982212,0.0005106351209332991,0.0,0.0,0.007215379993555617,0.0,0.0,0.0,0.0,0.002256429395263734
2018-08-25 04:00:00,0.0,0.0,0.0,0.004737789930368807,0.0,0.0,0.0,0.0,0.0,0.0,0.0,8.396595056872155e-07,0.0,0.0017864293936258448,0.0004594796408897919,0.0,0.0,0.007410962045945404,0.0,0.00011141675047577451,0.0,0.0,0.0020989388512928364
2018-08-25 05:00:00,0.0,0.0,0.0,0.00435872679182452,0.0,0.0,0.0,0.0,0.0,0.0,0.0,7.724796660969945e-07,0.0,0.001738262984592448,0.0004735242771188073,0.0,0.0,0.00681802260074928,0.0,0.0006838663321922015,0.0,0.0,0.001592156699075959
2018-08-25 06:00:00,0.0,0.0,0.0,0.0039083644623419175,0.0,0.0,0.0,0.0,0.0,0.0,0.0,6.926637568837998e-07,0.029905532804366114,0.0015889665590715645,0.0007015644025233583,0.0,0.0,0.006113555290089243,0.0,0.0013205328085544217,0.0,0.0,0.0015941697679566894
2018-08-25 07:00:00,0.0,0.0,0.0,0.0036193721589863766,0.0,0.0,0.0,0.0,0.0,0.0,0.0,6.508798514578968e-07,0.03817662415560157,0.0014998390789846805,0.0005204330767346838,0.0,0.0,0.005744764208531365,0.0,0.001948782332240606,0.0,0.0,0.0017068326505022212
2018-08-25 08:00:00,0.0,0.0,0.0,0.003631969756415155,0.0,0.0,0.0,0.0,0.0,0.0,0.0,6.531453057916852e-07,0.03143459097815845,0.001511920762450067,0.00043316830020860293,0.0,0.0,0.0057647594518065405,0.0,0.0023988131114732144,0.0,0.0,0.001871495904228896
2018-08-25 09:00:00,0.0,0.0,0.0,0.0034645642070647792,0.0,0.0,0.0,0.0,0.0,0.0,0.0,6.23040388610437e-07,0.032000257634766646,0.001415187391309058,0.000453691914313436,0.0,0.0,0.005499048890423735,0.0,0.0026107030969287066,0.0,0.0,0.0020287417031040144
2018-08-25 10:00:00,0.0,0.0,0.0,0.0035977743471567623,0.0,0.0,0.0,0.0,0.0,0.0,0.0,6.469958682867901e-07,0.02711992173049071,0.0014307299834611402,0.00037917611541741196,0.0,0.0,0.005710483584453152,0.0,0.0030606455688664334,0.0,0.0,0.002016170970518868
2018-08-25 11:00:00,0.0,0.0,0.0,0.0038130680038134346,0.0,0.0,0.0,0.0,0.0,0.0,0.0,6.85712611718824e-07,0.0,0.0014690774421443555,0.0004883007106909801,0.0,0.0,0.00605220342943076,0.0,0.0034273977336017085,0.0,0.0,0.001968094764588782
2018-08-25 12:00:00,0.0,0.0,0.0,0.0037206161776847857,0.0,0.0,0.0,0.0,0.0,0.0,0.0,6.690867914896937e-07,0.0,0.0014363045593427243,0.0005708612632429193,0.0,0.0,0.0059054614204780325,0.0,0.0032232010148560445,0.0,0.0,0.0013109866495332697
2018-08-25 13:00:00,0.0,0.0,0.0,0.0038765437071615525,0.0,0.0,0.0,0.0,0.0,0.0,0.0,6.971275904918216e-07,0.0,0.0015068481269947932,0.00037473767352718415,0.0,0.0,0.006152953761998866,0.0,0.002965535457574294,0.0,0.0,0.0010186125793757458
2018-08-25 14:00:00,0.0,0.0,0.0,0.004052133021496721,0.0,0.0,0.0,0.0,0.0,0.0,0.0,7.287042125720653e-07,0.0,0.0015911706329455081,0.00048261223918075647,0.0,0.0,0.006431653813854195,0.0,0.0024613815871006566,0.0,0.0,0.0009291629245786841
2018-08-25 15:00:00,0.0,0.0,0.0,0.004119074727474434,0.0,0.0,0.0,0.0,0.0,0.0,0.0,7.407424904084387e-07,0.010454171122663322,0.0016807377797032942,0.00039886064611666274,0.0,0.0,0.006537905478415404,0.0,0.0017002849790771553,0.0,0.0,0.000868828779813709
2018-08-25 16:00:00,0.0,0.0,0.0,0.004193539926006979,0.0,0.0,0.0,0.0,0.0,0.0,0.0,7.541337348648305e-07,0.05357157698589465,0.0017729938499736802,0.000518288182636097,0.0,0.0,0.0066560986314043325,0.0,0.0010131313154997967,0.0,0.0,0.0010012557716566606
2018-08-25 17:00:00,0.0,0.0,0.0,0.004423680002175788,0.0,0.0,0.0,0.0,0.0,0.0,0.0,7.955203433735323e-07,0.025925889699155196,0.0018173219176065196,0.0006708281600652513,0.0,0.0,0.007021383110161422,0.0,0.00040865557759359194,0.0,0.0,0.0014930019897418483
2018-08-25 18:00:00,0.0,0.0,0.0,0.004235141155838063,0.0,0.0,0.0,0.0,0.0,0.0,0.0,7.616149777720271e-07,0.03431963854778985,0.0017585133569017978,0.0006826695580994674,0.0,0.0,0.0067221292150709275,0.0,0.0001010608054363512,0.0,0.0,0.0019227247598051038
2018-08-25 19:00:00,0.0,0.0,0.0,0.004522238102062534,0.0,0.0,0.0,0.0,0.0,0.0,0.0,8.132442685728195e-07,0.039291693977574635,0.001912105882850457,0.0006975774808730241,0.0,0.0,0.007177817159996406,0.0,0.0,0.0,0.0,0.0025586287706024467
2018-08-25 20:00:00,0.0,0.0,0.0,0.004667680385161194,0.0,0.0,0.0,0.0,0.0,0.0,0.0,8.272342722053256e-07,0.0,0.0019553413079920912,0.0005339139278193921,0.0,0.0,0.007301295052214496,0.0,0.0,0.0,0.0,0.0037308085421495748
2018-08-25 21:00:00,0.0,0.0,0.0,0.004265306400484713,0.0,0.0,0.0,0.0,0.0,0.0,0.0,7.559231448568511e-07,0.0,0.0017982017091000579,0.00043006523179254526,0.0,0.0,0.0066718922351754785,0.0,0.0,0.0,0.0,0.004405606674108388
2018-08-25 22:00:00,0.0,0.0,0.0,0.0040331600255657804,0.0,0.0,0.0,0.0,0.0,0.0,0.0,6.849982417389919e-07,0.0,0.0016698646805224527,0.00037618922216215545,0.0,0.0,0.006045898291727394,0.0,0.0,0.0,0.0,0.004294810598532444
2018-08-25 23:00:00,0.0,0.0,0.0,0.003856692788118311,0.0,0.0,0.0,0.0,0.0,0.0,0.0,6.550267685988713e-07,0.0,0.001637234598876132,0.00032247171747273027,0.0,0.0,0.0057813655276747625,0.0,0.0,0.0,0.0,0.004204278825513844
2018-08-26 00:00:00,0.0,0.0,0.0,0.003921730255857482,0.0,0.0,0.0,0.0,0.0,0.0,0.0,6.660728344048613e-07,0.0,0.001713997251837155,0.0003071813168512633,0.0,0.0,0.005878859778488022,0.0,0.0,0.0,0.0,0.003892946870323069
2018-08-26 01:00:00,0.0,0.0,0.0,0.004046615096470685,0.0,0.0,0.0,0.0,0.0,0.0,0.0,6.872834721424247e-07,0.0,0.001811778365275541,0.00031956945464641233,0.0,0.0,0.0060660680815902744,0.0,0.0,0.0,0.0,0.0034241246388322377
2018-08-26 02:00:00,0.0,0.0,0.0,0.0041482730275295455,0.0,0.0,0.0,0.0,0.0,0.0,0.0,7.045492150320527e-07,0.0,0.0018738086095380453,0.00032216220162772794,0.0,0.0,0.006218458144923576,0.0,0.0,0.0,0.0,0.003659608937808635
2018-08-26 03:00:00,0.0,0.0,0.0,0.004263086814691664,0.0,0.0,0.0,0.0,0.0,0.0,0.0,7.240493692126229e-07,0.0,0.0019296939451576326,0.00033997829669100526,0.0,0.0,0.006390569460931382,0.0,0.0,0.0,0.0,0.003942208727867601
2018-08-26 04:00:00,0.0,0.0,0.0,0.004293477410545657,0.0,0.0,0.0,0.0,0.0,0.0,0.0,7.292109558081028e-07,0.0,0.001985044241823505,0.00034564382104912146,0.0,0.0,0.006436126406451404,0.0,8.104673987604886e-05,0.0,0.0,0.0036888058446990176
2018-08-26 05:00:00,0.0,0.0,0.0,0.0040509470149999015,0.0,0.0,0.0,0.0,0.0,0.0,0.0,6.880192119982847e-07,0.0,0.001982522013841108,0.0003908030798527708,0.0,0.0,0.006072561833058026,0.0,0.0005625269436162417,0.0,0.0,0.003310834915125346
2018-08-26 06:00:00,0.0,0.0,0.0,0.0037789999007012964,0.0,0.0,0.0,0.0,0.0,0.0,0.0,6.418312864114726e-07,0.0,0.0018968518206252689,0.0003142970515834321,0.0,0.0,0.005664900202139355,0.0,0.0011732163769537195,0.0,0.0,0.0030751808038619296
2018-08-26 07:00:00,0.0,0.0,0.0,0.0034599940860457405,0.0,0.0,0.0,0.0,0.0,0.0,0.0,5.8765083714628e-07,0.0,0.0018340209765753469,0.0002620241614879123,0.0,0.0,0.005186695345984022,0.0,0.001703556238114096,0.0,0.0,0.0027445610019619007
2018-08-26 08:00:00,0.0,0.0,0.0,0.0033474891785134813,0.0,0.0,0.0,0.0,0.0,0.0,0.0,5.685428267132462e-07,0.0,0.0018308043630795557,0.0002665882960184119,0.0,0.0,0.005018045150120588,0.0,0.002134878208181398,0.0,0.0,0.0025188830649946017
2018-08-26 09:00:00,0.0,0.0,0.0,0.0031859427063236556,0.0,0.0,0.0,0.0,0.0,0.0,0.0,5.411055198105418e-07,0.0,0.001790415788405271,0.00024905325915637345,0.0,0.0,0.004775879321327311,0.0,0.002618363438031048,0.0,0.0,0.002543880021234067
2018-08-26 10:00:00,0.0,0.0,0.0,0.003064023137266726,0.0,0.0,0.0,0.0,0.0,0.0,0.0,5.203985084576121e-07,0.0,0.0017499570308085288,0.00023333029075260352,0.0,0.0,0.004593116101019426,0.0,0.003296938941169541,0.0,0.0,0.0029517227806724142
2018-08-26 11:00:00,0.0,0.0,0.0,0.003042583487313856,0.0,0.0,0.0,0.0,0.0,0.0,0.0,5.167571645912341e-07,0.0,0.0017429612436251176,0.00021967014930275263,0.0,0.0,0.004560977048216257,0.0,0.0038272927144428386,0.0,0.0,0.003173697573711394
2018-08-26 12:00:00,0.0,0.0,0.0,0.0031195581121314145,0.0,0.0,0.0,0.0,0.0,0.0,0.0,5.298306559291209e-07,0.0,0.0017851246643318804,0.00021067893459707083,0.0,0.0,0.0046763656640264,0.0,0.00414359012173852,0.0,0.0,0.0031816554932346205
2018-08-26 13:00:00,0.0,0.0,0.0,0.003311835306960589,0.0,0.0,0.0,0.0,0.0,0.0,0.0,5.624873170954515e-07,0.0,0.001944035505742544,0.00022881282115732503,0.0,0.0,0.004964598304533334,0.0,0.004446544805083711,0.0,0.0,0.0026106569936837644
2018-08-26 14:00:00,0.0,0.0,0.0,0.003458837882715115,0.0,0.0,0.0,0.0,0.0,0.0,0.0,5.874544657542322e-07,0.0,0.002068219759947973,0.00025202756866355704,0.0,0.0,0.005184962142318109,0.0,0.0037263585749038844,0.0,0.0,0.0020694184781356313
2018-08-26 15:00:00,0.0,0.0,0.0,0.003657349582618069,0.0,0.0,0.0,0.0,0.0,0.0,0.0,6.211700050673708e-07,0.0,0.002193877162762592,0.0002846047657038566,0.0,0.0,0.005482540601819678,0.0,0.0026752270606277594,0.0,0.0,0.0018047222203792326
2018-08-26 16:00:00,0.0,0.0,0.0,0.004120580379564925,0.0,0.0,0.0,0.0,0.0,0.0,0.0,6.998458521491973e-07,0.0,0.0025444768607221276,0.00040392647308129667,0.0,0.0,0.006176945551334081,0.0,0.001802291018289071,0.0,0.0,0.0015230776375836355
2018-08-26 17:00:00,0.0,0.0,0.0,0.0043848006999829955,0.0,0.0,0.0,0.0,0.0,0.0,0.0,7.44721446911322e-07,0.016460809684752695,0.0026693583512743865,0.0004333327108874137,0.0,0.0,0.0065730243515129015,0.0,0.0008773839319032332,0.0,0.0,0.0012749641704072497
2018-08-26 18:00:00,0.0,0.0,0.0,0.003939910897198508,0.0,0.0,0.0,0.0,0.0,0.0,0.0,6.691606631231237e-07,0.050731527648034,0.002382311911950464,0.0007417203489775223,0.0,0.0,0.005906113422709786,0.0,0.00021506438600350675,0.0,0.0,0.0013716428714109108
2018-08-26 19:00:00,0.0,0.0,0.0,0.004178101918140379,0.0,0.0,0.0,0.0,0.0,0.0,0.0,7.096154007256338e-07,0.041224164534342654,0.002522763407873474,0.0007413741060939645,0.0,0.0,0.006263173067625622,0.0,0.0,0.0,0.0,0.001488183275760797
2018-08-26 20:00:00,0.0,0.0,0.0,0.0043554766849706475,0.0,0.0,0.0,0.0,0.0,0.0,0.0,7.397410100834112e-07,0.010236470736142606,0.002606036772408249,0.0004805392587918417,0.0,0.0,0.006529066261294334,0.0,0.0,0.0,0.0,0.0011963299724225625
2018-08-26 21:00:00,0.0,0.0,0.0,0.00411537446116431,0.0,0.0,0.0,0.0,0.0,0.0,0.0,6.989616707806292e-07,0.0,0.0024092778640064805,0.00035260070158164044,0.0,0.0,0.006169141632579149,0.0,0.0,0.0,0.0,0.00116319632196124
2018-08-26 22:00:00,0.0,0.0,0.0,0.004185301383325185,0.0,0.0,0.0,0.0,0.0,0.0,0.0,7.108381692153027e-07,0.0,0.0023182099245105062,0.0003063554088634313,0.0,0.0,0.0062739654076236035,0.0,0.0,0.0,0.0,0.0014817974948333982
2018-08-26 23:00:00,0.0,0.0,0.0,0.0041568146714275125,0.0,0.0,0.0002662805389107595,0.0,0.0,0.0,0.0,7.059999412652243e-07,0.0,0.0022410765623892288,0.0002706675866516203,0.0,0.0,0.006231262474512262,0.0,0.0,0.0,0.0,0.0016162725847456017
2018-08-27 00:00:00,0.0,0.0,0.0,0.004007814598267765,0.0,0.0,0.001668782529495178,0.0,0.0,0.0,0.0,6.806935345056535e-07,0.0,0.002088175142696491,0.0002806358704855532,0.0,0.0,0.006007904293316016,0.0,0.0,0.0,0.0,0.0019850584165791527
2018-08-27 01:00:00,0.0,0.0,0.0,0.004095584764433319,0.0,0.0,0.005833097598956931,0.0,0.0,0.0,0.0,6.956005575643554e-07,0.0,0.002061919976503781,0.00028459880868188106,0.0,0.0,0.0061394759379622054,0.0,0.0,0.0,0.0,0.002277406573162407
2018-08-27 02:00:00,0.0,0.0,0.0,0.004129845814553945,0.0,0.0,0.006807828885855873,0.0,0.0,0.0,0.0,7.01419508199588e-07,0.0,0.0020163241467383627,0.0003028464778986747,0.0,0.0,0.006190834878119316,0.0,0.0,0.0,0.0,0.002156792237942283
2018-08-27 03:00:00,0.0,0.0,0.0,0.004007904292263378,0.0,0.0,0.00980752591270121,0.0,0.0,0.0,0.0,6.807087682749312e-07,0.0,0.001930194331906556,0.0003297745670502657,0.0,0.0,0.006008038748872309,0.0,0.0,0.0,0.0,0.0023180240544233258
2018-08-27 04:00:00,0.0,0.0,0.0,0.0038869771088580925,0.0,0.0,0.01850033317996507,0.0,0.0,0.0,0.0,6.601703052618132e-07,0.0,0.0018551055616986205,0.0003019558009513554,0.0,0.0,0.005826763161754772,0.0,0.00044974701979051093,0.0,0.0,0.002182935272679929
2018-08-27 05:00:00,0.0,0.0,0.0,0.003969205807629337,0.0,0.0,0.028316372184883698,0.0,0.0,0.0,0.0,6.741361567831363e-07,0.01661663272642638,0.0020061371467357705,0.00041509156412136456,0.0,0.0,0.005950027883779357,0.0,0.001630020913380928,0.0,0.0,0.0016464854991043052
2018-08-27 06:00:00,0.0,0.0,0.0,0.0037684402885270266,0.0,0.0,0.026296695656654767,0.0,0.0,0.0,0.0,6.400378252725718e-07,0.01777647706293932,0.0019464514185858536,0.0003703279726391102,0.0,0.0,0.005649070842331902,0.0,0.0036227888641546277,0.0,0.0,0.0011369287789297648
2018-08-27 07:00:00,0.0,0.0,0.0,0.0037023347725254033,0.0,0.0,0.03133767955681528,0.0,0.0,0.0,0.0,6.28810360469955e-07,0.018713000577761096,0.001844885749988399,0.0003713139190587028,0.0,0.0,0.005549975536483752,0.0,0.006243988004988633,0.0,0.0,0.0008704006683005915
2018-08-27 08:00:00,0.0,0.0,0.0,0.003779064348979684,0.0,0.0,0.03634462587749657,0.0,0.0,0.0,0.0,6.418422324084326e-07,0.0,0.0017719519445260955,0.0003429211410989419,0.0,0.0,0.005664996813167368,0.0,0.008235101690036608,0.0,0.0,0.0007494775030312003
2018-08-27 09:00:00,0.0,0.0,0.0,0.003626686377566274,0.0,0.0,0.044590173545328834,0.0,0.0,0.0,0.0,6.159621180970006e-07,0.0,0.0016392198192986976,0.00027553367663796317,0.0,0.0,0.005436575002174142,0.0,0.009149995635676698,0.0,0.0,0.0007604957847082533
2018-08-27 10:00:00,0.0,0.0,0.0,0.003511072631728241,0.0,0.0,0.04578521443356222,0.0,0.0,0.0,0.0,5.963260976768088e-07,0.0,0.0015289274197270728,0.00022487786570935054,0.0,0.0,0.0052632645101451745,0.0,0.010187966461471533,0.0,0.0,0.0006797365166864763
2018-08-27 11:00:00,0.0,0.0,0.0,0.0035579985628091827,0.0,0.0,0.04647311333222635,0.0,0.0,0.0,0.0,6.042960716125445e-07,0.0,0.0014946944459707054,0.00017344105129025124,0.0,0.0,0.0053336087079358845,0.0,0.010682230582099514,0.0,0.0,0.000540657372241263
2018-08-27 12:00:00,0.0,0.0,0.0,0.0034996435064103618,0.0,0.0,0.045270008643547036,0.0,0.0,0.0,0.0,5.943849570581042e-07,0.0,0.0014811197149769506,0.00022795412536543813,0.0,0.0,0.005246131708868436,0.0,0.010192006383812945,0.0,0.0,0.00040827263282660893
2018-08-27 13:00:00,0.0,0.0,0.0,0.003598743730857356,0.0,0.0,0.046905414043532205,0.0,0.0,0.0,0.0,6.11216295034238e-07,0.0,0.0015422702981274818,0.0002610229623867382,0.0,0.0,0.005394687648602029,0.0,0.009393696586545552,0.0,0.0,0.00029175546221396446
2018-08-27 14:00:00,0.0,0.0,0.0,0.0038529707906319343,0.0,0.0,0.05607674451508705,0.0,0.0,0.0,0.0,6.543946186921569e-07,0.0,0.0016683790538612945,0.0003298615561081096,0.0,0.0,0.005775786076797022,0.0,0.007449568529800751,0.0,0.0,0.0002799380703567515
2018-08-27 15:00:00,0.0,0.0,0.0,0.0040477962000870695,0.0,0.0,0.03665594560225545,0.0,0.0,0.0,0.0,6.874840726381667e-07,0.036425023634649126,0.0019280981149602321,0.0004667291615624496,0.0,0.0,0.006067838611966306,0.0,0.005144053182007631,0.0,0.0,0.0002519451325286241
2018-08-27 16:00:00,0.0,0.0,0.0,0.004166921636458055,0.0,0.0,0.024388320216305426,0.0,0.0,0.0,0.0,7.077165241013511e-07,0.05419015779170117,0.001996146995260316,0.0007111657118185939,0.0,0.0,0.006246413294768679,0.0,0.0032106276890116496,0.0,0.0,0.00018090764255830686
2018-08-27 17:00:00,0.0,0.0,0.0,0.004202102140442722,0.0,0.0,0.0018214620888687167,0.0,0.0,0.0,0.0,7.136916362268877e-07,0.10113783331884717,0.001974212213812439,0.0010633899180940195,0.0,0.0,0.0062991505399051795,0.0,0.0015598623254808814,0.0,0.0,0.00013868030536882
2018-08-27 18:00:00,0.0,0.0,0.0,0.004099854005298817,0.0,0.0,0.0,0.0,0.0,0.0,0.0,6.963256521472355e-07,0.10604052376446475,0.0019372980292388172,0.001085407143083932,0.0,0.0,0.006145875732637366,0.0,0.0004032895244410536,0.0,0.0,0.000133793337111845
2018-08-27 19:00:00,0.0,0.0,0.0,0.0043161893663060495,0.0,0.0,0.0,0.0,0.0,0.0,0.0,7.330683900938005e-07,0.09425832973452349,0.0020287032507197607,0.001142680388871565,0.0,0.0,0.006470172706043567,0.0,0.0,0.0,0.0,0.0001752702814157382
2018-08-27 20:00:00,0.0,0.0,0.0,0.005059401737807363,0.0,0.0,0.0,0.0,0.0,0.0,0.0,8.592967481281803e-07,0.035740179458506084,0.0023366249078490644,0.0009096645206053271,0.0,0.0,0.007584283323714908,0.0,0.0,0.0,0.0,0.0005106640820482349
2018-08-27 21:00:00,0.0,0.0,0.0,0.005551916575075957,0.0,0.0,0.0,0.0,0.0,0.0,0.0,9.332251473883012e-07,0.0038704974078885646,0.002423413822313394,0.0005880455334532294,0.0,0.0,0.008236786579288538,0.0,0.0,0.0,0.0,0.0008438711413159002
2018-08-27 22:00:00,0.0,0.0,0.0,0.005843695758143028,0.0,0.0,0.0,0.0,0.0,0.0,0.0,9.789065536538618e-07,0.0,0.002264643006778376,0.0005151986572520772,0.0,0.0,0.008639977593915835,0.0,0.0,0.0,0.0,0.0009634829755356627
2018-08-27 23:00:00,0.0,0.0,0.0,0.0062963901128481456,0.0,0.0,0.0,0.0,0.0,0.0,0.0,1.0547396375383942e-06,0.0,0.0024129736805702465,0.0004933235226056785,0.0,0.0,0.009309291884635739,0.0,0.0,0.0,0.0,0.0007767586029261288
2018-08-28 00:00:00,0.0,0.0,0.0,0.006169702018133703,0.0,0.0,0.0,0.0,0.0,0.0,0.0,1.0335174844149915e-06,0.0,0.0023548217669451072,0.00046082900783739464,0.0,0.0,0.009121981944992936,0.0,0.0,0.0,0.0,0.0004758130410615851
2018-08-28 01:00:00,0.0,0.0,0.0,0.0063393633535453586,0.0,0.0,0.0,0.0,0.0,0.0,0.0,1.0655875714197712e-06,0.0,0.0023872791792204887,0.0004931026122716035,0.0,0.0,0.009405037393055858,0.0,0.0,0.0,0.0,0.00041413688701823215
2018-08-28 02:00:00,0.0,0.0,0.0,0.006155132992234766,0.0,0.0,0.0,0.0,0.0,0.0,0.0,1.045397467649206e-06,0.0019212813055965528,0.0023154539182707523,0.0005240842967768862,0.0,0.0,0.009226836477406256,0.0,0.0,0.0,0.0,0.0004712756797872268
2018-08-28 03:00:00,0.0,0.0,0.0,0.005801391607119654,0.0,0.0,0.0,0.0,0.0,0.0,0.0,9.853174744681337e-07,0.009122102812908536,0.002148250841640676,0.000828299175316659,0.0,0.0,0.008696561352585064,0.0,0.0,0.0,0.0,0.0006236811753117484
2018-08-28 04:00:00,0.0,0.0,0.0,0.005139624211812102,0.0,0.0,0.0,0.0,0.0,0.0,0.0,8.729218592799476e-07,0.027521848580646647,0.002051131956512772,0.0011988265605955798,0.0,0.0,0.0077045406195992575,0.0,0.00031301153397012254,0.0,0.0,0.0005187531901128409
2018-08-28 05:00:00,0.0,0.0,0.0,0.00430007194975974,0.0,0.0,0.0,0.0,0.0,0.0,0.0,7.303309827195299e-07,0.11359488304889659,0.0018730113820106514,0.0010410070163608108,0.0,0.0,0.006446011933709542,0.0,0.0013201873704671296,0.0,0.0,0.00036100170322098465
2018-08-28 06:00:00,0.0,0.0,0.0,0.00393839544102025,0.0,0.0,0.0,0.0,0.0,0.0,0.0,6.620073656040573e-07,0.11770455731435088,0.0017016964829307249,0.0011717982266898404,0.0,0.0,0.005842977334738309,0.0,0.0032071084665082133,0.0,0.0,0.0002972940664927988
2018-08-28 07:00:00,0.0,0.0,0.0,0.003725019634577418,0.0,0.0,0.0,0.0,0.0,0.0,0.0,6.326631931176114e-07,0.10998138881338643,0.001636538245862868,0.0012061399281633907,0.0,0.0,0.00558398122132119,0.0,0.005640680797265568,0.0,0.0,0.00030034491477460087
2018-08-28 08:00:00,0.0,0.0,0.0,0.0037416462635102656,0.0,0.0,0.0,0.0,0.0,0.0,0.0,6.267817833775453e-07,0.08588341755538303,0.0015973270331360642,0.0009497131956498936,0.0,0.0,0.005532071007639267,0.0,0.007185967083487547,0.0,0.0,0.00041608015903431847
2018-08-28 09:00:00,0.0,0.0,0.0,0.003821014916272375,0.0,0.0,0.0,0.0,0.0,0.0,0.0,6.467216215476309e-07,0.05180791921966149,0.0015315253059037563,0.0009596311309379697,0.0,0.0,0.005708063041171779,0.0,0.008430421104202238,0.0,0.0,0.0004107632758813187
2018-08-28 10:00:00,0.0,0.0,0.0,0.0037875309615149778,0.0,0.0,0.0,0.0,0.0,0.0,0.0,6.432802151969654e-07,0.008098735844249449,0.001459652692086205,0.0009227295388333288,0.0,0.0,0.0056776886671824275,0.0,0.009410922350058585,0.0,0.0,0.0005414149271528963
2018-08-28 11:00:00,0.0,0.0,0.0,0.0037078826922617705,0.0,0.0,0.0,0.0,0.0,0.0,0.0,6.297526278832565e-07,0.006696766030799266,0.0014216311624977356,0.000842719441374676,0.0,0.0,0.005558292131472327,0.0,0.00945004186614855,0.0,0.0,0.0008421385077136109
2018-08-28 12:00:00,0.0,0.0,0.0,0.0038055678608593917,0.0,0.0,0.0,0.0,0.0,0.0,0.0,6.463436305484584e-07,0.0051009013464521505,0.0014727763938398024,0.0004928884024970696,0.0,0.0,0.00570472683532929,0.0,0.009349895070135162,0.0,0.0,0.0010357311714492548
2018-08-28 13:00:00,0.0,0.0,0.0,0.003850940783295223,0.0,0.0,0.0,0.0,0.0,0.0,0.0,6.540498390534741e-07,0.021932481423152576,0.0015084498073052867,0.0005905302206562827,0.0,0.0,0.00577274299945533,0.0,0.0083392208825082,0.0,0.0,0.0010719666822807073
2018-08-28 14:00:00,0.0,0.0,0.0,0.004231500776298793,0.0,0.0,0.0,0.0,0.0,0.0,0.0,7.186847467762537e-07,0.01398529098198982,0.0017778783163897723,0.0005973904134559144,0.0,0.0,0.006343220490309988,0.0,0.006845048166910699,0.0,0.0,0.0008135940256481649
2018-08-28 15:00:00,0.0,0.0,0.0,0.004037676199187583,0.0,0.0,0.0,0.0,0.0,0.0,0.0,6.857652757695566e-07,0.08713140946406696,0.0018440936456018417,0.0008523053477515996,0.0,0.0,0.006052668250323658,0.0,0.004237102807019544,0.0,0.0,0.0003526820866294098
2018-08-28 16:00:00,0.0,0.0,0.0,0.0038236009084871244,0.0,0.0,0.0,0.0,0.0,0.0,0.0,6.539476951569225e-07,0.1321142099817395,0.0018032712085145866,0.0008799706415617834,0.0,0.0,0.005771841461944659,0.0,0.0023720282558992744,0.0,0.0,0.0001486791009701714
2018-08-28 17:00:00,0.0,0.0,0.0,0.003800197048528833,0.0,0.0,0.0,0.0,0.0,0.0,0.0,6.568348257265849e-07,0.11208534624022107,0.0017908174886395129,0.0009959372370236589,0.0,0.0,0.00579732371389147,0.0,0.001130578072818813,0.0,0.0,0.00010479844710808671
2018-08-28 18:00:00,0.0,0.0,0.0,0.0039446294932892,0.0,0.0,0.0,0.0,0.0,0.0,0.0,6.891038505299901e-07,0.114916723171595,0.0019046421298556779,0.0009237636209927465,0.0,0.0,0.0060821350171136965,0.0,0.00031500416420159803,0.0,0.0,0.00011143747047051123
2018-08-28 19:00:00,0.0,0.0,0.0,0.004051071879023564,0.0,0.0,0.0,0.0,0.0,0.0,0.0,7.076987167890225e-07,0.11315588948363466,0.0019510604513758337,0.0009168578387963665,0.0,0.0,0.006246256124731403,0.0,0.0,0.0,0.0,0.00031843192759000756
2018-08-28 20:00:00,0.0,0.0,0.0,0.005366896391589957,0.0,0.0,0.0,0.0,0.0,0.0,0.0,9.375656129763172e-07,0.004680942056065381,0.002481163151360798,0.000828000013898195,0.0,0.0,0.00827509618635741,0.0,0.0,0.0,0.0,0.0005824617052021016
2018-08-28 21:00:00,0.0,0.0,0.0,0.005683334522309925,0.0,0.0,0.0,0.0,0.0,0.0,0.0,9.928455156147309e-07,0.0016588170438874429,0.0023360235190607653,0.0007668603087772883,0.0,0.0,0.008763004984604791,0.0,0.0,0.0,0.0,0.0005006862894068734
2018-08-28 22:00:00,0.0,0.0,0.0,0.005840807546934874,0.0,0.0,0.0,0.0,0.0,0.0,0.0,1.020355137952714e-06,0.0,0.0022141003710943845,0.000751818274220205,0.0,0.0,0.009005809080389102,0.0,0.0,0.0,0.0,0.0005223446664706273
2018-08-28 23:00:00,0.0,0.0,0.0,0.005521623292579725,0.0,0.0,0.0,0.0,0.0,0.0,0.0,9.645955034727536e-07,0.0,0.0020776131029798385,0.0007497071510829389,0.0,0.0,0.00851366609620581,0.0,0.0,0.0,0.0,0.0005555649008313397
2018-08-29 00:00:00,0.0,0.0,0.0,0.0057305959816866415,0.0,0.0,0.0,0.0,0.0,0.0,0.0,1.0011018179350295e-06,0.0,0.002153287968043374,0.0006683849577619096,0.0,0.0,0.008835876360110158,0.0,0.0,0.0,0.0,0.0008976195399970043
2018-08-29 01:00:00,0.0,0.0,0.0,0.006083449443214771,0.0,0.0,0.0,0.0,0.0,0.0,0.0,1.0627432672588591e-06,0.0,0.002296391831980276,0.0006980059610881636,0.0,0.0,0.009379933133482938,0.0,0.0,0.0,0.0,0.0010047405614468426
2018-08-29 02:00:00,0.0,0.0,0.0,0.0059087183436991545,0.0,0.0,0.0,0.0,0.0,0.0,0.0,1.0322187595228616e-06,0.0,0.0022471025360039426,0.0005609380425138466,0.0,0.0,0.009110519202275787,0.0,0.0,0.0,0.0,0.0010392978811523935
2018-08-29 03:00:00,0.0,0.0,0.0,0.005989885655818076,0.0,0.0,0.0,0.0,0.0,0.0,0.0,1.046398217292843e-06,0.0,0.0022603466062849245,0.0006285727911041379,0.0,0.0,0.00923566924542264,0.0,0.0,0.0,0.0,0.0015596071211944405
2018-08-29 04:00:00,0.0,0.0,0.0,0.0053038481978362004,0.0,0.0,0.0,0.0,0.0,0.0,0.0,9.332172977368625e-07,0.02114080882077436,0.0021764440168706213,0.0005097002771727337,0.0,0.0,0.008236717297075341,0.0,0.00046047927779181556,0.0,0.0,0.0013738493782023942
2018-08-29 05:00:00,0.0,0.0,0.0,0.004090866461278683,0.0,0.0,0.0,0.0,0.0,0.0,0.0,7.14650599065644e-07,0.10473637339026279,0.0018285163559877313,0.0008477433310017916,0.0,0.0,0.006307614491248977,0.0,0.0015597527991031634,0.0,0.0,0.0009315813331891292
2018-08-29 06:00:00,0.0,0.0,0.0,0.0037888850658076515,0.0,0.0,0.0,0.0,0.0,0.0,0.0,6.618962040682097e-07,0.11108856211369955,0.0017067549733064996,0.0008553548238432255,0.0,0.0,0.005841996206176605,0.0,0.003553323835376354,0.0,0.0,0.0007313161129500806
2018-08-29 07:00:00,0.0,0.0,0.0,0.003837437615759839,0.0,0.0,0.0010526118034043937,0.0,0.0,0.0,0.0,6.752009160960122e-07,0.06144195238581803,0.0017063593436288612,0.0008817301263858747,0.0,0.0,0.005959425610836983,0.0,0.006397796335037512,0.0,0.0,0.0008425091471040118
2018-08-29 08:00:00,0.0,0.0,0.0,0.0039449210217369045,0.0,0.0,0.007615863026956676,0.0,0.0,0.0,0.0,6.891547788557538e-07,0.002214789336587931,0.0016607317565483489,0.0006133948045727152,0.0,0.0,0.006082584518234975,0.0,0.008445770106362094,0.0,0.0,0.00098602495448276
2018-08-29 09:00:00,0.0,0.0,0.0,0.0037730163033841955,0.0,0.0,0.011999115106874087,0.0,0.0,0.0,0.0,6.591240234850263e-07,0.0001360361414221664,0.0014854176421934468,0.00043868473754012186,0.0,0.0,0.005817528520230901,0.0,0.009369073116011937,0.0,0.0,0.0012784712735994918
2018-08-29 10:00:00,0.0,0.0,0.0,0.0037290816629759597,0.0,0.0,0.016953688767680972,0.0,0.0,0.0,0.0,6.514488971066245e-07,0.0,0.0014037582796592894,0.00033638380740711897,0.0,0.0,0.005749786691664789,0.0,0.010671636515096955,0.0,0.0,0.0015076777887273248
2018-08-29 11:00:00,0.0,0.0,0.0,0.0036763267745882422,0.0,0.0,0.016487765620046183,0.0,0.0,0.0,0.0,6.422329246600099e-07,0.0,0.0013690679416268493,0.0004140903874240865,0.0,0.0,0.005668445122188433,0.0,0.010966417676032352,0.0,0.0,0.0016623455554846392
2018-08-29 12:00:00,0.0,0.0,0.0,0.0037099920108002163,0.0,0.0,0.009142348792988456,0.0,0.0,0.0,0.0,6.481140458000664e-07,0.0,0.0013852623321620671,0.0003998314579040971,0.0,0.0,0.005720352788642935,0.0,0.010699240149958007,0.0,0.0,0.001682358243270615
2018-08-29 13:00:00,0.0,0.0,0.0,0.0036869094264727603,0.0,0.0,0.008461955281175555,0.0,0.0,0.0,0.0,6.440816524492348e-07,0.0,0.0014411729774901673,0.00043852672592854314,0.0,0.0,0.0056847622738272,0.0,0.009429471186662666,0.0,0.0,0.0018969514308461667
2018-08-29 14:00:00,0.0,0.0,0.0,0.003711382052609596,0.0,0.0,0.009553339910330303,0.0,0.0,0.0,0.0,6.483568780267356e-07,0.010940881111909958,0.0015261101151506909,0.0006424455392893055,0.0,0.0,0.0057224960626762675,0.0,0.006955643372367855,0.0,0.0,0.0018530430443644478
2018-08-29 15:00:00,0.0,0.0,0.0,0.003709864422788039,0.0,0.0,0.0038458467626680632,0.0,0.0,0.0,0.0,6.480917569157434e-07,0.08401988814252476,0.0015933992070935811,0.0008440407948788,0.0,0.0,0.005720156063572065,0.0,0.004445383368870016,0.0,0.0,0.0018127611377422184
2018-08-29 16:00:00,0.0,0.0,0.0,0.003556422426111041,0.0,0.0,0.0,0.0,0.0,0.0,0.0,6.212863317362644e-07,0.11001864267028709,0.0015971305139367339,0.000879239274035074,0.0,0.0,0.005483567318628411,0.0,0.0025273676494989555,0.0,0.0,0.0017865042097513588
2018-08-29 17:00:00,0.0,0.0,0.0,0.0035351942957022263,0.0,0.0,0.0,0.0,0.0,0.0,0.0,6.175779007089262e-07,0.11304011862160218,0.0015751045405485017,0.0008230358311328071,0.0,0.0,0.005450836144375682,0.0,0.001217882567151351,0.0,0.0,0.0022117307777170525
2018-08-29 18:00:00,0.0,0.0,0.0,0.003600491736062366,0.0,0.0,0.0,0.0,0.0,0.0,0.0,6.289849841012893e-07,0.0884910847691782,0.0015869965009393074,0.0008533709055149791,0.0,0.0,0.005551516791117777,0.0,0.00033171199812973186,0.0,0.0,0.003097984563101878
2018-08-29 19:00:00,0.0,0.0,0.0,0.00450294492852207,0.0,0.0,0.0,0.0,0.0,0.0,0.0,7.866383127358403e-07,0.01344443483353718,0.001895716867034522,0.0007363682818853862,0.0,0.0,0.006942988961698841,0.0,0.0,0.0,0.0,0.004481112475586674
2018-08-29 20:00:00,0.0,0.0,0.0,0.004695798417999067,0.0,0.0,0.0,0.0,0.0,0.0,0.0,8.203286966902353e-07,0.0,0.0017503583296780375,0.00047207052025649993,0.0,0.0,0.007240345396191896,0.0,0.0,0.0,0.0,0.0047791723619882535
2018-08-29 21:00:00,0.0,0.0,0.0,0.004735583736692406,0.0,0.0,0.0,0.0,0.0,0.0,0.0,8.272789606764434e-07,0.0,0.0016421558543160642,0.0004041349924007224,0.0,0.0,0.007301689479433033,0.0,0.0,0.0,0.0,0.0046693667731625985
2018-08-29 22:00:00,0.0,0.0,0.0,0.004872765163830641,0.0,0.0,0.0,0.0,0.0,0.0,0.0,8.134752644266478e-07,0.0,0.001616379793367724,0.00040345470286488574,0.0,0.0,0.007179855964409266,0.0,0.0,0.0,0.0,0.004145607806142693
2018-08-29 23:00:00,0.0,0.0,0.0,0.00499182313465476,0.0,0.0,0.0,0.0,0.0,0.0,0.0,8.362051317242633e-07,0.0,0.0016433222404639359,0.0004005136614137193,0.0,0.0,0.007380473217844794,0.0,0.0,0.0,0.0,0.0038737981563768784
2018-08-30 00:00:00,0.0,0.0,0.0,0.004743151796305321,0.0,0.0,0.0,0.0,0.0,0.0,0.0,7.945489584922916e-07,0.0,0.0015460760897781287,0.0004647154921488456,0.0,0.0,0.00701280951998812,0.0,0.0,0.0,0.0,0.003600861843964902
2018-08-30 01:00:00,0.0,0.0,0.0,0.00489561040455543,0.0,0.0,0.0,0.0,0.0,0.0,0.0,8.200880585676188e-07,0.0,0.0015931371352607385,0.0004144551953625723,0.0,0.0,0.007238221487653444,0.0,0.0,0.0,0.0,0.0029423391034176095
2018-08-30 02:00:00,0.0,0.0,0.0,0.005288652247937564,0.0,0.0,0.0,0.0,0.0,0.0,0.0,8.85928453459982e-07,0.0,0.001782957684140972,0.00036073215114079855,0.0,0.0,0.00781933879095606,0.0,0.0,0.0,0.0,0.00189863830910353
2018-08-30 03:00:00,0.0,0.0,0.0,0.005721267026865357,0.0,0.0,0.0,0.0,0.0,0.0,0.0,9.583979076935998e-07,0.0,0.001958592324935556,0.0006039074391290958,0.0,0.0,0.008458965176625522,0.0,0.0,0.0,0.0,0.001095663577801758
2018-08-30 04:00:00,0.0,0.0,0.0,0.0051136420767757835,0.0,0.0,0.0007107902044357286,0.0,0.0,0.0,0.0,8.566116288686909e-07,0.008570371464010273,0.001856334190107216,0.0008251677470803198,0.0,0.0,0.007560584054206101,0.0,0.00025936154202741595,0.0,0.0,0.00084830279930782
2018-08-30 05:00:00,0.0,0.0,0.0,0.004187731617802745,0.0,0.0,0.005732701703227865,0.0,0.0,0.0,0.0,7.01507760717727e-07,0.04984695873593925,0.0016841661792317672,0.0010722957700653303,0.0,0.0,0.006191613808218907,0.0,0.001088553559516627,0.0,0.0,0.00070387179629705
2018-08-30 06:00:00,0.0,0.0,0.0,0.0038808080586184876,0.0,0.0,0.021364605756068435,0.0,0.0,0.0,0.0,6.500934681208598e-07,0.1063667210223214,0.0015459445278668367,0.0009153316314907061,0.0,0.0,0.0057378234700238276,0.0,0.0025090076505006565,0.0,0.0,0.0004846044489200854
2018-08-30 07:00:00,0.0,0.0,0.0,0.0036474000672908798,0.0,0.0,0.04069700901023718,0.0,0.0,0.0,0.0,6.109941340962586e-07,0.11256163028195651,0.0014615051948194872,0.0008731423999303967,0.0,0.0,0.005392726822495368,0.0,0.004014947725817045,0.0,0.0,0.0005994722171669024
2018-08-30 08:00:00,0.0,0.0,0.0,0.0035633083165868295,0.0,0.0,0.07202798876001852,0.0,0.0,0.0,0.0,5.969075065099896e-07,0.056986638469087865,0.0014152688276582218,0.0007748054544418407,0.0,0.0,0.005268396112618196,0.0,0.004889669558317253,0.0,0.0,0.0006719936012516808
2018-08-30 09:00:00,0.0,0.0,0.0,0.003310966177950088,0.0,0.0,0.07746345570280448,0.0,0.0,0.0,0.0,5.546364192566322e-07,0.09724586023776241,0.0012997796897874518,0.0006252936376266563,0.0,0.0,0.004895305090419758,0.0,0.00514788647487041,0.0,0.0,0.0007196208125904264
2018-08-30 10:00:00,0.0,0.0,0.0,0.003563168375319843,0.0,0.0,0.07841872595718938,0.0,0.0,0.0,0.0,5.968840642520334e-07,0.02230334486199888,0.0013241130784067041,0.0007230297107163681,0.0,0.0,0.005268189207696846,0.0,0.00615545422217873,0.0,0.0,0.0007330846028367847
2018-08-30 11:00:00,0.0,0.0,0.0,0.003539516686944369,0.0,0.0,0.0892735673050028,0.0,0.0,0.0,0.0,5.92922052245596e-07,0.017435206644868837,0.0013242808089299553,0.0007297821857815467,0.0,0.0,0.005233219889292887,0.0,0.005997007801152853,0.0,0.0,0.0006716379046754963
2018-08-30 12:00:00,0.0,0.0,0.0,0.0035661267160240224,0.0,0.0,0.0877066264590466,0.0,0.0,0.0,0.0,5.97379630623576e-07,0.0005283975660499987,0.0013467357232554847,0.0005762325704964404,0.0,0.0,0.005272563151594192,0.0,0.005539878172727189,0.0,0.0,0.0010225882561853902
2018-08-30 13:00:00,0.0,0.0,0.0,0.0035147960148800366,0.0,0.0,0.08933108131662787,0.0,0.0,0.0,0.0,5.887809694623619e-07,0.0,0.0013695734136515338,0.0004913355342157295,0.0,0.0,0.005196670065075095,0.0,0.004641984162401937,0.0,0.0,0.0013297972254872111
2018-08-30 14:00:00,0.0,0.0,0.0,0.003363646367475712,0.0,0.0,0.0777467074859119,0.0,0.0,0.0,0.0,5.634611399314724e-07,0.0,0.0013849838595077384,0.0004475874013172527,0.0,0.0,0.004973193412464995,0.0,0.0032313642541359853,0.0,0.0,0.0022793680392198526
2018-08-30 15:00:00,0.0,0.0,0.0,0.003342226534445144,0.0,0.0,0.053466982365344,0.0,0.0,0.0,0.0,5.541793734196646e-07,0.0,0.0014710967681379051,0.00046593885907543877,0.0,0.0,0.004891271134598283,0.0,0.0019470117694954739,0.0,0.0,0.003357061557721782
2018-08-30 16:00:00,0.0,0.0,0.0,0.003454056019350941,0.0,0.0,0.017775165992985745,0.0,0.0,0.0,0.0,5.707871090853759e-07,0.0,0.0015451633895854592,0.0004838578277550443,0.0,0.0,0.0050378535264535935,0.0,0.0010860374167777171,0.0,0.0,0.004145764824834515
2018-08-30 17:00:00,0.0,0.0,0.0,0.0036309035583463123,0.0,0.0,0.0003696315973440403,0.0,0.0,0.0,0.0,6.000113877208451e-07,0.007890118128251486,0.0015727047762632194,0.0006391039289812098,0.0,0.0,0.005295791438572312,0.0,0.0004855413422539881,0.0,0.0,0.00484059352222057
2018-08-30 18:00:00,0.0,0.0,0.0,0.0037058559964707415,0.0,0.0,0.0,0.0,0.0,0.0,0.0,6.12397372556141e-07,0.029094295690484696,0.0016181427260850028,0.000553323311979712,0.0,0.0,0.0054051120178003256,0.0,0.0001356234987461635,0.0,0.0,0.004476003658569063
2018-08-30 19:00:00,0.0,0.0,0.0,0.004343919791167144,0.0,0.0,0.0,0.0,0.0,0.0,0.0,7.178382185489174e-07,0.005467592869895773,0.0019251061692760758,0.0004997263447948148,0.0,0.0,0.006335748903885824,0.0,0.0,0.0,0.0,0.003756424317315106
2018-08-30 20:00:00,0.0,0.0,0.0,0.00454118456747467,0.0,0.0,0.0,0.0,0.0,0.0,0.0,7.504364713746212e-07,0.0011431771098763294,0.0019111527795100543,0.0005171209702415856,0.0,0.0,0.006623466023526719,0.0,0.0,0.0,0.0,0.0030681120498869683
2018-08-30 21:00:00,0.0,0.0,0.0,0.004950743676626552,0.0,0.0,0.0,0.0,0.0,0.0,0.0,8.181166301800112e-07,0.0,0.001999134986490374,0.0005267455331015756,0.0,0.0,0.0072208213619383175,0.0,0.0,0.0,0.0,0.0026426309746174752
2018-08-30 22:00:00,0.0,0.0,0.0,0.005193615129339934,0.0,0.0,0.0,0.0,0.0,0.0,0.0,8.945155892535293e-07,0.0,0.0021855890814606537,0.00031650699849456506,0.0,0.0,0.007895130152833484,0.0,0.0,0.0,0.0,0.0025109847391932617
2018-08-30 23:00:00,0.0,0.0,0.0,0.00532351555225304,0.0,0.0,0.0,0.0,0.0,0.0,0.0,9.168888207026544e-07,0.0,0.0022549008646559326,0.0003113552902998173,0.0,0.0,0.008092599684222776,0.0,0.0,0.0,0.0,0.0024167890160811134
2018-08-31 00:00:00,0.0,0.0,0.0,0.00513527397591225,0.0,0.0,0.0,0.0,0.0,0.0,0.0,8.844672760966152e-07,0.0,0.0021907546465368814,0.0003117950877562621,0.0,0.0,0.007806442218108423,0.0,0.0,0.0,0.0,0.002298580787741848
2018-08-31 01:00:00,0.0,0.0,0.0,0.005149509984277547,0.0,0.0,0.0,0.0,0.0,0.0,0.0,8.869191965979172e-07,0.0,0.0022132290282747998,0.00033133088121955486,0.0,0.0,0.007828083240036655,0.0,0.0,0.0,0.0,0.0018219379537653525
2018-08-31 02:00:00,0.0,0.0,0.0,0.005149222754060741,0.0,0.0,0.0,0.0,0.0,0.0,0.0,8.745520907911936e-07,0.0,0.002207120071339174,0.00031939212274163293,0.0,0.0,0.007718929289975902,0.0,0.0,0.0,0.0,0.0016243173678085413
2018-08-31 03:00:00,0.0,0.0,0.0,0.005123755810899452,0.0,0.0,0.0,0.0,0.0,0.0,0.0,8.612553353690994e-07,0.0,0.0022125942638475033,0.0003192659405435361,0.0,0.0,0.0076015701115233125,0.0,0.0,0.0,0.0,0.0014352635356758966
2018-08-31 04:00:00,0.0,0.0,0.0,0.004896258200504883,0.0,0.0,0.0,0.0,0.0,0.0,0.0,8.201965740904308e-07,0.0,0.0022455409885061206,0.00044518271361672785,0.0,0.0,0.007239179262103098,0.0,0.0003685175414839307,0.0,0.0,0.0013704106807590575
2018-08-31 05:00:00,0.0,0.0,0.0,0.004437773483961859,0.0,0.0,0.0,0.0,0.0,0.0,0.0,7.433935178826038e-07,0.021852598214248745,0.0021708029466357896,0.0005803108662001251,0.0,0.0,0.006561303848660396,0.0,0.0014809442158231266,0.0,0.0,0.0008644392257404119
2018-08-31 06:00:00,0.0,0.0,0.0,0.004318085388418733,0.0,0.0,0.0007729960921781535,0.0,0.0,0.0,0.0,7.233439694511593e-07,0.05491045380599392,0.00213323065095664,0.0008943755519121375,0.0,0.0,0.006384343495734755,0.0,0.003469210203260148,0.0,0.0,0.00032491233440111987
2018-08-31 07:00:00,0.0,0.0,0.0,0.0041712118078951815,0.0,0.0,0.0014329440293382476,0.0,0.0,0.0,0.0,7.035593447822246e-07,0.040526614760826266,0.002101087478670682,0.0008602533710089651,0.0,0.0,0.0062097214000857,0.0,0.005850749298293551,0.0,0.0,0.0002516586593459641
2018-08-31 08:00:00,0.0,0.0,0.0,0.004156575909992902,0.0,0.0,0.0,0.0,0.0,0.0,0.0,7.010907042018213e-07,0.019017401692026016,0.0021001670583202744,0.0006913983608806223,0.0,0.0,0.006187932804205426,0.0,0.007275352982152314,0.0,0.0,0.0002205313149800104
2018-08-31 09:00:00,0.0,0.0,0.0,0.004093571922658081,0.0,0.0,0.0,0.0,0.0,0.0,0.0,6.952586933516299e-07,0.03175316358618549,0.0020714697923000726,0.000727283971914709,0.0,0.0,0.006136458592611839,0.0,0.00811379137133654,0.0,0.0,0.00017598899171415586
2018-08-31 10:00:00,0.0,0.0,0.0,0.00410699328915577,0.0,0.0,0.0,0.0,0.0,0.0,0.0,6.951245723581792e-07,0.014216825173906563,0.002020195628949556,0.0007346877774993785,0.0,0.0,0.006135274820397871,0.0,0.008915125278089736,0.0,0.0,0.00012749095838921037
2018-08-31 11:00:00,0.0,0.0,0.0,0.004179512721277275,0.0,0.0,0.0,0.0,0.0,0.0,0.0,7.025369208239412e-07,0.0020092316382681985,0.002047470932309993,0.0006379828504782968,0.0,0.0,0.006200697331283547,0.0,0.009166716053120104,0.0,0.0,0.00012824262045763935
2018-08-31 12:00:00,0.0,0.0,0.0,0.004165039811390343,0.0,0.0,0.0,0.0,0.0,0.0,0.0,7.025183125793708e-07,0.0,0.0020500393559507377,0.0004313733837232717,0.0,0.0,0.006200533092096926,0.0,0.008686214473048058,0.0,0.0,0.00012334449340312606
2018-08-31 13:00:00,0.0,0.0,0.0,0.004198284439852169,0.0,0.0,0.0,0.0,0.0,0.0,0.0,7.032755164482218e-07,0.0,0.0020421745643360587,0.00036838676463112215,0.0,0.0,0.006207216288196165,0.0,0.0076365079072923045,0.0,0.0,0.0001081495668826434
2018-08-31 14:00:00,0.0,0.0,0.0,0.004086804995329882,0.0,0.0,0.0,0.0,0.0,0.0,0.0,6.846010399940888e-07,0.0,0.0020330593588906865,0.0005900060320965105,0.0,0.0,0.006042392528931734,0.0,0.005453067152945565,0.0,0.0,0.00010945539392456799
2018-08-31 15:00:00,0.0,0.0,0.0,0.004153469042204154,0.0,0.0,0.0,0.0,0.0,0.0,0.0,6.957682661946277e-07,0.005463604473749481,0.002120104134622585,0.0008928495476955187,0.0,0.0,0.006140956159748903,0.0,0.0032682490611087205,0.0,0.0,0.00012124361330509892
2018-08-31 16:00:00,0.0,0.0,0.0,0.004398842915059777,0.0,0.0,0.0,0.0,0.0,0.0,0.0,7.36872064574119e-07,0.019256542334598097,0.0023036973050471784,0.0008428853250583274,0.0,0.0,0.006503744513446261,0.0,0.0018664910553973426,0.0,0.0,0.00011460464019381696
2018-08-31 17:00:00,0.0,0.0,0.0,0.004417939652268993,0.0,0.0,0.0,0.0,0.0,0.0,0.0,7.400710540460567e-07,0.028155580471469255,0.002253558852454455,0.0010396975712839765,0.0,0.0,0.006531979279326158,0.0,0.0008969123767597493,0.0,0.0,0.00011123319861241979
2018-08-31 18:00:00,0.0,0.0,0.0,0.0044049251066363895,0.0,0.0,0.0,0.0,0.0,0.0,0.0,7.378909227490379e-07,0.026890555138521604,0.0022248828668825975,0.001012513422029634,0.0,0.0,0.006512737110104051,0.0,0.0002530172882942336,0.0,0.0,0.00013983739224679496
2018-08-31 19:00:00,0.0,0.0,0.0,0.004865737958669704,0.0,0.0,0.0,0.0,0.0,0.0,0.0,8.150839765172382e-07,0.02007480437321767,0.002439236103588611,0.000867229973659545,0.0,0.0,0.007194054701117975,0.0,0.0,0.0,0.0,0.000294386059708822
2018-08-31 20:00:00,0.0,0.0,0.0,0.00493499288760482,0.0,0.0,0.0,0.0,0.0,0.0,0.0,8.26685214263565e-07,0.01901995495817673,0.002432470388274333,0.0007080257810794689,0.0,0.0,0.007296448983611864,0.0,0.0,0.0,0.0,0.0004437211671684749
2018-08-31 21:00:00,0.0,0.0,0.0,0.004772647040550834,0.0,0.0,0.0,0.0,0.0,0.0,0.0,7.994898536190307e-07,0.02241726359619159,0.0023547402822979148,0.0006638260383268455,0.0,0.0,0.007056418609159677,0.0,0.0,0.0,0.0,0.00032741531835146743
2018-08-31 22:00:00,0.0,0.0,0.0,0.005219758708849818,0.0,0.0,0.0,0.0,0.0,0.0,0.0,8.510707471538623e-07,0.026431428469013665,0.002473042478585657,0.0005122408722700953,0.0,0.0,0.007511679392481276,0.0,0.0,0.0,0.0,0.00036411952474956296
2018-08-31 23:00:00,0.0,0.0,0.0,0.0051059594336004795,0.0,0.0,0.0,0.0,0.0,0.0,0.0,8.325160131873637e-07,0.015030368692532384,0.0024586618361342218,0.0004611223316847445,0.0,0.0,0.007347912498559445,0.0,0.0,0.0,0.0,0.0009133022630492608
2018-09-01 00:00:00,0.0,0.0,0.0,0.005125678498968384,0.0,0.0,0.0,0.0,0.0,0.0,0.0,8.357311655788691e-07,0.0054209877074130495,0.0024963817314884906,0.0005251918422209653,0.0,0.0,0.007376289920816905,0.0,0.0,0.0,0.0,0.0012132189707980403
2018-09-01 01:00:00,0.0,0.0,0.0,0.005473881075878041,0.0,0.0,0.0,0.0,0.0,0.0,0.0,8.925048679319996e-07,0.0,0.0026794507755234158,0.0005491994880221223,0.0,0.0,0.007877383221728793,0.0,0.0,0.0,0.0,0.0012431372278611727
2018-09-01 02:00:00,0.0,0.0,0.0,0.0057629051234739034,0.0,0.0,0.0,0.0,0.0,0.0,0.0,9.396296347753021e-07,0.0,0.0028788468671187262,0.0006015416762606726,0.0,0.0,0.0082933135555537,0.0,0.0,0.0,0.0,0.0006296233321745828
2018-09-01 03:00:00,0.0,0.0,0.0,0.00530402305851546,0.0,0.0,0.0,0.0,0.0,0.0,0.0,8.648098732377527e-07,0.0025073244989615192,0.0026237854801912943,0.0005218671332561533,0.0,0.0,0.007632943001435285,0.0,0.0,0.0,0.0,0.0018360427594752667
2018-09-01 04:00:00,0.0,0.0,0.0,0.004900863777928378,0.0,0.0,0.0,0.0,0.0,0.0,0.0,7.99075595220356e-07,0.006706773419190092,0.0023998620041587168,0.0007596086113895628,0.0,0.0,0.007052762301752928,0.0,7.75098961938859e-05,0.0,0.0,0.00218250312572421
2018-09-01 05:00:00,0.0,0.0,0.0,0.00455336761065208,0.0,0.0,0.0,0.0,0.0,0.0,0.0,7.499162338196052e-07,0.0171357690929565,0.0023968229366470827,0.0007570030985138788,0.0,0.0,0.006618874328025167,0.0,0.0006167982275832653,0.0,0.0,0.0015816668770801186
2018-09-01 06:00:00,0.0,0.0,0.0,0.004062542921455655,0.0,0.0,0.0,0.0,0.0,0.0,0.0,6.713403363124004e-07,0.02858902257639308,0.002179315129641882,0.0004935159510747146,0.0,0.0,0.005925351548603536,0.0,0.0013491090738423392,0.0,0.0,0.0019400857825355334
2018-09-01 07:00:00,0.0,0.0,0.0,0.0038671507374715484,0.0,0.0,0.0,0.0,0.0,0.0,0.0,6.390515317274869e-07,0.019036614453281555,0.0021101730475162938,0.0004956836946001605,0.0,0.0,0.00564036566603213,0.0,0.0021270046427208688,0.0,0.0,0.002224040225629505
2018-09-01 08:00:00,0.0,0.0,0.0,0.0036219140334254373,0.0,0.0,0.0,0.0,0.0,0.0,0.0,5.985258574014494e-07,0.012423521447254927,0.0019795254782273056,0.00038426604570051496,0.0,0.0,0.005282679922844122,0.0,0.002517800538074374,0.0,0.0,0.0026879793457878086
2018-09-01 09:00:00,0.0,0.0,0.0,0.0036885954931448303,0.0,0.0,0.0,0.0,0.0,0.0,0.0,6.095450526344142e-07,0.007494298791937499,0.002030628332664209,0.0004145340846250764,0.0,0.0,0.0053799370099076775,0.0,0.00304656385884243,0.0,0.0,0.002365934852154168
2018-09-01 10:00:00,0.0,0.0,0.0,0.003726947729523232,0.0,0.0,0.0,0.0,0.0,0.0,0.0,6.158828080172874e-07,0.0,0.002082647377121567,0.000538836115883281,0.0,0.0,0.005435874999391306,0.0,0.0036201795049818275,0.0,0.0,0.0014731232066826953
2018-09-01 11:00:00,0.0,0.0,0.0,0.003727521442804655,0.0,0.0,0.0,0.0,0.0,0.0,0.0,6.159776148598843e-07,0.0,0.0021180495906435444,0.0005549473136472145,0.0,0.0,0.005436711778951857,0.0,0.003959940107541031,0.0,0.0,0.0008947388495045583
2018-09-01 12:00:00,0.0,0.0,0.0,0.0037001489888236817,0.0,0.0,0.0,0.0,0.0,0.0,0.0,6.114542823520031e-07,0.0,0.002096125799495606,0.0004665223482889465,0.0,0.0,0.005396788160735135,0.0,0.003871864643301003,0.0,0.0,0.001423636865881201
2018-09-01 13:00:00,0.0,0.0,0.0,0.004093406994339557,0.0,0.0,0.0,0.0,0.0,0.0,0.0,6.764406632432047e-07,0.004620430056158343,0.0023029903943289037,0.0005009802115278632,0.0,0.0,0.005970367807039351,0.0,0.0038799455106294034,0.0,0.0,0.0005192802604889569
2018-09-01 14:00:00,0.0,0.0,0.0,0.0038778673226682815,0.0,0.0,0.0,0.0,0.0,0.0,0.0,6.408224609334526e-07,0.018321006407077126,0.0022361367251919825,0.0005159944175402895,0.0,0.0,0.00565599615558483,0.0,0.0028069627677632437,0.0,0.0,0.0014629720910266865
2018-09-01 15:00:00,0.0,0.0,0.0,0.003937531637326192,0.0,0.0,0.0,0.0,0.0,0.0,0.0,6.506820641038576e-07,0.03361821975893328,0.0022932509491323068,0.0005287831045987999,0.0,0.0,0.005743018507370331,0.0,0.0017556634202138396,0.0,0.0,0.002010505897305734
2018-09-01 16:00:00,0.0,0.0,0.0,0.0042573759145519445,0.0,0.0,0.0,0.0,0.0,0.0,0.0,7.035367338985573e-07,0.03569214739297041,0.002552032635196231,0.0006263797796825221,0.0,0.0,0.006209521832999818,0.0,0.0009834037418588993,0.0,0.0,0.0018041615943110174
2018-09-01 17:00:00,0.0,0.0,0.0,0.0043263710066078105,0.0,0.0,0.0,0.0,0.0,0.0,0.0,7.149382597901517e-07,0.03932708386148423,0.0025311351014420183,0.0007443176550462761,0.0,0.0,0.006310153428397901,0.0,0.00037012893164333117,0.0,0.0,0.001001108210012206
2018-09-01 18:00:00,0.0,0.0,0.0,0.004017438126317876,0.0,0.0,0.0,0.0,0.0,0.0,0.0,6.638867120867518e-07,0.03861981802699193,0.0024197322969696823,0.0007540174395276542,0.0,0.0,0.00585956473160584,0.0,9.010750686118784e-05,0.0,0.0,0.0013550946095978627
2018-09-01 19:00:00,0.0,0.0,0.0,0.004359945473499641,0.0,0.0,0.0,0.0,0.0,0.0,0.0,7.204864827456878e-07,0.04274082884136674,0.0027085320175025476,0.0005674221609413106,0.0,0.0,0.006359122885025762,0.0,0.0,0.0,0.0,0.0010007141073336127
2018-09-01 20:00:00,0.0,0.0,0.0,0.0046020503657832465,0.0,0.0,0.0,0.0,0.0,0.0,0.0,7.604946212320907e-07,0.011383189029539933,0.0028955787123431157,0.0005143068100052368,0.0,0.0,0.006712240778461615,0.0,0.0,0.0,0.0,0.0019200711971025914
2018-09-01 21:00:00,0.0,0.0,0.0,0.004849279554184647,0.0,0.0,0.0,0.0,0.0,0.0,0.0,8.013495561082413e-07,0.0,0.003062334732975449,0.0006074253490329963,0.0,0.0,0.007072832625163713,0.0,0.0,0.0,0.0,0.0013242504190850931
2018-09-01 22:00:00,0.0,0.0,0.0,0.00500483255950899,0.0,0.0,0.0,0.0,0.0,0.0,0.0,8.160274877418374e-07,0.0,0.0031652549267718716,0.0006055336129757226,0.0,0.0,0.007202382274173561,0.0,0.0,0.0,0.0,0.0005645632361164698
2018-09-01 23:00:00,0.0,0.0,0.0,0.0050086343907893086,0.0,0.0,0.0,0.0,0.0,0.0,0.0,8.166473683855169e-07,0.0,0.003209065092916324,0.0005388270874019182,0.0,0.0,0.007207853434676371,0.0,0.0,0.0,0.0,0.0005013057275665389
2018-09-02 00:00:00,0.0,0.0,0.0,0.004992875793662772,0.0,0.0,0.0,0.0,0.0,0.0,0.0,8.140779620626078e-07,0.0,0.0031691427548010084,0.00046453488717664043,0.0,0.0,0.007185175465081891,0.0,0.0,0.0,0.0,0.0007203372909219595
2018-09-02 01:00:00,0.0,0.0,0.0,0.005091765173650497,0.0,0.0,0.0,0.0,0.0,0.0,0.0,8.302016687713189e-07,0.0,0.0032245591564654336,0.0003653972909882416,0.0,0.0,0.00732748574400908,0.0,0.0,0.0,0.0,0.0012218343146989442
2018-09-02 02:00:00,0.0,0.0,0.0,0.00501948465174698,0.0,0.0,0.0,0.0,0.0,0.0,0.0,8.184164807554822e-07,0.0,0.0031511453556956866,0.00034458616740023416,0.0,0.0,0.007223467888559191,0.0,0.0,0.0,0.0,0.0013175174894859904
2018-09-02 03:00:00,0.0,0.0,0.0,0.005016735413749351,0.0,0.0,0.0,0.0,0.0,0.0,0.0,8.179682232464177e-07,0.0,0.0031366364868362466,0.00031969065411201284,0.0,0.0,0.007219511499851644,0.0,0.0,0.0,0.0,0.0014597027332003294
2018-09-02 04:00:00,0.0,0.0,0.0,0.004925912862277391,0.0,0.0,0.0,0.0,0.0,0.0,0.0,8.031597960659411e-07,0.0,0.0030822915943467437,0.00030833698592456593,0.0,0.0,0.007088810077368683,0.0,9.10831675410722e-05,0.0,0.0,0.0015053582574937575
2018-09-02 05:00:00,0.0,0.0,0.0,0.004713010871653548,0.0,0.0,0.0,0.0,0.0,0.0,0.0,7.684465715018299e-07,0.0,0.003002044117849716,0.0003560019824035798,0.0,0.0,0.00678242589664479,0.0,0.0006830229277200264,0.0,0.0,0.0016716451736362532
2018-09-02 06:00:00,0.0,0.0,0.0,0.004464037494581306,0.0,0.0,0.0,0.0,0.0,0.0,0.0,7.278519827736117e-07,0.0,0.0028361887413083293,0.0003419541749602792,0.0,0.0,0.006424131904499291,0.0,0.0015002951138729762,0.0,0.0,0.0007055649032951342
2018-09-02 07:00:00,0.0,0.0,0.0,0.0043351624407335166,0.0,0.0,0.0,0.0,0.0,0.0,0.0,7.163910553560642e-07,0.0,0.002813608923833458,0.000389307976200329,0.0,0.0,0.006322976022230959,0.0,0.0024113900524704913,0.0,0.0,0.0007050707318204887
2018-09-02 08:00:00,0.0,0.0,0.0,0.004183550353726149,0.0,0.0,0.0,0.0,0.0,0.0,0.0,6.913369669566533e-07,0.011142984259393364,0.002723732619811812,0.00032687808935959916,0.0,0.0,0.006101844841119839,0.0,0.0029866635468903265,0.0,0.0,0.0006629459560014986
2018-09-02 09:00:00,0.0,0.0,0.0,0.00414234926248923,0.0,0.0,0.0,0.0,0.0,0.0,0.0,6.845284347190367e-07,0.025484102219735585,0.0026463933021490774,0.0003164982832034986,0.0,0.0,0.006041751703770938,0.0,0.003591489494941834,0.0,0.0,0.00041155929697355147
2018-09-02 10:00:00,0.0,0.0,0.0,0.004197767955682651,0.0,0.0,0.0,0.0,0.0,0.0,0.0,6.93686443593226e-07,0.023125277642723246,0.002618080816302411,0.00041016762572036736,0.0,0.0,0.0061225816779728,0.0,0.0043417017054737375,0.0,0.0,0.00043581077226092417
2018-09-02 11:00:00,0.0,0.0,0.0,0.004488761764198832,0.0,0.0,0.0,0.0,0.0,0.0,0.0,7.417735370839407e-07,0.0,0.002755262059358381,0.00039379026081401956,0.0,0.0,0.006547005652626485,0.0,0.00516994947479757,0.0,0.0,0.0005839692752377376
2018-09-02 12:00:00,0.0,0.0,0.0,0.004422466503544116,0.0,0.0,0.0,0.0,0.0,0.0,0.0,7.308181617329995e-07,0.0,0.0026958519121615043,0.0003707734763191624,0.0,0.0,0.006450311849513447,0.0,0.005273071257302544,0.0,0.0,0.000505302295611179
2018-09-02 13:00:00,0.0,0.0,0.0,0.004375930389821871,0.0,0.0,0.0,0.0,0.0,0.0,0.0,7.231280103078991e-07,0.0,0.0026564977746046667,0.0003533506527706775,0.0,0.0,0.006382437407608155,0.0,0.004959029688287815,0.0,0.0,0.00034592702911038646
2018-09-02 14:00:00,0.0,0.0,0.0,0.0043634322488735515,0.0,0.0,0.0,0.0,0.0,0.0,0.0,7.210626767693383e-07,0.0,0.002659052053001338,0.0004356889971022319,0.0,0.0,0.0063642084607995735,0.0,0.003949684953039209,0.0,0.0,0.0006506157004057289
2018-09-02 15:00:00,0.0,0.0,0.0,0.004364081886703752,0.0,0.0,0.0,0.0,0.0,0.0,0.0,7.211700302392807e-07,0.007810649364443025,0.0026982038395112896,0.0006527349613454686,0.0,0.0,0.006365155978794493,0.0,0.00263829994877772,0.0,0.0,0.0008282225135729757
2018-09-02 16:00:00,0.0,0.0,0.0,0.004302425547515153,0.0,0.0,0.0,0.0,0.0,0.0,0.0,7.015014926052858e-07,0.03252777923502787,0.002642947341315085,0.0008417767738508837,0.0,0.0,0.00619155848490858,0.0,0.0015323171534704818,0.0,0.0,0.0008123620430715981
2018-09-02 17:00:00,0.0,0.0,0.0,0.00408746745298608,0.0,0.0,0.0,0.0,0.0,0.0,0.0,6.66453024597089e-07,0.07377854454799078,0.002428796684234404,0.0008371917523328024,0.0,0.0,0.005882215394741701,0.0,0.0006777503017404732,0.0,0.0,0.0007656775839783838
2018-09-02 18:00:00,0.0,0.0,0.0,0.004061586867404024,0.0,0.0,0.0,0.0,0.0,0.0,0.0,6.622332492134577e-07,0.07737268804485847,0.002373115065752334,0.0009454998391357686,0.0,0.0,0.0058449710177070945,0.0,0.000184125788688682,0.0,0.0,0.000656382731357066
2018-09-02 19:00:00,0.0,0.0,0.0,0.004264329492610884,0.0,0.0,0.0,0.0,0.0,0.0,0.0,6.952900104814054e-07,0.06512185746526708,0.002485115041604257,0.0008841444018347133,0.0,0.0,0.006136735002345286,0.0,0.0,0.0,0.0,0.0007963953566643756
2018-09-02 20:00:00,0.0,0.0,0.0,0.004713452736718164,0.0,0.0,0.0,0.0,0.0,0.0,0.0,7.685186166770307e-07,0.03580900405602788,0.002753321822764303,0.0006472547954263863,0.0,0.0,0.006783061778279416,0.0,0.0,0.0,0.0,0.0011246873221181797
2018-09-02 21:00:00,0.0,0.0,0.0,0.005279486202109427,0.0,0.0,0.0,0.0,0.0,0.0,0.0,8.608091900876131e-07,0.005828999465116244,0.002996451917843981,0.0006347118549512853,0.0,0.0,0.007597632365656474,0.0,0.0,0.0,0.0,0.0005273056072753238
2018-09-02 22:00:00,0.0,0.0,0.0,0.005228415450180607,0.0,0.0,0.0,0.0,0.0,0.0,0.0,8.524822107335528e-07,0.0,0.002830175774348251,0.00043149533511919504,0.0,0.0,0.007524137183940158,0.0,0.0,0.0,0.0,0.001171424017844517
2018-09-02 23:00:00,0.0,0.0,0.0,0.0051546203793818145,0.0,0.0,0.0,0.0,0.0,0.0,0.0,8.404500786860466e-07,0.0,0.0026880042056446874,0.00043848265586223564,0.0,0.0,0.007417939763042875,0.0,0.0,0.0,0.0,0.0021853014023616524
2018-09-03 00:00:00,0.0,0.0,0.0,0.0051634659237092834,0.0,0.0,0.0001481828989712085,0.0,0.0,0.0,0.0,8.418923261997101e-07,0.0,0.002671274257116069,0.000471599796083413,0.0,0.0,0.007430669258168247,0.0,0.0,0.0,0.0,0.0022150793842202264
2018-09-03 01:00:00,0.0,0.0,0.0,0.005485257817602354,0.0,0.0,0.006611547292754131,0.0,0.0,0.0,0.0,8.943598218905175e-07,0.0,0.0028855806950635675,0.0005066036828805638,0.0,0.0,0.007893755326481304,0.0,0.0,0.0,0.0,0.0011915648427127871
2018-09-03 02:00:00,0.0,0.0,0.0,0.005281829176724669,0.0,0.0,0.01225630358417543,0.0,0.0,0.0,0.0,8.6119120720135e-07,0.0,0.0027311626162324796,0.000415971975432643,0.0,0.0,0.007601004106596256,0.0,0.0,0.0,0.0,0.0023191292402288274
2018-09-03 03:00:00,0.0,0.0,0.0,0.005035682229893956,0.0,0.0,0.013605123246852625,0.0,0.0,0.0,0.0,8.210574620162169e-07,0.006108538331652793,0.0025908387672976554,0.00048183017059013006,0.0,0.0,0.007246777589401962,0.0,0.0,0.0,0.0,0.002126995691556219
2018-09-03 04:00:00,0.0,0.0,0.0,0.004323172045308274,0.0,0.0,0.02786209645391044,0.0,0.0,0.0,0.0,7.048841657061863e-07,0.03332890199422705,0.0023688016298131073,0.0007921012856824255,0.0,0.0,0.0062214144703345966,0.0,0.00010121870014852682,0.0,0.0,0.0009882560101168857
2018-09-03 05:00:00,0.0,0.0,0.0,0.0038878582743699405,0.0,0.0,0.03561635874321104,0.0,0.0,0.0,0.0,6.33907165246238e-07,0.07701623285651125,0.0022484939145185757,0.0008038507786381248,0.0,0.0,0.005594960707849984,0.0,0.0006503255799683172,0.0,0.0,0.00045707137386854244
2018-09-03 06:00:00,0.0,0.0,0.0,0.0034844700919191146,0.0,0.0,0.03214952075250929,0.0,0.0,0.0,0.0,5.681355652584077e-07,0.10937296161010086,0.0020155939339727893,0.0008394561634311157,0.0,0.0,0.00501445059880051,0.0,0.0014731241705288492,0.0,0.0,0.00024331516372307156
2018-09-03 07:00:00,0.0,0.0,0.0,0.003648218711319077,0.0,0.0,0.035191503818028644,0.0,0.0,0.0,0.0,6.028727385655696e-07,0.08536842114726369,0.0021562616479556705,0.0008389910531679845,0.0,0.0,0.005321046154759954,0.0,0.0027517989154173085,0.0,0.0,0.00018490879727153816
2018-09-03 08:00:00,0.0,0.0,0.0,0.003533768486023786,0.0,0.0,0.03410217657038903,0.0,0.0,0.0,0.0,5.839596946356263e-07,0.09618312186957848,0.002084966033753127,0.0007507448293899426,0.0,0.0,0.0051541167627995885,0.0,0.0035005309837038917,0.0,0.0,0.00025645048644729133
2018-09-03 09:00:00,0.0,0.0,0.0,0.0036412920749097637,0.0,0.0,0.03426983432715638,0.0,0.0,0.0,0.0,6.017281031718157e-07,0.07138573335820256,0.002105411977313547,0.000641483267693209,0.0,0.0,0.005310943429307435,0.0,0.004290027068094007,0.0,0.0,0.0001528399847344697
2018-09-03 10:00:00,0.0,0.0,0.0,0.0037365452670095173,0.0,0.0,0.037308888165636205,0.0,0.0,0.0,0.0,6.174688131791737e-07,0.03312806198546744,0.00213357689646621,0.0006393710755890955,0.0,0.0,0.005449873321306083,0.0,0.005133143355525736,0.0,0.0,0.00011110008750548817
2018-09-03 11:00:00,0.0,0.0,0.0,0.003768346974469786,0.0,0.0,0.0370474915240188,0.0,0.0,0.0,0.0,6.144210975996806e-07,0.017868124301708553,0.0021120572608154388,0.0006199864937751024,0.0,0.0,0.005422973721726163,0.0,0.005457150174405371,0.0,0.0,0.00013839181362338616
2018-09-03 12:00:00,0.0,0.0,0.0,0.0036784695914890268,0.0,0.0,0.036262365321115646,0.0,0.0,0.0,0.0,6.037920585564826e-07,0.008812147122995736,0.0020666612624789193,0.0006007345308258003,0.0,0.0,0.005329160212320892,0.0,0.00520530273912647,0.0,0.0,0.0001912370869110838
2018-09-03 13:00:00,0.0,0.0,0.0,0.0035967593412015806,0.0,0.0,0.03671270803606772,0.0,0.0,0.0,0.0,5.943690128181685e-07,0.007903543628561492,0.0020480309055037867,0.0005041591659720257,0.0,0.0,0.005245990982590446,0.0,0.004562052240852961,0.0,0.0,0.00027241149224110857
2018-09-03 14:00:00,0.0,0.0,0.0,0.0036393071701810243,0.0,0.0,0.036768952600071465,0.0,0.0,0.0,0.0,6.014000951645397e-07,0.027247854208236093,0.0020821784236364047,0.0005397695542234527,0.0,0.0,0.005308048380926249,0.0,0.0035586188905269863,0.0,0.0,0.00023135188941426462
2018-09-03 15:00:00,0.0,0.0,0.0,0.003980352851146454,0.0,0.0,0.04106639505758379,0.0,0.0,0.0,0.0,6.577583236396212e-07,0.017008072552356396,0.0024055615140563587,0.00047037247180594494,0.0,0.0,0.005805474646426226,0.0,0.002504625213819582,0.0,0.0,0.00015847511399356393
2018-09-03 16:00:00,0.0,0.0,0.0,0.004045637820042734,0.0,0.0,0.041294483733038345,0.0,0.0,0.0,0.0,6.685467470045783e-07,0.040178723084192826,0.0024421730647002722,0.0007565128073328772,0.0,0.0,0.005900694906009723,0.0,0.0014321722215534232,0.0,0.0,8.941329310101204e-05
2018-09-03 17:00:00,0.0,0.0,0.0,0.003871091635329946,0.0,0.0,0.038965972553881636,0.0,0.0,0.0,0.0,6.397027700638639e-07,0.07087378816023537,0.0022715503548132164,0.000879204412465501,0.0,0.0,0.0056461135942828845,0.0,0.0006022482651170245,0.0,0.0,9.308612093599445e-05
2018-09-03 18:00:00,0.0,0.0,0.0,0.003911564912015314,0.0,0.0,0.03937039000525303,0.0,0.0,0.0,0.0,6.44214629255326e-07,0.07045561463307125,0.00228785137311796,0.0008881853220545503,0.0,0.0,0.005685935947270136,0.0,0.00016215192974316681,0.0,0.0,0.00010216230496415122
2018-09-03 19:00:00,0.0,0.0,0.0,0.004314624620385285,0.0,0.0,0.04275416227062651,0.0,0.0,0.0,0.0,7.034905259382952e-07,0.03434158107651073,0.0024632441184775935,0.0008221786578596649,0.0,0.0,0.006209113994539818,0.0,0.0,0.0,0.0,0.0003215111534179007
2018-09-03 20:00:00,0.0,0.0,0.0,0.004486892975343664,0.0,0.0,0.037057124335579374,0.0,0.0,0.0,0.0,7.315785211394565e-07,0.006010839676425495,0.002539045560072792,0.00047705442307074644,0.0,0.0,0.0064570228968658105,0.0,0.0,0.0,0.0,0.0008312542871257222
2018-09-03 21:00:00,0.0,0.0,0.0,0.0047034071464950936,0.0,0.0,0.03631925674287583,0.0,0.0,0.0,0.0,7.668807041884217e-07,0.001025025382830378,0.0025872643667809157,0.0005032834264453742,0.0,0.0,0.00676860531443253,0.0,0.0,0.0,0.0,0.000898096238653893
2018-09-03 22:00:00,0.0,0.0,0.0,0.004772440922396236,0.0,0.0,0.03147171296887199,0.0,0.0,0.0,0.0,7.781365170549103e-07,0.0,0.002550453858612417,0.0003353594969401814,0.0,0.0,0.006867950824588507,0.0,0.0,0.0,0.0,0.0014092905268599718
2018-09-03 23:00:00,0.0,0.0,0.0,0.004753000264599381,0.0,0.0,0.02028273664841478,0.0,0.0,0.0,0.0,7.85439282198586e-07,0.0,0.0025700254358066877,0.0003837985517369622,0.0,0.0,0.00693240613646631,0.0,0.0,0.0,0.0,0.0016726742830680196
2018-09-04 00:00:00,0.0,0.0,0.0,0.0050067709284818155,0.0,0.0,0.02090797953128711,0.0,0.0,0.0,0.0,8.273752041398144e-07,0.0,0.0027216815359947166,0.0003093030831056899,0.0,0.0,0.007302538938826254,0.0,0.0,0.0,0.0,0.001932841930118361
2018-09-04 01:00:00,0.0,0.0,0.0,0.005001943651137256,0.0,0.0,0.02076311801390242,0.0,0.0,0.0,0.0,8.265774904765681e-07,0.0,0.0026904245093309635,0.0002537752558130525,0.0,0.0,0.007295498197142501,0.0,0.0,0.0,0.0,0.0024099493573668724
2018-09-04 02:00:00,0.0,0.0,0.0,0.0051968975500266065,0.0,0.0,0.021476496699982053,0.0,0.0,0.0,0.0,8.473432829920637e-07,0.0,0.0027344743122778457,0.0003418079512139518,0.0,0.0,0.007478780228899364,0.0,0.0,0.0,0.0,0.0017040942278690728
2018-09-04 03:00:00,0.0,0.0,0.0,0.004849872823361273,0.0,0.0,0.02165294512210402,0.0,0.0,0.0,0.0,7.907616266593308e-07,0.0,0.002557508258239755,0.00046973823643859373,0.0,0.0,0.0069793819552677015,0.0,0.0,0.0,0.0,0.0012919498860141355
2018-09-04 04:00:00,0.0,0.0,0.0,0.0044718669957417925,0.0,0.0,0.031698783451417946,0.0,0.0,0.0,0.0,7.291285665726292e-07,0.05231122171265904,0.002434324300785622,0.0006345780018582238,0.0,0.0,0.006435399226573188,0.0,9.881259970365276e-05,0.0,0.0,0.0009834916659688796
2018-09-04 05:00:00,0.0,0.0,0.0,0.0038269295426904427,0.0,0.0,0.03110444105496284,0.0,0.0,0.0,0.0,6.239728628989494e-07,0.05990784696924189,0.002236388154003153,0.0007910900093316881,0.0,0.0,0.005507279049808793,0.0,0.0006705890072967155,0.0,0.0,0.0009634436904879876
2018-09-04 06:00:00,0.0,0.0,0.0,0.003305847637222842,0.0,0.0,0.02634740331479874,0.0,0.0,0.0,0.0,5.390115473763031e-07,0.1146471706130791,0.0019005239468571095,0.0007768301241546505,0.0,0.0,0.004757397603285307,0.0,0.001542483789157358,0.0,0.0,0.0009027111493670359
2018-09-04 07:00:00,0.0,0.0,0.0,0.0032298812875950255,0.0,0.0,0.02614350441911532,0.0,0.0,0.0,0.0,5.337419522170188e-07,0.11132316086012231,0.0018974670372292788,0.0007605815119982284,0.0,0.0,0.004710887357812662,0.0,0.0027066183547833455,0.0,0.0,0.0008799293349204036
2018-09-04 08:00:00,0.0,0.0,0.0,0.003341452742536554,0.0,0.0,0.02699012085293547,0.0,0.0,0.0,0.0,5.503200862384029e-07,0.0831244665065938,0.001961276056579667,0.0007174996140860886,0.0,0.0,0.004857208481069069,0.0,0.003579227356186199,0.0,0.0,0.0011616509596716618
2018-09-04 09:00:00,0.0,0.0,0.0,0.0034655708048701474,0.0,0.0,0.02759907602352218,0.0,0.0,0.0,0.0,5.650540760083071e-07,0.06635186474744675,0.0019607067075495584,0.0005302003730938023,0.0,0.0,0.004987252907685475,0.0,0.004243120261604827,0.0,0.0,0.0013567108260585262
2018-09-04 10:00:00,0.0,0.0,0.0,0.0036549348736715707,0.0,0.0,0.029354372716231602,0.0,0.0,0.0,0.0,5.959294916181669e-07,0.0072800423685585895,0.002080414936644412,0.0003306248554309557,0.0,0.0,0.005259764004966732,0.0,0.005102701688503295,0.0,0.0,0.0012374236817739213
2018-09-04 11:00:00,0.0,0.0,0.0,0.003631698437899983,0.0,0.0,0.02953997834850765,0.0028051190296834684,0.0,0.0,0.0,5.921408393343381e-07,0.001652765497812327,0.0020319222878585393,0.00034354375424600823,0.0,0.0,0.005226324785746842,0.0,0.005569929115701874,0.0,0.0,0.0010518035720752893
2018-09-04 12:00:00,0.0,0.0,0.0,0.00356299681240835,0.0,0.0,0.028623282298632067,0.016789943289701525,0.0,0.0,0.0,5.809391828978605e-07,0.0007879118840323021,0.0019852628770390436,0.0004462027386088069,0.0,0.0,0.0051274572684494426,0.0,0.005623933546086129,0.0,0.0,0.001130867557810365
2018-09-04 13:00:00,0.0,0.0,0.0,0.003554102000308401,0.0,0.0,0.028311403527925293,0.0015652362101266429,0.0,0.0,0.0,5.794889023768734e-07,0.0021243292808602802,0.0019591262995741327,0.0004491805173972026,0.0,0.0,0.005114656872784045,0.0,0.005323329411589074,0.0,0.0,0.0016461124227429176
2018-09-04 14:00:00,0.0,0.0,0.0,0.0036341776922874584,0.0,0.0,0.029396253857654837,0.0,0.0,0.0,0.0,5.92545076580086e-07,0.0,0.0020546585277054744,0.0004021206292625903,0.0,0.0,0.005229892644939174,0.0,0.004157571777335,0.0,0.0,0.0017330311145084079
2018-09-04 15:00:00,0.0,0.0,0.0,0.0037454040336331214,0.0,0.0,0.030426463454634983,0.0,0.0,0.0,0.0,6.10680299051529e-07,0.040092049795601666,0.0021948960182454308,0.0006666777868662028,0.0,0.0,0.0053899568668295,0.0,0.0025406944182471193,0.0,0.0,0.0015963737537628047
2018-09-04 16:00:00,0.0,0.0,0.0,0.0033757913954320547,0.0,0.0,0.015030179249419512,0.0,0.0,0.0,0.0,5.504157309560803e-07,0.10274842321228342,0.001973515600282691,0.0007850613341450674,0.0,0.0,0.004858052655842059,0.0,0.001157595393286644,0.0,0.0,0.0013752887578664847
2018-09-04 17:00:00,0.0,0.0,0.0,0.003265678055187773,0.0,0.0,0.0,0.0,0.0,0.0,0.0,5.324619809878258e-07,0.1183458640183746,0.0018745182053286269,0.000797607448484183,0.0,0.0,0.0046995901377666766,0.0,0.00043011221429248953,0.0,0.0,0.0017018280903625686
2018-09-04 18:00:00,0.0,0.0,0.0,0.0031709466080996,0.0,0.0,0.0,0.0,0.0,0.0,0.0,5.170162165474878e-07,0.12059879665984563,0.0018133639196538781,0.0007920473055516655,0.0,0.0,0.0045632634800409685,0.0,0.00010506034055192183,0.0,0.0,0.002004992340428076
2018-09-04 19:00:00,0.0,0.0,0.0,0.003776549030841998,0.0,0.0,0.0,0.0,0.0,0.0,0.0,6.157584257472561e-07,0.06717400326433318,0.0021744969999711716,0.0008868751094855043,0.0,0.0,0.005434777182626121,0.0,0.0,0.0,0.0,0.0021510284588539185
2018-09-04 20:00:00,0.0,0.0,0.0,0.004337116180772025,0.0,0.0,0.007299161087785013,0.0,0.0,0.0,0.0,7.071577278475607e-07,0.011168633744646111,0.0024679192376701616,0.0005893807800083123,0.0,0.0,0.006241481274348247,0.0,0.0,0.0,0.0,0.0022444698361460103
2018-09-04 21:00:00,0.0,0.0,0.0,0.004726875814539001,0.0,0.0,0.02260568545575202,0.0,0.0,0.0,0.0,7.707072214588406e-07,0.011392135344274636,0.002591877143436878,0.000448755426476279,0.0,0.0,0.00680237873576243,0.0,0.0,0.0,0.0,0.0018763813415344174
2018-09-04 22:00:00,0.0,0.0,0.0,0.0047937244992715036,0.0,0.0,0.03489413959170155,0.0,0.0,0.0,0.0,7.816067597775537e-07,0.010162861332875823,0.0025353636113271787,0.0003731365129737932,0.0,0.0,0.00689857971276703,0.0,0.0,0.0,0.0,0.0017025250489525964
2018-09-04 23:00:00,0.0,0.0,0.0,0.0049140315690890946,0.0,0.0,0.03641659643455012,0.0,0.0,0.0,0.0,8.120499081545605e-07,0.006887496983671047,0.0025789125951374845,0.00036016887760884113,0.0,0.0,0.007167275553941875,0.0,0.0,0.0,0.0,0.001593465620004366
2018-09-05 00:00:00,0.0,0.0,0.0,0.005049109179838423,0.0,0.0,0.03709243229253832,0.0,0.0,0.0,0.0,8.343716535199577e-07,0.007429432145781055,0.0026285775874887543,0.00038305221668408457,0.0,0.0,0.00736429066135357,0.0,0.0,0.0,0.0,0.001789621046614638
2018-09-05 01:00:00,0.0,0.0,0.0,0.005011418035320617,0.0,0.0,0.03606590166861557,0.0,0.0,0.0,0.0,8.281431443999809e-07,0.00617753315068892,0.0025880333379798585,0.00045675107222225333,0.0,0.0,0.007309316895942323,0.0,0.0,0.0,0.0,0.0024389812840221897
2018-09-05 02:00:00,0.0,0.0,0.0,0.004992881127704436,0.0,0.0,0.03205294901545429,0.0,0.0,0.0,0.0,8.250798970611e-07,0.0,0.002530252097579718,0.000352138694148064,0.0,0.0,0.007282280210700236,0.0,0.0,0.0,0.0,0.0029576518968942103
2018-09-05 03:00:00,0.0,0.0,0.0,0.004635848244688249,0.0,0.0,0.03000167822160447,0.0,0.0,0.0,0.0,7.66079763304288e-07,0.0,0.0023385433286625865,0.0003253550830556417,0.0,0.0,0.006761536088808148,0.0,0.0,0.0,0.0,0.0032556300054871388
2018-09-05 04:00:00,0.0,0.0,0.0,0.0039152719757938005,0.0,0.0,0.030015569579354355,0.0,0.0,0.0,0.0,6.470036269898932e-07,0.03770763526638597,0.0020642506496461347,0.000546520975624502,0.0,0.0,0.005710552063942557,0.0,0.0001950653518991687,0.0,0.0,0.0029890094391718715
2018-09-05 05:00:00,0.0,0.0,0.0,0.002997837809771041,0.0,0.0,0.028612605356715917,0.009006423735272986,0.0,0.0,0.0,4.953964751468014e-07,0.11100835018556827,0.0016310874245715062,0.0007234290397228933,0.0,0.0,0.004372444366009135,0.0,0.0008141269581217812,0.0,0.0,0.002287104984274984
2018-09-05 06:00:00,0.0,0.0,0.0,0.002967872837369881,0.0,0.0,0.029146686486758694,0.015061073298536797,0.0,0.0,0.0,4.904447257035785e-07,0.11147012730405588,0.0015921742070888175,0.0007686558461867395,0.0,0.0,0.004328739474995341,0.0,0.002102640131846387,0.0,0.0,0.0019038436837732742
2018-09-05 07:00:00,0.0,0.0,0.0,0.0030550708539924887,0.0,0.0,0.03013632376907348,0.023454667901740247,0.0,0.0,0.0,5.048543078143369e-07,0.11013572825987077,0.0016404435050322152,0.0007824596847925953,0.0,0.0,0.004455920630448782,0.0,0.003805295380759896,0.0,0.0,0.0012920548188314514
2018-09-05 08:00:00,0.0,0.0,0.0,0.0033828677292251663,0.0,0.0,0.033510394432627266,0.029908762255051326,0.0,0.0,0.0,5.590231544494412e-07,0.04880971224951857,0.0018199024406111424,0.0007455126214109491,0.0,0.0,0.0049340230800325995,0.0,0.005396847953871718,0.0,0.0,0.0012674959782772493
2018-09-05 09:00:00,0.0,0.0,0.0,0.0033080143320653424,0.0,0.0,0.032500869349584786,0.034108206768682106,0.0,0.0,0.0,5.466535362583315e-07,0.03857487213135718,0.0017165594625155253,0.0006359505687919179,0.0,0.0,0.004824846955286506,0.0,0.006113798971352297,0.0,0.0,0.0012284210968539794
2018-09-05 10:00:00,0.0,0.0,0.0,0.0033323771262794375,0.0,0.0,0.0327610022002975,0.028558469325897104,0.0,0.0,0.0,5.50679518697759e-07,0.009157294134500733,0.0016999424948564766,0.00043937843522458064,0.0,0.0,0.004860380886426629,0.0,0.007064965058326503,0.0,0.0,0.0012652634796324622
2018-09-05 11:00:00,0.0,0.0,0.0,0.00334170615286848,0.0,0.0,0.03206125087202389,0.018507119276664177,0.0,0.0,0.0,5.522211520955695e-07,0.010469191421118372,0.001682647822593114,0.0003863808295302603,0.0,0.0,0.004873987576427221,0.0,0.007340498767114916,0.0,0.0,0.0013999473096604489
2018-09-05 12:00:00,0.0,0.0,0.0,0.0032422762716482335,0.0,0.0,0.031828056312675546,0.030814297744447956,0.0,0.0,0.0,5.357902389486914e-07,0.009925994744388277,0.001664864306516528,0.00036297437897214166,0.0,0.0,0.004728965846920238,0.0,0.006799733264019934,0.0,0.0,0.001185423076116488
2018-09-05 13:00:00,0.0,0.0,0.0,0.003318353008471023,0.0,0.0,0.031713100461724306,0.025874735596453494,0.0,0.0,0.0,5.483620155604351e-07,0.01708958284107706,0.001744776013196218,0.0004372425083603376,0.0,0.0,0.004839926252523558,0.0,0.0061448364886643615,0.0,0.0,0.0010323798930010908
2018-09-05 14:00:00,0.0,0.0,0.0,0.003540209488524838,0.0,0.0,0.03484835593607791,0.008678873790869453,0.0,0.0,0.0,5.850240784141726e-07,0.01400040489344267,0.0018959141538113131,0.00042164845493471474,0.0,0.0,0.005163511175334312,0.0,0.004925255461005058,0.0,0.0,0.0010040227552394942
2018-09-05 15:00:00,0.0,0.0,0.0,0.003380731586819031,0.0,0.0,0.033004595744399415,0.007858425322465569,0.0,0.0,0.0,5.586701542254258e-07,0.11227270354608569,0.0018782660025556917,0.0005585439502757798,0.0,0.0,0.004930907446558948,0.0,0.0030492754939379085,0.0,0.0,0.0008217807399133816
2018-09-05 16:00:00,0.0,0.0,0.0,0.0033649344186003193,0.0,0.0,0.03310904016450644,0.0,0.0,0.0,0.0,5.560596522738714e-07,0.11520196299302879,0.0019060826731480207,0.0006855744634797094,0.0,0.0,0.004907866760718082,0.0,0.0017661808260013882,0.0,0.0,0.0006472161828109622
2018-09-05 17:00:00,0.0,0.0,0.0,0.0032688805258574848,0.0,0.0,0.031878686179213224,0.0,0.0,0.0,0.0,5.401866254764133e-07,0.11913899736949939,0.0018240495291358232,0.0007956876640207788,0.0,0.0,0.00476776902067766,0.0,0.0007759376271572511,0.0,0.0,0.0006444869364518787
2018-09-05 18:00:00,0.0,0.0,0.0,0.003386400814065817,0.0,0.0,0.03329211560294343,0.0,0.0,0.0,0.0,5.596070011708175e-07,0.1148479269256877,0.0018962824642980301,0.0006815331516005358,0.0,0.0,0.004939176199676291,0.0,0.0002062757232199224,0.0,0.0,0.0005703158233771331
2018-09-05 19:00:00,0.0,0.0,0.0,0.0038382190168571918,0.0,0.0,0.03157789859459071,0.0,0.0,0.0,0.0,6.342705284438639e-07,0.09984437059936611,0.0021149808101426303,0.0006364494897285663,0.0,0.0,0.0055981678064992105,0.0,0.0,0.0,0.0,0.0006988082510513467
2018-09-05 20:00:00,0.0,0.0,0.0,0.004263475727988607,0.0,0.0,0.0335441970793884,0.0,0.0,0.0,0.0,7.045447357543372e-07,0.018487906013245455,0.0022758488932200227,0.0005500766743918149,0.0,0.0,0.006218418610139634,0.0,0.0,0.0,0.0,0.0011120251018450484
2018-09-05 21:00:00,0.0,0.0,0.0,0.004427591951448862,0.0,0.0,0.034200719878394764,0.0,0.0,0.0,0.0,7.316651484569924e-07,0.00895260883100191,0.002249115321740166,0.0004287014182051346,0.0,0.0,0.006457787482698584,0.0,0.0,0.0,0.0,0.0011328773366790167
2018-09-05 22:00:00,0.0,0.0,0.0,0.0049589418849507365,0.0,0.0,0.03657384173728884,0.0,0.0,0.0,0.0,8.364259750093089e-07,0.00027127472624690073,0.0024045634824888776,0.00029868734521713977,0.0,0.0,0.007382422414146972,0.0,0.0,0.0,0.0,0.001125595554513681
2018-09-05 23:00:00,0.0,0.0,0.0,0.005492868070441224,0.0,0.0,0.025720601927032506,0.0,0.0,0.0,0.0,9.169972604528675e-07,0.0,0.002582929892108935,0.0003189460856579671,0.0,0.0,0.008093556789891987,0.0,0.0,0.0,0.0,0.0012060771286776886
2018-09-06 00:00:00,0.0,0.0,0.0,0.005814141619145574,0.0,0.0,0.023578908627966234,0.0,0.0,0.0,0.0,9.607942280069569e-07,0.0,0.002688109785296709,0.0002874445064624081,0.0,0.0,0.008480115462868849,0.0,0.0,0.0,0.0,0.0012662100397360242
2018-09-06 01:00:00,0.0,0.0,0.0,0.005889538219163675,0.0,0.0,0.02401927186153872,0.0,0.0,0.0,0.0,9.732536111547972e-07,0.0,0.0027365723780515072,0.00029422627229871236,0.0,0.0,0.00859008386672675,0.0,0.0,0.0,0.0,0.001206775385555476
2018-09-06 02:00:00,0.0,0.0,0.0,0.005716383080007656,0.0,0.0,0.02351499021232536,0.0,0.0,0.0,0.0,9.446395062449666e-07,0.0,0.0026338908127020283,0.0002898990674750663,0.0,0.0,0.008337531440381149,0.0,0.0,0.0,0.0,0.001151550625149183
2018-09-06 03:00:00,0.0,0.0,0.0,0.005226644214953104,0.0,0.0,0.02538783911768584,0.0,0.0,0.0,0.0,8.637095417553434e-07,0.00548362962750718,0.002420085443738276,0.0003418595822772019,0.0,0.0,0.007623231309018461,0.0,0.0,0.0,0.0,0.0010156662875385322
2018-09-06 04:00:00,0.0,0.0,0.0,0.004377398487343222,0.0,0.0,0.032212389538849605,0.0021492568363385327,0.0,0.0,0.0,7.233706152730105e-07,0.0611402490079865,0.00213557015355197,0.0004097480776923215,0.0,0.0,0.006384578675796535,0.0,0.00022675777727505396,0.0,0.0,0.0009533012403893173
2018-09-06 05:00:00,0.0,0.0,0.0,0.0037046989384505666,0.0,0.0,0.029170939587392017,0.017604560280873777,0.0,0.0,0.0,6.122061672604886e-07,0.11193655218564781,0.0019730022447304423,0.0005865316667661827,0.0,0.0,0.00540342441088411,0.0,0.0010554926403683932,0.0,0.0,0.0007788200732974028
2018-09-06 06:00:00,0.0,0.0,0.0,0.003627640540478871,0.0,0.0,0.028066754691739675,0.020152965536223963,0.0,0.0,0.0,5.994721699070587e-07,0.11835735172144711,0.0019136434958524613,0.0004741548856010752,0.0,0.0,0.005291032220430431,0.0,0.0027213546891694854,0.0,0.0,0.0006125494145409156
2018-09-06 07:00:00,0.0,0.0,0.0,0.003554230873148851,0.0,0.0,0.025852112685586764,0.01893971909237849,0.0,0.0,0.0,5.873411298893305e-07,0.09415402373270297,0.0018532470906347579,0.0005499607239410277,0.0,0.0,0.005183961822798658,0.0,0.00471599980702278,0.0,0.0,0.0003071072009894627
2018-09-06 08:00:00,0.0,0.0,0.0,0.0037417425374762924,0.0,0.0,0.028848494223480882,0.02013163645966519,0.0,0.0,0.0,6.183276686720336e-07,0.027735257321785004,0.0018893925655770602,0.00047370699562753485,0.0,0.0,0.00545745371004393,0.0,0.006449801418891328,0.0,0.0,0.00027619873863956955
2018-09-06 09:00:00,0.0,0.0,0.0,0.003582245708932701,0.0,0.0,0.027447611380934035,0.01998687638678395,0.0,0.0,0.0,5.919706167994962e-07,0.02656464108257983,0.0017595680950283222,0.00042007572301995495,0.0,0.0,0.005224822375857436,0.0,0.007306175727948909,0.0,0.0,0.0002832389614295199
2018-09-06 10:00:00,0.0,0.0,0.0,0.0035928689029234915,0.0,0.0,0.027364790381535036,0.02166217637723197,0.0,0.0,0.0,5.937261129910132e-07,0.01486219581740483,0.0016731368854683666,0.00033491445067592465,0.0,0.0,0.005240316651285766,0.0,0.008598053578528223,0.0,0.0,0.0003998799572449691
2018-09-06 11:00:00,0.0,0.0,0.0,0.0036093150223522083,0.0,0.0,0.02730258465013558,0.020819498349283993,0.0,0.0,0.0,5.964438549476576e-07,0.013593716072538545,0.0016612738538054562,0.000311100851535171,0.0,0.0,0.005264303853663568,0.0,0.008889872564704838,0.0,0.0,0.0004453420813161444
2018-09-06 12:00:00,0.0,0.0,0.0,0.0035863455727904387,0.0,0.0,0.02707667533846976,0.021696726853459275,0.0,0.0,0.0,5.926481244675513e-07,0.016891289340508035,0.0016532741165699708,0.000329811763387612,0.0,0.0,0.005230802161210647,0.0,0.008396662396440926,0.0,0.0,0.0004185072253644314
2018-09-06 13:00:00,0.0,0.0,0.0,0.003610772257460055,0.0,0.0,0.02725359308047666,0.02180731070994343,0.0,0.0,0.0,5.966846648852514e-07,0.03386606627732159,0.0016648454744573678,0.0004693753606493113,0.0,0.0,0.005266429278667045,0.0,0.007440003397264158,0.0,0.0,0.00034758548353298907
2018-09-06 14:00:00,0.0,0.0,0.0,0.0037451270035443514,0.0,0.0,0.02835327289701081,0.02269590211435974,0.0,0.0,0.0,6.188869559539891e-07,0.030272401150112344,0.0018024997460470012,0.0004999502920463929,0.0,0.0,0.00546239006435336,0.0,0.005601377334111007,0.0,0.0,0.0002352307831552246
2018-09-06 15:00:00,0.0,0.0,0.0,0.0037053575026204225,0.0,0.0,0.02795981268968647,0.022518505945046348,0.0,0.0,0.0,6.12314995819306e-07,0.08651891064217389,0.001867351826506073,0.0007400404262077164,0.0,0.0,0.005404384948236985,0.0,0.003415860510102576,0.0,0.0,0.00016527324536382224
2018-09-06 16:00:00,0.0,0.0,0.0,0.0037308472655050028,0.0,0.0,0.028276169231606595,0.022519696773105967,0.0,0.0,0.0,6.165272112514385e-07,0.09721489209585944,0.0019712983815087554,0.0008448529675313642,0.0,0.0,0.005441562599993969,0.0,0.0019065552051872054,0.0,0.0,0.000113262883679569
2018-09-06 17:00:00,0.0,0.0,0.0,0.003603118042866983,0.0,0.0,0.027031134480038552,0.013311498440957279,0.0,0.0,0.0,5.9541979627993e-07,0.09849787672332244,0.0018794614934712036,0.0008350810992827101,0.0,0.0,0.005255265356668124,0.0,0.0008082999316140769,0.0,0.0,9.383782445159727e-05
2018-09-06 18:00:00,0.0,0.0,0.0,0.003689008366091219,0.0,0.0,0.028058707595625766,0.0,0.0,0.0,0.0,6.096132804089983e-07,0.09545366168860996,0.0019358544295121907,0.0007133399404045676,0.0,0.0,0.005380539198585942,0.0,0.00021270018615999106,0.0,0.0,0.00011517968085088295
2018-09-06 19:00:00,0.0,0.0,0.0,0.00437786573961757,0.0,0.0,0.03339822701917277,0.0,0.0,0.0,0.0,7.234478293000542e-07,0.030139671687493586,0.0021875521316901316,0.000548375608210098,0.0,0.0,0.006385260178500857,0.0,0.0,0.0,0.0,0.00016913474688672522
2018-09-06 20:00:00,0.0,0.0,0.0,0.004632121567243712,0.0,0.0,0.03500108854612062,0.0,0.0,0.0,0.0,7.654639251612053e-07,0.014481826860978804,0.002184279517542776,0.00035482039029416954,0.0,0.0,0.006756100608028236,0.0,0.0,0.0,0.0,0.0001509596642240682
2018-09-06 21:00:00,0.0,0.0,0.0,0.00491642783975355,0.0,0.0,0.03497370999247923,0.0,0.0,0.0,0.0,8.124458949010081e-07,0.010348260662701662,0.0022316566854419313,0.00027907577746356677,0.0,0.0,0.007170770592977036,0.0,0.0,0.0,0.0,0.0001234422214110693
2018-09-06 22:00:00,0.0,0.0,0.0,0.005323838192877733,0.0,0.0,0.0359045500655647,0.0,0.0,0.0,0.0,8.680406894779864e-07,0.0,0.0022466808793049423,0.0003060043376011012,0.0,0.0,0.007661458675195446,0.0,0.0,0.0,0.0,0.00013037125553293187
2018-09-06 23:00:00,0.0,0.0,0.0,0.005694322479883702,0.0,0.0,0.025586527280811094,0.0,0.0,0.0,0.0,9.28447378089157e-07,0.0,0.0023836812755302274,0.0003064179733986741,0.0,0.0,0.008194617263392732,0.0,0.0,0.0,0.0,0.00013157343778054183
2018-09-07 00:00:00,0.0,0.0,0.0,0.005846172537349283,0.0,0.0,0.023644354590625246,0.0,0.0,0.0,0.0,9.532062125623825e-07,0.0,0.0024370677483310575,0.00028667003663478856,0.0,0.0,0.00841314248860619,0.0,0.0,0.0,0.0,0.000143171055913865
2018-09-07 01:00:00,0.0,0.0,0.0,0.005878773152616705,0.0,0.0,0.02363159595736026,0.0,0.0,0.0,0.0,9.585216747400267e-07,0.0,0.0024221145468015055,0.00032599422152922646,0.0,0.0,0.008460057563333939,0.0,0.0,0.0,0.0,0.00021240322425413415
2018-09-07 02:00:00,0.0,0.0,0.0,0.005712270177467506,0.0,0.0,0.023781947725787747,0.0,0.0,0.0,0.0,9.313737126659723e-07,0.0,0.0023375840273957226,0.0003235811038364901,0.0,0.0,0.008220445535847967,0.0,0.0,0.0,0.0,0.00027208569239438616
2018-09-07 03:00:00,0.0,0.0,0.0,0.005214647875758893,0.0,0.0,0.036119518653331996,0.0,0.0,0.0,0.0,8.502374365010351e-07,0.000342603629059924,0.002161036871217509,0.0003664333863470072,0.0,0.0,0.007504324466372828,0.0,0.0,0.0,0.0,0.00023800638097016302
2018-09-07 04:00:00,0.0,0.0,0.0,0.004804483696820548,0.0,0.0,0.04348166595191676,0.0015462402555057155,0.0,0.0,0.0,7.833610244490828e-07,0.011309714101248267,0.0021247653799396716,0.000516454913125251,0.0,0.0,0.006914063118613313,0.0,0.00017678938093891572,0.0,0.0,0.00021656030233098105
2018-09-07 05:00:00,0.0,0.0,0.0,0.0038159169647234647,0.0,0.0,0.037318849527004004,0.018534797212150556,0.0,0.0,0.0,6.242581455651081e-07,0.12202394458297913,0.0019211173653393878,0.000560774887175802,0.0,0.0,0.005509796997854338,0.0,0.00085107678367156,0.0,0.0,0.00017447810727569472
2018-09-07 06:00:00,0.0,0.0,0.0,0.0036295127762519053,0.0,0.0,0.03679090173358477,0.01834459639846818,0.0,0.0,0.0,5.957561796353183e-07,0.12672839965282265,0.0018663514082599168,0.0005766140833572459,0.0,0.0,0.005258234327141018,0.0,0.0020352045778267223,0.0,0.0,0.0001317586339733684
2018-09-07 07:00:00,0.0,0.0,0.0,0.003624712217528465,0.0,0.0,0.0476631829355478,0.0,0.0,0.0,0.0,5.949682054080597e-07,0.11644481497885822,0.0018298946558380528,0.0005364862519374402,0.0,0.0,0.005251279547195287,0.0,0.003393631243999979,0.0,0.0,0.00015955609528322227
2018-09-07 08:00:00,0.0,0.0,0.0,0.0035713138473011876,0.0,0.0,0.05563785179152691,0.0,0.0,0.0,0.0,5.822952580528961e-07,0.09629240210479591,0.0017048243167859186,0.00048676074963192493,0.0,0.0,0.005139426193278315,0.0,0.0042649841681127315,0.0,0.0,0.00024438434246957846
2018-09-07 09:00:00,0.0,0.0,0.0,0.003400160397502623,0.0,0.0,0.06332177491552564,0.008569963960225146,0.0,0.0,0.0,5.543890458076709e-07,0.06366653966479055,0.0015914995318033946,0.00045719879968752174,0.0,0.0,0.004893121734870265,0.0,0.004867361177407254,0.0,0.0,0.0003200437372333691
2018-09-07 10:00:00,0.0,0.0,0.0,0.0034382230530276676,0.0,0.0,0.0606617032700843,0.01417526744993462,0.0,0.0,0.0,5.605950822325802e-07,0.026958292279198343,0.0015491107404201553,0.0003762600763305842,0.0,0.0,0.0049478971528691545,0.0,0.00584557196725009,0.0,0.0,0.00036146248361705315
2018-09-07 11:00:00,0.0,0.0,0.0,0.003390933566471517,0.0,0.0,0.07479288678212882,0.019609180362267976,0.0,0.0,0.0,5.528846302939437e-07,0.012361859609665704,0.0015021720376671396,0.0002936581448895513,0.0,0.0,0.00487984353555489,0.0,0.006046570083372478,0.0,0.0,0.0003018481355017499
2018-09-07 12:00:00,0.0,0.0,0.0,0.0034001513950488336,0.0,0.0,0.07397859713049218,0.020964103214183894,0.0,0.0,0.0,5.543875779763974e-07,0.013403446546888196,0.0014964368543717464,0.00027916091799109945,0.0,0.0,0.004893108779568998,0.0,0.005783238917295272,0.0,0.0,0.00031232274194723544
2018-09-07 13:00:00,0.0,0.0,0.0,0.003349215533522923,0.0,0.0,0.0739413785788178,0.02988584252514426,0.0,0.0,0.0,5.460825922205838e-07,0.02093104100751681,0.0014805621106460034,0.0002552712942768124,0.0,0.0,0.004819807716683896,0.0,0.0049685647385678796,0.0,0.0,0.0002833979558231731
2018-09-07 14:00:00,0.0,0.0,0.0,0.003379432806178619,0.0,0.0,0.07244020101455617,0.030498934879245886,0.0,0.0,0.0,5.510094553670417e-07,0.022446646923920677,0.0015304678980466871,0.0003137724526683718,0.0,0.0,0.004863292957470974,0.0,0.00373753552333503,0.0,0.0,0.0002835509553328084
2018-09-07 15:00:00,0.0,0.0,0.0,0.003465730867028744,0.0,0.0,0.06797429919333793,0.03124254221001211,0.0,0.0,0.0,5.65080173808705e-07,0.0039153183164117415,0.0016483883936029642,0.0003445427183433368,0.0,0.0,0.004987483250826856,0.0,0.0024369750995224585,0.0,0.0,0.0003823133836771828
2018-09-07 16:00:00,0.0,0.0,0.0,0.003567540199466148,0.0,0.0,0.05405063577475231,0.032583326448372855,0.0,0.0,0.0,5.816799726610604e-07,0.01194236739088672,0.0018052862191407105,0.0004547579332578259,0.0,0.0,0.005133995591164679,0.0,0.0013948896938471604,0.0,0.0,0.0007812635543709868
2018-09-07 17:00:00,0.0,0.0,0.0,0.0035610415967372994,0.0,0.0,0.03535250953981447,0.03807331535630545,0.0,0.0,0.0,5.806203890694815e-07,0.035396632272926436,0.0018027538494366324,0.0005333425250728812,0.0,0.0,0.005124643545807592,0.0,0.0005501787422966747,0.0,0.0,0.0014552909231584914
2018-09-07 18:00:00,0.0,0.0,0.0,0.003625356494527162,0.0,0.0,0.025059190852515997,0.025373927531067177,0.0,0.0,0.0,5.911067987233108e-07,0.05046074479145523,0.0017954894347995518,0.0004768905539837626,0.0,0.0,0.00521719818660709,0.0,0.00013635026079059328,0.0,0.0,0.0019172680584069704
2018-09-07 19:00:00,0.0,0.0,0.0,0.003910140490307481,0.0,0.0,0.028630739804885973,0.016942190387613597,0.0,0.0,0.0,6.375402339806326e-07,0.009430006377309138,0.0018780262471727635,0.0003761354804768332,0.0,0.0,0.0056270267230841865,0.0,0.0,0.0,0.0,0.002269391179771436
2018-09-07 20:00:00,0.0,0.0,0.0,0.004055652154605769,0.0,0.0,0.020210375618061924,0.0016762051459434557,0.0,0.0,0.0,6.612656066964212e-07,0.00012997918806253203,0.0018273543617482355,0.0003770766408056822,0.0,0.0,0.005836430458207406,0.0,0.0,0.0,0.0,0.0023803315573315957
2018-09-07 21:00:00,0.0,0.0,0.0,0.004470006043262416,0.0,0.0,0.001511892100205345,0.0,0.0,0.0,0.0,7.288251421606241e-07,0.0,0.001914707640039542,0.00041493432830446743,0.0,0.0,0.0064327211567294556,0.0,0.0,0.0,0.0,0.0025559323262034812
2018-09-07 22:00:00,0.0,0.0,0.0,0.004560093885559017,0.0,0.0,0.0,0.0,0.0,0.0,0.0,7.435137765457453e-07,0.0012933920705308667,0.0019050772266580554,0.0003689507537199019,0.0,0.0,0.0065623652698462475,0.0,0.0,0.0,0.0,0.0027336411045377905
2018-09-07 23:00:00,0.0,0.0,0.0,0.004487502763310609,0.0,0.0,0.0,0.0,0.0,0.0,0.0,7.3167794579289e-07,0.0,0.0018084963325819402,0.0002473136652622376,0.0,0.0,0.006457900433924626,0.0,0.0,0.0,0.0,0.0033379545177768567
2018-09-08 00:00:00,0.0,0.0,0.0,0.004342441760090452,0.0,0.0,0.0,0.0,0.0,0.0,0.0,7.080260524239201e-07,0.0,0.0017446877270455186,0.00023219046290359505,0.0,0.0,0.00624914523865208,0.0,0.0,0.0,0.0,0.003466438223983049
2018-09-08 01:00:00,0.0,0.0,0.0,0.004112509121977729,0.0,0.0,8.430156247250214e-06,0.0,0.0,0.0,0.0,6.705360163841556e-07,0.0,0.0016741370093861026,0.00020218504365897646,0.0,0.0,0.0059182524990237404,0.0,0.0,0.0,0.0,0.003151836010623527
2018-09-08 02:00:00,0.0,0.0,0.0,0.004030388005506361,0.0,0.0,0.0014706034642726915,0.0,0.0,0.0,0.0,6.571463399928121e-07,0.0,0.001611895455670353,0.00024231416551768052,0.0,0.0,0.005800073186014568,0.0,0.0,0.0,0.0,0.003499103322634357
2018-09-08 03:00:00,0.0,0.0,0.0,0.004000034329974151,0.0,0.0,0.004173594556821612,0.0,0.0,0.0,0.0,6.521972366424474e-07,0.0,0.001605757845299977,0.00024108621756556227,0.0,0.0,0.005756391649817349,0.0,0.0,0.0,0.0,0.0035692760372001433
2018-09-08 04:00:00,0.0,0.0,0.0,0.004035238572939856,0.0,0.0,0.013573959743476803,0.0,0.0,0.0,0.0,6.579372148742017e-07,0.0,0.0016406821689917538,0.000250434564006134,0.0,0.0,0.005807053567573248,0.0,0.00019027429342282208,0.0,0.0,0.0031739491779097574
2018-09-08 05:00:00,0.0,0.0,0.0,0.003870252139333583,0.0,0.0,0.03069493553059287,0.0,0.0,0.0,0.0,6.310365217288509e-07,0.0,0.001708591687296785,0.0002887953133797264,0.0,0.0,0.005569623973125135,0.0,0.0010502124635457858,0.0,0.0,0.0025305091639405007
2018-09-08 06:00:00,0.0,0.0,0.0,0.003516575842336414,0.0,0.0,0.060977240847291794,0.0,0.0,0.0,0.0,5.733703407566046e-07,0.0,0.0015577316050529968,0.0002684020647264486,0.0,0.0,0.005060653520667547,0.0,0.0026166051072547365,0.0,0.0,0.0019503397486259023
2018-09-08 07:00:00,0.0,0.0,0.0,0.003340730080235332,0.0,0.0,0.08373172254639635,0.0,0.0,0.0,0.0,5.446990567983113e-07,0.0,0.0014589826910361779,0.00022050842410624644,0.0,0.0,0.004807596423374842,0.0,0.0045675819562302315,0.0,0.0,0.0017852378541648017
2018-09-08 08:00:00,0.0,0.0,0.0,0.002941513555554082,0.0,0.0,0.10995859326533215,0.0,0.0,0.0,0.0,4.796076368902238e-07,0.0,0.0012882987924366476,0.00017321176414843812,0.0,0.0,0.004233089686789133,0.0,0.005227373833716711,0.0,0.0,0.0013579151674530953
2018-09-08 09:00:00,0.0,0.0,0.0,0.0027802570446972923,0.0,0.0,0.13129240575821896,0.0,0.0,0.0,0.0,4.5331509985290267e-07,0.0,0.0011692258422676227,0.0001634790216150566,0.0,0.0,0.004001027770315355,0.0,0.005734642766688136,0.0,0.0,0.0016285968578598864
2018-09-08 10:00:00,0.0,0.0,0.0,0.00281283620563609,0.0,0.0,0.1309511940385555,0.0,0.0,0.0,0.0,4.586270639471085e-07,0.0,0.0011450608505719098,0.00014422560240930446,0.0,0.0,0.004047911970428548,0.0,0.00665373797588898,0.0,0.0,0.0018648903159095304
2018-09-08 11:00:00,0.0,0.0,0.0,0.002802805839228638,0.0,0.0,0.13002459816721673,0.0,0.0,0.0,0.0,4.569916336698155e-07,0.0,0.001137882967885523,0.0001290712756046791,0.0,0.0,0.004033477414954911,0.0,0.006704400723388134,0.0,0.0,0.0016362364972668808
2018-09-08 12:00:00,0.0,0.0,0.0,0.002872629708667442,0.0,0.0,0.1190959303079521,0.0,0.0,0.0,0.0,4.6837626963616863e-07,0.0,0.0011669620221518213,0.0001548856932379833,0.0,0.0,0.004133959937313179,0.0,0.006409245892458716,0.0,0.0,0.0014164380980690886
2018-09-08 13:00:00,0.0,0.0,0.0,0.002944712357520323,0.0,0.0,0.12148076306685421,0.0,0.0,0.0,0.0,4.80129194864693e-07,0.0,0.0012006629312860395,0.00015808164528713524,0.0,0.0,0.0042376930365128854,0.0,0.005693175845674019,0.0,0.0,0.0011903130824579117
2018-09-08 14:00:00,0.0,0.0,0.0,0.0031642339107427466,0.0,0.0,0.09917559375547713,0.0,0.0,0.0,0.0,5.159217252743128e-07,0.0,0.0013058466763305142,0.00016986626941884847,0.0,0.0,0.004553603334195922,0.0,0.004547646946899649,0.0,0.0,0.0010796149410855025
2018-09-08 15:00:00,0.0,0.0,0.0,0.003712586960138716,0.0,0.0,0.046095970253371525,0.0,0.0,0.0,0.0,6.053295438124156e-07,0.007073618280040765,0.0016211719852438152,0.000302517267503505,0.0,0.0,0.005342730290192631,0.0,0.0034074637988104196,0.0,0.0,0.0008627804966570832
2018-09-08 16:00:00,0.0,0.0,0.0,0.004008080177498395,0.0,0.0,0.0013310063509517614,0.0,0.0,0.0,0.0,6.535090952638688e-07,0.03592231651507129,0.0019315342175971343,0.0004525506514421001,0.0,0.0,0.005767970312819614,0.0,0.0019359164532317494,0.0,0.0,0.0006205183515379685
2018-09-08 17:00:00,0.0,0.0,0.0,0.0039869871728757085,0.0,0.0,0.0,0.0,0.0,0.0,0.0,6.500699249486752e-07,0.10626703503220095,0.0018893127113445232,0.0005482610462230986,0.0,0.0,0.005737615674418205,0.0,0.0006885721446207198,0.0,0.0,0.0005170817225781424
2018-09-08 18:00:00,0.0,0.0,0.0,0.004092637896128144,0.0,0.0,0.0,0.0,0.0,0.0,0.0,6.672960545441579e-07,0.10373147355193305,0.001959827760540763,0.0006665345753941642,0.0,0.0,0.005889656104814064,0.0,0.0001576313486173232,0.0,0.0,0.000502599270240535
2018-09-08 19:00:00,0.0,0.0,0.0,0.004750206910628544,0.0,0.0,0.0,0.0,0.0,0.0,0.0,7.745113079096532e-07,0.03277703640820932,0.0022665794917941465,0.0005850564091261383,0.0,0.0,0.006835954179279136,0.0,0.0,0.0,0.0,0.0005462625105552168
2018-09-08 20:00:00,0.0,0.0,0.0,0.005112600100909113,0.0,0.0,0.0,0.0,0.0,0.0,0.0,8.335987601117334e-07,0.014140532221496676,0.0022687724446829624,0.0005003078846278334,0.0,0.0,0.007357468987002102,0.0,0.0,0.0,0.0,0.0004417160393947595
2018-09-08 21:00:00,0.0,0.0,0.0,0.005469798239965069,0.0,0.0,0.0,0.0,0.0,0.0,0.0,8.918391700703211e-07,0.017398625614118857,0.002314857959687525,0.0004057033593454027,0.0,0.0,0.007871507671516415,0.0,0.0,0.0,0.0,0.00039687052435515734
2018-09-08 22:00:00,0.0,0.0,0.0,0.005665098463918759,0.0,0.0,0.0,0.0,0.0,0.0,0.0,9.236824633700241e-07,0.0010076589835809366,0.0023145916156201095,0.00029506231490986827,0.0,0.0,0.008152561403968193,0.0,0.0,0.0,0.0,0.0003756574665761807
2018-09-08 23:00:00,0.0,0.0,0.0,0.005544218445003851,0.0,0.0,0.0,0.0,0.0,0.0,0.0,9.039732289490037e-07,0.0,0.0021368082567807646,0.00032127179789129506,0.0,0.0,0.007978604714072473,0.0,0.0,0.0,0.0,0.0003546623943666944
2018-09-09 00:00:00,0.0,0.0,0.0,0.005132477695462866,0.0,0.0,0.0,0.0,0.0,0.0,0.0,8.368397603556338e-07,0.0,0.001932565149751587,0.00028329698224628343,0.0,0.0,0.007386074546321993,0.0,0.0,0.0,0.0,0.00029589701501920164
2018-09-09 01:00:00,0.0,0.0,0.0,0.005223597224897765,0.0,0.0,0.0,0.0,0.0,0.0,0.0,8.516966091722253e-07,0.0,0.0019770050872289432,0.00026271232597415193,0.0,0.0,0.007517203345503509,0.0,0.0,0.0,0.0,0.00024220106452665504
2018-09-09 02:00:00,0.0,0.0,0.0,0.005428159835532162,0.0,0.0,0.0,0.0,0.0,0.0,0.0,8.850501152600044e-07,0.0,0.002029224064689689,0.00024082832085608888,0.0,0.0,0.007811586444892629,0.0,0.0,0.0,0.0,0.0002717250468471331
2018-09-09 03:00:00,0.0,0.0,0.0,0.005294592789822478,0.0,0.0,0.0,0.0,0.0,0.0,0.0,8.632722876384814e-07,0.0,0.0019513369993030742,0.00025476921828200945,0.0,0.0,0.007619372037918035,0.0,0.0,0.0,0.0,0.00043977687165739135
2018-09-09 04:00:00,0.0,0.0,0.0,0.005296271938941191,0.0,0.0,0.0,0.0,0.0,0.0,0.0,8.635460693925352e-07,0.0,0.0019426592890350559,0.00023926769049594402,0.0,0.0,0.007621788477170403,0.0,0.0002450281985568711,0.0,0.0,0.0005466665370482013
2018-09-09 05:00:00,0.0,0.0,0.0,0.004799118990884363,0.0,0.0,0.002911936834655684,0.0,0.0,0.0,0.0,7.824863203594801e-07,0.0,0.0018941347405478785,0.00024780980666042225,0.0,0.0,0.0069063428477587905,0.0,0.0012987639405329327,0.0,0.0,0.0004234832992102228
2018-09-09 06:00:00,0.0,0.0,0.0,0.00451783105396206,0.0,0.0,0.027125521236701124,0.0,0.0,0.0,0.0,7.366229101915063e-07,0.0,0.0017918763546108938,0.00028038516925359125,0.0,0.0,0.006501545439106462,0.0,0.0034183313091381527,0.0,0.0,0.00025373585783868387
2018-09-09 07:00:00,0.0,0.0,0.0,0.00425613837547221,0.0,0.0,0.05593327424051907,0.0,0.0,0.0,0.0,6.939544659529932e-07,0.0,0.0017151944907418174,0.00021541665614311918,0.0,0.0,0.006124947283938369,0.0,0.005947617214211452,0.0,0.0,0.0001577749004233958
2018-09-09 08:00:00,0.0,0.0,0.0,0.004024692476194462,0.0,0.0,0.06176881722554805,0.0,0.0,0.0,0.0,6.562176958432852e-07,0.0,0.0015783401391969436,0.00018551166476551436,0.0,0.0,0.005791876832016645,0.0,0.007339068358261181,0.0,0.0,0.000184618639022124
2018-09-09 09:00:00,0.0,0.0,0.0,0.0038553982840890187,0.0,0.0,0.06749255416480092,0.0,0.0,0.0,0.0,6.286146316787088e-07,0.0,0.0014888638563076066,0.0001653788840145925,0.0,0.0,0.005548248004509896,0.0,0.008177863939044747,0.0,0.0,0.0002189846627044689
2018-09-09 10:00:00,0.0,0.0,0.0,0.003762774503824662,0.0,0.0,0.06584794464208714,0.0,0.0,0.0,0.0,6.135125179085549e-07,0.0,0.0014169284160369777,0.00015651224213819034,0.0,0.0,0.005414954459678818,0.0,0.009187001367619626,0.0,0.0,0.0001779402532231944
2018-09-09 11:00:00,0.0,0.0,0.0,0.003784318475819422,0.0,0.0,0.060624113879557524,0.0,0.0,0.0,0.0,6.170252175111543e-07,0.0,0.0014024886690084599,0.0001372381467281728,0.0,0.0,0.0054459580787140915,0.0,0.009513756095125987,0.0,0.0,0.0002023284740987568
2018-09-09 12:00:00,0.0,0.0,0.0,0.003865408469670087,0.0,0.0,0.057752088466758666,0.0,0.0,0.0,0.0,6.344766156185655e-07,0.0,0.0014337275382518186,0.00012767969148000675,0.0,0.0,0.0055999867631352325,0.0,0.009331207945489835,0.0,0.0,0.00020197180832230472
2018-09-09 13:00:00,0.0,0.0,0.0,0.003882300627590818,0.0,0.0,0.04778180117891709,0.0,0.0,0.0,0.0,6.415550701575798e-07,0.0,0.0014310080880176586,0.0001783465924068311,0.0,0.0,0.005662462275622466,0.0,0.008294604331006001,0.0,0.0,0.00021651897893297262
2018-09-09 14:00:00,0.0,0.0,0.0,0.004013906480594893,0.0,0.0,0.04263464287665368,0.0,0.0,0.0,0.0,6.678153691894199e-07,0.0,0.0015213545614108503,0.00020677865927258216,0.0,0.0,0.005894239654574261,0.0,0.006366352156567054,0.0,0.0,0.00022566434478508705
2018-09-09 15:00:00,0.0,0.0,0.0,0.0046549349119467814,0.0,0.0,0.012424158281175926,0.0,0.0,0.0,0.0,7.744667425120813e-07,0.0071776515107266695,0.0019223936962727305,0.0003088660783188056,0.0,0.0,0.006835560838326368,0.0,0.00464873397037589,0.0,0.0,0.00021484994652667434
2018-09-09 16:00:00,0.0,0.0,0.0,0.004803974198935156,0.0,0.0,0.0,0.0,0.0,0.0,0.0,7.938627890714394e-07,0.03954120775847597,0.00215442169146423,0.00048767000961879653,0.0,0.0,0.007006753284692049,0.0,0.0025215014806422133,0.0,0.0,0.00019673243730831228
2018-09-09 17:00:00,0.0,0.0,0.0,0.004555183348214413,0.0,0.0,0.0,0.0,0.0,0.0,0.0,7.527497875294237e-07,0.06909798881332746,0.0020201048482912103,0.0005422393550278332,0.0,0.0,0.0066438837024875306,0.0,0.0008710854217100512,0.0,0.0,0.00014983792330763884
2018-09-09 18:00:00,0.0,0.0,0.0,0.004164239641688066,0.0,0.0,0.0,0.0,0.0,0.0,0.0,6.881458474621091e-07,0.11474343289255932,0.0018429078528305468,0.0008068545843269789,0.0,0.0,0.006073679536853095,0.0,0.00017565170264499417,0.0,0.0,0.00010553157645208621
2018-09-09 19:00:00,0.0,0.0,0.0,0.005032035313441134,0.0,0.0,0.0,0.0,0.0,0.0,0.0,8.31550175585836e-07,0.06954003176631593,0.0021990168598425243,0.0006112894661220279,0.0,0.0,0.0073393878695175675,0.0,0.0,0.0,0.0,0.00010761665391498826
2018-09-09 20:00:00,0.0,0.0,0.0,0.0056636937065505715,0.0,0.0,0.0,0.0,0.0,0.0,0.0,9.359325208959737e-07,0.023612301301400424,0.0023560139174349133,0.0005031061461956359,0.0,0.0,0.008260682268164399,0.0,0.0,0.0,0.0,0.00011133966354776347
2018-09-09 21:00:00,0.0,0.0,0.0,0.006172889836502041,0.0,0.0,0.0,0.0,0.0,0.0,0.0,1.0200778229247103e-06,0.020311436948163952,0.0023403184319811506,0.00036226859180283347,0.0,0.0,0.009003361455925393,0.0,0.0,0.0,0.0,0.00013333913765282428
2018-09-09 22:00:00,0.0,0.0,0.0,0.006037666472186292,0.0,0.0,0.0,0.0,0.0,0.0,0.0,1.025446769143234e-06,0.0,0.002233339547815085,0.00030598233682694584,0.0,0.0,0.009050748588903345,0.0,0.0,0.0,0.0,0.0002054690244277235
2018-09-09 23:00:00,0.0,0.0,0.0,0.00598520598762844,0.0,0.0,0.00014058186696923666,0.0,0.0,0.0,0.0,1.0165367979407244e-06,0.0,0.002186222540681467,0.00025826378617513324,0.0,0.0,0.008972107832781347,0.0,0.0,0.0,0.0,0.0002271396463305843
2018-09-10 00:00:00,0.0,0.0,0.0,0.005927803391428816,0.0,0.0,0.0034808394709136934,0.0,0.0,0.0,0.0,1.0067874507244605e-06,0.0,0.0021501335178306822,0.00026078936939059893,0.0,0.0,0.008886058616756167,0.0,0.0,0.0,0.0,0.0002148700620553824
2018-09-10 01:00:00,0.0,0.0,0.0,0.0056594180380019595,0.0,0.0,0.004930482707040553,0.0,0.0,0.0,0.0,9.612044602057283e-07,0.0,0.0020431880100489235,0.00020310693473838234,0.0,0.0,0.008483736234425093,0.0,0.0,0.0,0.0,0.00021435128799867647
2018-09-10 02:00:00,0.0,0.0,0.0,0.005497909693186981,0.0,0.0,0.005928522744863278,0.0,0.0,0.0,0.0,9.337736289163314e-07,0.0,0.0019239161307410817,0.00018387987330356092,0.0,0.0,0.008241627560376233,0.0,0.0,0.0,0.0,0.00024115931878777443
2018-09-10 03:00:00,0.0,0.0,0.0,0.0054984333335252955,0.0,0.0,0.009370123980199003,0.0,0.0,0.0,0.0,9.470155586855586e-07,0.0,0.0019963372071459735,0.00026573847956584283,0.0,0.0,0.0083585028393079,0.0,0.0,0.0,0.0,0.00025488188856082343
2018-09-10 04:00:00,0.0,0.0,0.0,0.0050789172124799855,0.0,0.0,0.010502825824778295,0.0,0.0,0.0,0.0,8.747607417858141e-07,0.03273814734469907,0.0019233844650579967,0.0005875792653986398,0.0,0.0,0.00772077087527507,0.0,0.00022576027718951866,0.0,0.0,0.00026362255048949614
2018-09-10 05:00:00,0.0,0.0,0.0,0.004259403879474599,0.0,0.0,0.013069239629570403,0.0,0.0,0.0,0.0,7.336129220651789e-07,0.08347730602335096,0.0018335327618434801,0.0006405912186743794,0.0,0.0,0.006474978827745704,0.0,0.0012177952570736233,0.0,0.0,0.00021629148592699005
2018-09-10 06:00:00,0.0,0.0,0.0,0.004000029366811959,0.0,0.0,0.038346634579080274,0.0,0.0,0.0,0.0,6.817384258633022e-07,0.08015410755134274,0.0017128190287239381,0.0005553584981189565,0.0,0.0,0.006017126662789859,0.0,0.003245158201762617,0.0,0.0,0.00017725383979583361
2018-09-10 07:00:00,0.0,0.0,0.0,0.0037896725827135792,0.0,0.0,0.07144173587026925,0.0,0.0,0.0,0.0,6.527093592772272e-07,0.04149778312854366,0.001633992265230358,0.00034514261258106194,0.0,0.0,0.005760911721803096,0.0,0.005710742750721863,0.0,0.0,0.0001591930575545349
2018-09-10 08:00:00,0.0,0.0,0.0,0.0035254050256806925,0.0,0.0,0.13181130981159836,0.0,0.0,0.0,0.0,5.987603340064131e-07,0.019507627034456403,0.0015063699304771294,0.0002821664658408119,0.0,0.0,0.005284749448894,0.0,0.006829044130671497,0.0,0.0,0.00018331130914075596
2018-09-10 09:00:00,0.0,0.0,0.0,0.003184352679231855,0.0,0.0,0.1539616656384768,0.0,0.0,0.0,0.0,5.408354671086166e-07,0.011018750813361683,0.0013086163237678822,0.00031688940255533986,0.0,0.0,0.004773495795254163,0.0,0.007208178810151108,0.0,0.0,0.00019688308964580789
2018-09-10 10:00:00,0.0,0.0,0.0,0.003007817829800009,0.0,0.0,0.15110386851888552,0.0,0.0,0.0,0.0,5.108525106427351e-07,0.03972369812989055,0.0011816499081991221,0.0002984532320590123,0.0,0.0,0.0045088616776280885,0.0,0.00790539672472922,0.0,0.0,0.00020887103178962013
2018-09-10 11:00:00,0.0,0.0,0.0,0.0030218944407721647,0.0,0.0,0.1515206674308035,0.0,0.0,0.0,0.0,5.132433043886931e-07,0.037972639374162294,0.0011858433837792345,0.00029293761553323365,0.0,0.0,0.004529963185550013,0.0,0.008191605768392923,0.0,0.0,0.00026056405991884513
2018-09-10 12:00:00,0.0,0.0,0.0,0.0031444629191984762,0.0,0.0,0.15041486955972944,0.0,0.0,0.0,0.0,5.340605275294656e-07,0.03817962695865362,0.0012361205486821892,0.00029490297310362615,0.0,0.0,0.00471369915179978,0.0,0.008130113248031179,0.0,0.0,0.00037249452105882436
2018-09-10 13:00:00,0.0,0.0,0.0,0.003231995561268179,0.0,0.0,0.14144241533458107,0.0,0.0,0.0,0.0,5.50839847481482e-07,0.034479781413259754,0.0012766312616904407,0.0002785268944531663,0.0,0.0,0.0048617959725692815,0.0,0.007357833435448578,0.0,0.0,0.0003997876989278567
2018-09-10 14:00:00,0.0,0.0,0.0,0.0033487055345130428,0.0,0.0,0.14782977994194127,0.0,0.0,0.0,0.0,5.767599696634027e-07,0.018575454847120094,0.0013689010535978274,0.00032609819217041536,0.0,0.0,0.0050905708990905555,0.0,0.005879932633125132,0.0,0.0,0.00035507340000474896
2018-09-10 15:00:00,0.0,0.0,0.0,0.0036825553149810847,0.0,0.0,0.10132875449743557,0.0,0.0,0.0,0.0,6.320346808858097e-07,0.06935957326858568,0.0016507704111977176,0.0004890013852411621,0.0,0.0,0.005578433877113513,0.0,0.0040183077387358915,0.0,0.0,0.0003057416246449594
2018-09-10 16:00:00,0.0,0.0,0.0,0.0035904809225708713,0.0,0.0,0.0708635787198668,0.0,0.0,0.0,0.0,6.098129266798483e-07,0.11086966740254554,0.0016556799071468936,0.0005800127483285261,0.0,0.0,0.005382301306828466,0.0,0.0017880631777343738,0.0,0.0,0.0002095162784655652
2018-09-10 17:00:00,0.0,0.0,0.0,0.003388648648617157,0.0,0.0,0.08053398992565076,0.0,0.0,0.0,0.0,5.755334158476239e-07,0.10179783414154568,0.001548718140296256,0.0005425920303848505,0.0,0.0,0.005079745149230668,0.0,0.0004235526492431887,0.0,0.0,0.00024559351422927006
2018-09-10 18:00:00,0.0,0.0,0.0,0.003339620728242783,0.0,0.0,0.08064910100268792,0.0,0.0,0.0,0.0,5.711729153231018e-07,0.10781331836290647,0.001500586708475419,0.0005805289308931606,0.0,0.0,0.0050412587107759406,0.0,5.4639679624648574e-05,0.0,0.0,0.00033796547614038734
2018-09-10 19:00:00,0.0,0.0,0.0,0.0038872564314030877,0.0,0.0,0.07514159154752552,0.0,0.0,0.0,0.0,6.695165873328835e-07,0.10964996401594457,0.0016862977298387745,0.0005577460860127385,0.0,0.0,0.005909254863724741,0.0,0.0,0.0,0.0,0.0005069029845670505
2018-09-10 20:00:00,0.0,0.0,0.0,0.004943253627417242,0.0,0.0,0.06095906261651499,0.0,0.0,0.0,0.0,8.513948995525122e-07,0.030257104296534946,0.001963960727092045,0.000408568339993019,0.0,0.0,0.007514540410676419,0.0,0.0,0.0,0.0,0.0009444273845895109
2018-09-10 21:00:00,0.0,0.0,0.0,0.005313647252924994,0.0,0.0,0.05525286206941439,0.0,0.0,0.0,0.0,9.119779768629102e-07,0.0038899317770316293,0.0019884305378915185,0.0003101646613258462,0.0,0.0,0.008049255832264448,0.0,0.0,0.0,0.0,0.0011557438024430685
2018-09-10 22:00:00,0.0,0.0,0.0,0.005886843497077053,0.0,0.0,0.012620417432105424,0.0,0.0,0.0,0.0,9.99830757849663e-07,0.0,0.0020892707428675035,0.00015165337637040757,0.0,0.0,0.008824657791170053,0.0,0.0,0.0,0.0,0.0017636499872533732
2018-09-10 23:00:00,0.0,0.0,0.0,0.006175926299461303,0.0,0.0,0.0,0.0,0.0,0.0,0.0,1.0489290356504334e-06,0.0,0.002204070680647976,0.00012330293326378488,0.0,0.0,0.009258006631787287,0.0,0.0,0.0,0.0,0.0018639658848295792
2018-09-11 00:00:00,0.0,0.0,0.0,0.006097947895550243,0.0,0.0,0.0,0.0,0.0,0.0,0.0,1.0356850608926513e-06,0.0,0.002135509591325991,9.344249033482952e-05,0.0,0.0,0.00914111330347672,0.0,0.0,0.0,0.0,0.0018882170573550124
2018-09-11 01:00:00,0.0,0.0,0.0,0.005810205199186605,0.0,0.0,0.0001612843830605234,0.0,0.0,0.0,0.0,9.868143888060216e-07,0.0,0.0020179496529612066,8.722676403293822e-05,0.0,0.0,0.008709773345385695,0.0,0.0,0.0,0.0,0.0017677559809025334
2018-09-11 02:00:00,0.0,0.0,0.0,0.005887664983004273,0.0,0.0,0.010346666517671004,0.0,0.0,0.0,0.0,9.999702803115022e-07,0.0,0.0020768004556401517,9.100472140751444e-05,0.0,0.0,0.008825889237562601,0.0,0.0,0.0,0.0,0.0014426597339295471
2018-09-11 03:00:00,0.0,0.0,0.0,0.005344230299052266,0.0,0.0,0.03125633362799346,0.015629564757780674,0.0,0.0,0.0,9.140198389156202e-07,0.0,0.0019045622735383177,8.820223777370762e-05,0.0,0.0,0.008067277616181853,0.0,0.0,0.0,0.0,0.001356061211484309
2018-09-11 04:00:00,0.0,0.0,0.0,0.0045370731847932605,0.0,0.0,0.04823796019067327,0.026481301321410446,0.0,0.0,0.0,7.814369359898122e-07,0.005015047209754609,0.0017605221672096292,0.0001546989601266171,0.0,0.0,0.006897080822279962,0.0,0.00010377141858290521,0.0,0.0,0.0012307850462993273
2018-09-11 05:00:00,0.0,0.0,0.0,0.0038684227667007184,0.0,0.0,0.06037822745890208,0.023962966180027884,0.0,0.0,0.0,6.6627279543466e-07,0.04327685953870345,0.0017109253354495818,0.00028793280392958796,0.0,0.0,0.005880624664840727,0.0,0.0009124007012561573,0.0,0.0,0.0010021301788284158
2018-09-11 06:00:00,0.0,0.0,0.0,0.003439325611931283,0.0,0.0,0.09527397430533484,0.02472470116001894,0.0,0.0,0.0,5.882253693957163e-07,0.04854402688748793,0.001474248367757294,0.00028943134117426103,0.0,0.0,0.005191766254686781,0.0,0.002359900929650858,0.0,0.0,0.0006827113137409477
2018-09-11 07:00:00,0.0,0.0,0.0,0.003267567800980131,0.0,0.0,0.12492240290009342,0.03090968269766764,0.0,0.0,0.0,5.588497553384568e-07,0.0,0.0013715627967222908,0.00015762053809345182,0.0,0.0,0.004932492633200755,0.0,0.004151749754253754,0.0,0.0,0.00048684990674961764
2018-09-11 08:00:00,0.0,0.0,0.0,0.0030865405509067877,0.0,0.0,0.15371417508076982,0.03376518194509374,0.0,0.0,0.0,5.242229014036342e-07,0.0,0.0012552672954861217,0.00013441916666781056,0.0,0.0,0.004626870772740262,0.0,0.00519113461214365,0.0,0.0,0.0003439546143627841
2018-09-11 09:00:00,0.0,0.0,0.0,0.0030392480111248827,0.0,0.0,0.1510604064583476,0.0340736600392076,0.0,0.0,0.0,5.161906620695573e-07,0.0,0.001232672758671181,0.00012878228390365747,0.0,0.0,0.004555977011107593,0.0,0.006249617269835453,0.0,0.0,0.00041350796075195046
2018-09-11 10:00:00,0.0,0.0,0.0,0.003073450410191054,0.0,0.0,0.14922307734575962,0.03395820295791591,0.0,0.0,0.0,5.219996513174601e-07,0.006710360557087654,0.0011328846323913626,0.0001201979845597673,0.0,0.0,0.004607248030550501,0.0,0.0076712175155512295,0.0,0.0,0.0006313018828338001
2018-09-11 11:00:00,0.0,0.0,0.0,0.0030057016017263063,0.0,0.0,0.14647282734710754,0.03344300009222646,0.0,0.0,0.0,5.104930871384814e-07,0.01627064189941975,0.0010958571561956137,0.00012295525244409897,0.0,0.0,0.004505689351309619,0.0,0.007865859796444347,0.0,0.0,0.0006769401779333371
2018-09-11 12:00:00,0.0,0.0,0.0,0.003012711621099442,0.0,0.0,0.14645419738629978,0.033467839907422456,0.0,0.0,0.0,5.116836798535522e-07,0.004973541575365135,0.001094014977390187,8.543976672847889e-05,0.0,0.0,0.004516197703044823,0.0,0.007502351946065434,0.0,0.0,0.0009228533932555361
2018-09-11 13:00:00,0.0,0.0,0.0,0.003010180137048724,0.0,0.0,0.14671363786637556,0.03384471178771187,0.0,0.0,0.0,5.148289295205326e-07,0.021832910380147192,0.0011088744721638182,9.653386118418433e-05,0.0,0.0,0.004543958153262005,0.0,0.006614576794712738,0.0,0.0,0.0009939691079954322
2018-09-11 14:00:00,0.0,0.0,0.0,0.0031314391256621354,0.0,0.0,0.15432912336026436,0.03550084503528956,0.0,0.0,0.0,5.39339370543466e-07,0.006021550577380461,0.0011654595933595485,0.00010225810207159267,0.0,0.0,0.004760291020239645,0.0,0.00524498780782042,0.0,0.0,0.0010138197413246456
2018-09-11 15:00:00,0.0,0.0,0.0,0.0031380045469117874,0.0,0.0,0.15118727585568478,0.030128935141651717,0.0,0.0,0.0,5.404701573868446e-07,0.040093271269572316,0.0012610444420796843,0.00013554638215055153,0.0,0.0,0.0047702715162878315,0.0,0.0032360812216293846,0.0,0.0,0.0012363937561876617
2018-09-11 16:00:00,0.0,0.0,0.0,0.003386964574117778,0.0,0.0,0.1338440309931985,0.03013451771494683,0.0,0.0,0.0,5.813026256701503e-07,0.020007199038738276,0.001473602836084519,0.00025881354570179386,0.0,0.0,0.005130665069436712,0.0,0.001575310940751264,0.0,0.0,0.0011167440620223868
2018-09-11 17:00:00,0.0,0.0,0.0,0.003263942738848849,0.0,0.0,0.11565578108012815,0.028802923313530095,0.0,0.0,0.0,5.562847121455583e-07,0.07146725102090486,0.0014001852359535902,0.0003042654067854989,0.0,0.0,0.0049098531732529715,0.0,0.0003700762069244449,0.0,0.0,0.0013895282057197803
2018-09-11 18:00:00,0.0,0.0,0.0,0.003254723764960646,0.0,0.0,0.11929174364030966,0.028911519289893932,0.0,0.0,0.0,5.586062177504396e-07,0.07148001561459459,0.001382652945818197,0.00032730174216012443,0.0,0.0,0.004930343133541272,0.0,4.9530259916485824e-05,0.0,0.0,0.0015864480503344155
2018-09-11 19:00:00,0.0,0.0,0.0,0.0037687548955015124,0.0,0.0,0.12327459704363976,0.034310871925925204,0.0,0.0,0.0,6.468290613381772e-07,0.058338888510942516,0.0014770271893156854,0.00025212685741895287,0.0,0.0,0.00570901132104543,0.0,0.0,0.0,0.0,0.0021850191544245034
2018-09-11 20:00:00,0.0,0.0,0.0,0.0043603074553779046,0.0,0.0,0.08024544288533327,0.04443880383480691,0.0,0.0,0.0,7.483568596818065e-07,0.019225701982126572,0.001631874295032782,0.00013376572584131808,0.0,0.0,0.006605111055564866,0.0,0.0,0.0,0.0,0.0021797422552343303
2018-09-11 21:00:00,0.0,0.0,0.0,0.00489263421033867,0.0,0.0,0.03294843527169239,0.04988210229645912,0.0,0.0,0.0,8.426765296756393e-07,0.00856346115912475,0.0017470503480037857,0.0001647288598126175,0.0,0.0,0.007437590756891296,0.0,0.0,0.0,0.0,0.0020480395915339037
2018-09-11 22:00:00,0.0,0.0,0.0,0.005405660979937549,0.0,0.0,0.01108871321788452,0.038168802397587145,0.0,0.0,0.0,9.245262837926683e-07,0.014201889785263069,0.00183350716730632,0.00023392025757211024,0.0,0.0,0.008160009090897778,0.0,0.0,0.0,0.0,0.001528994401927231
2018-09-11 23:00:00,0.0,0.0,0.0,0.005855317611877968,0.0,0.0,0.0,0.02698832255177777,0.0,0.0,0.0,1.008483061108391e-06,0.0032410390211339256,0.0020165567627777664,0.0001599547058530983,0.0,0.0,0.008901024330971162,0.0,0.0,0.0,0.0,0.0012679359178210349
2018-09-12 00:00:00,0.0,0.0,0.0,0.006018142863746275,0.0,0.0,0.0,0.027394233619624102,0.0,0.0,0.0,1.0365270579185367e-06,0.0,0.0020315083095234785,0.00017185711196935334,0.0,0.0,0.009148544896830181,0.0,0.0,0.0,0.0,0.0011006096243397114
2018-09-12 01:00:00,0.0,0.0,0.0,0.006448969584096444,0.0,0.0,0.0,0.029539957037624104,0.0,0.0,0.0,1.1107299412710377e-06,0.0024670889865550196,0.0021711540089082632,0.00017137919085757658,0.0,0.0,0.009803470790600687,0.0,0.0,0.0,0.0,0.0006881588536205936
2018-09-12 02:00:00,0.0,0.0,0.0,0.006150919187201062,0.0,0.0,0.012746284361055883,0.028372818441841426,0.0,0.0,0.0,1.0593956163804668e-06,0.00031235417506906904,0.0020479087229050455,0.0002647198293463146,0.0,0.0,0.009350386259500328,0.0,0.0,0.0,0.0,0.0004898914849197946
2018-09-12 03:00:00,0.0,0.0,0.0,0.005430960937881618,0.0,0.0,0.03256351900533406,0.043826096072025894,0.0,0.0,0.0,9.35394537827353e-07,0.004090936416819485,0.0018058481000738892,0.0001914153549802754,0.0,0.0,0.008255933948070475,0.0,0.0,0.0,0.0,0.0003388892869142208
2018-09-12 04:00:00,0.0,0.0,0.0,0.00434995910700428,0.0,0.0,0.03779007639017842,0.04783626667855288,0.0,0.0,0.0,7.492095846395953e-07,0.07915524144346606,0.0016090817862441371,0.0003072182343419258,0.0,0.0,0.006612637335271105,0.0,0.00014865966658241423,0.0,0.0,0.00018272217379350977
2018-09-12 05:00:00,0.0,0.0,0.0,0.0038916215922615745,0.0,0.0,0.04068454962926497,0.043227674187349074,0.0,0.0,0.0,6.70268415171542e-07,0.09093301733997705,0.0015747761803590755,0.0005834382815304152,0.0,0.0,0.005915890610166775,0.0,0.0011077828900630832,0.0,0.0,0.00011504184964922943
2018-09-12 06:00:00,0.0,0.0,0.0,0.0036214609337350185,0.0,0.0,0.06064059668178439,0.04056371318231507,0.0,0.0,0.0,6.237376433225088e-07,0.07202905395045883,0.0014610130693331112,0.0006271853371984807,0.0,0.0,0.005505202966180062,0.0,0.002960501984407298,0.0,0.0,9.293300464876e-05
2018-09-12 07:00:00,0.0,0.0,0.0,0.0033268599167059175,0.0,0.0,0.09252657312619768,0.03751392338967421,0.0,0.0,0.0,5.729974179150155e-07,0.06048181776660102,0.0013279340461422801,0.0002974478083972235,0.0,0.0,0.005057362047151957,0.0,0.005174992366731777,0.0,0.0,6.940909325302112e-05
2018-09-12 08:00:00,0.0,0.0,0.0,0.0031209504901070157,0.0,0.0,0.12875352463543427,0.033863017472745845,0.0,0.0,0.0,5.375328739547891e-07,0.023461387778904236,0.0012089702323739135,0.0002825521942980459,0.0,0.0,0.0047443466075769705,0.0,0.006558271711608423,0.0,0.0,6.23129098367262e-05
2018-09-12 09:00:00,0.0,0.0,0.0,0.0029902458075043324,0.0,0.0,0.14872386511423602,0.031674382887340126,0.0,0.0,0.0,5.150211218775045e-07,0.031625248152380846,0.001103386315852634,0.00022768678293935712,0.0,0.0,0.0045456544721310145,0.0,0.007519208311961682,0.0,0.0,7.404720394722046e-05
2018-09-12 10:00:00,0.0,0.0,0.0,0.0030324866081726277,0.0,0.0,0.14827040956992024,0.032089266877165824,0.0,0.0,0.0,5.222964115859939e-07,0.02969020755926393,0.0010702273359178538,9.936824900476063e-05,0.0,0.0,0.004609867281654016,0.0,0.009125045861807806,0.0,0.0,0.00012147304452019497
2018-09-12 11:00:00,0.0,0.0,0.0,0.003049971877700659,0.0,0.0,0.14784410457628658,0.0322852049536484,0.0,0.0,0.0,5.253079643841142e-07,0.02858619865602122,0.001064814311484849,8.52419474683424e-05,0.0,0.0,0.004636447703045142,0.0,0.009670158774118512,0.0,0.0,0.00015875924606470931
2018-09-12 12:00:00,0.0,0.0,0.0,0.003052531511316561,0.0,0.0,0.1479285144871943,0.0323559971888501,0.0,0.0,0.0,5.257488195717206e-07,0.02983479054286221,0.001068446607927701,0.00012642344565324848,0.0,0.0,0.004640338757741696,0.0,0.009063196604985996,0.0,0.0,0.0001556939283925213
2018-09-12 13:00:00,0.0,0.0,0.0,0.0031255296090992478,0.0,0.0,0.1518518383480796,0.03310738579279311,0.0,0.0,0.0,5.383215525960805e-07,0.022617561294712096,0.0010915671392553866,8.059625388043489e-05,0.0,0.0,0.004751307604787709,0.0,0.007976532166523904,0.0,0.0,0.00015191577624782052
2018-09-12 14:00:00,0.0,0.0,0.0,0.003254345831220311,0.0,0.0,0.13541941692875,0.0364516843641706,0.0,0.0,0.0,5.60508048123076e-07,0.035200643271023846,0.0011564093094406575,0.0002665586438304557,0.0,0.0,0.004947128976628821,0.0,0.006379359864005896,0.0,0.0,0.00016915500753426403
2018-09-12 15:00:00,0.0,0.0,0.0,0.0036728084657081904,0.0,0.0,0.07600663931553392,0.04121771427265174,0.0,0.0,0.0,6.325814191271925e-07,0.06177260160195581,0.001445536402989537,0.00046965554956034165,0.0,0.0,0.005583259471689066,0.0,0.004306525286385169,0.0,0.0,0.00018787835819125494
2018-09-12 16:00:00,0.0,0.0,0.0,0.0036212331544209163,0.0,0.0,0.05920182537119876,0.04062595603149434,0.0,0.0,0.0,6.236984120467404e-07,0.1037766113548883,0.001521459003453786,0.0006061051136729818,0.0,0.0,0.005504856704994708,0.0,0.0017790892964397447,0.0,0.0,0.00035844810493824053
2018-09-12 17:00:00,0.0,0.0,0.0,0.0034064784436558396,0.0,0.0,0.07031068263695425,0.038277613610853606,0.0,0.0,0.0,5.867104120003433e-07,0.10051108965887412,0.0014224177979292522,0.0006184921112558593,0.0,0.0,0.005178395011126398,0.0,0.00032924253697938727,0.0,0.0,0.0005747122292511758
2018-09-12 18:00:00,0.0,0.0,0.0,0.0033276035858808813,0.0,0.0,0.06913663226678389,0.037415137214004766,0.0,0.0,0.0,5.731255028142016e-07,0.10046506759556835,0.0013897812063652264,0.0006235060358415064,0.0,0.0,0.005058492543883188,0.0,1.6388986857706254e-05,0.0,0.0,0.0007804505569721302
2018-09-12 19:00:00,0.0,0.0,0.0,0.003952581641526153,0.0,0.0,0.04884261537484435,0.043893773269491135,0.0,0.0,0.0,6.736517508464834e-07,0.08513546970815224,0.0015893340803369701,0.0005536156092329261,0.0,0.0,0.005945752443571689,0.0,0.0,0.0,0.0,0.0013736252855520664
2018-09-12 20:00:00,0.0,0.0,0.0,0.004487021801041524,0.0,0.0,0.03408957750510826,0.043179613472025764,0.0,0.0,0.0,7.620828394793973e-07,0.05464556472607771,0.0016524764751605558,0.0004695426828243729,0.0,0.0,0.0067262586334037025,0.0,0.0,0.0,0.0,0.0016634061125393857
2018-09-12 21:00:00,0.0,0.0,0.0,0.004935031200637039,0.0,0.0,0.03719821655492951,0.039340650368889,0.0,0.0,0.0,8.381734604962064e-07,0.059665086191385316,0.0017478292799008085,0.00032440924198858407,0.0,0.0,0.007397845985882325,0.0,0.0,0.0,0.0,0.001235510728481211
2018-09-12 22:00:00,0.0,0.0,0.0,0.005792170800682304,0.0,0.0,0.04423626923316224,0.049933005809048484,0.0,0.0,0.0,9.976070516969368e-07,2.9413633135717314e-05,0.0019558347200809385,0.00029297925866822677,0.0,0.0,0.00880503102366779,0.0,0.0,0.0,0.0,0.0008143643717733883
2018-09-12 23:00:00,0.0,0.0,0.0,0.0060113645317110866,0.0,0.0,0.03381768300417017,0.05190867615212857,0.0,0.0,0.0,1.0353596006611902e-06,0.0,0.002052950516439958,0.0002956728439152131,0.0,0.0,0.009138240742150984,0.0,0.0,0.0,0.0,0.0005661994793883814
2018-09-13 00:00:00,0.0,0.0,0.0,0.006204616509708974,0.0,0.0,0.0308742653374509,0.04334153732797079,0.0,0.0,0.0,1.0686441053208877e-06,0.0,0.002129896108288433,0.00031663623541889805,0.0,0.0,0.009432014824478826,0.0,0.0,0.0,0.0,0.0003466908683304367
2018-09-13 01:00:00,0.0,0.0,0.0,0.006482053493882307,0.0,0.0,0.029349338300948657,0.033008598200846284,0.0,0.0,0.0,1.1164281057133218e-06,0.0,0.0022035189953897626,0.00020247658828838954,0.0,0.0,0.009853763653513922,0.0,0.0,0.0,0.0,0.00037336254466988886
2018-09-13 02:00:00,0.0,0.0,0.0,0.006449243381435521,0.0,0.0,0.02679880234362518,0.029979712130420152,0.0,0.0,0.0,1.1107770984018612e-06,0.0,0.0021571665043415094,0.0001907037595836559,0.0,0.0,0.009803887006583904,0.0,0.0,0.0,0.0,0.00045271925543270865
2018-09-13 03:00:00,0.0,0.0,0.0,0.005681997487236267,0.0,0.0,0.04747964918028851,0.03592916633629967,0.0,0.0,0.0,9.786314934503406e-07,0.0031931930138160455,0.001927638585979956,0.00018273216769252765,0.0,0.0,0.008637549870874723,0.0,0.0,0.0,0.0,0.0005364560165661089
2018-09-13 04:00:00,0.0,0.0,0.0,0.004167308481220886,0.0,0.0,0.07342629763733678,0.04387406732856459,0.0,0.0,0.0,7.177509901767199e-07,0.06333172021480456,0.0015539807330377726,0.0006498280839134817,0.0,0.0,0.006334979013053522,0.0,7.711516877520846e-05,0.0,0.0,0.0004871773594209349
2018-09-13 05:00:00,0.0,0.0,0.0,0.0034457452236561176,0.0,0.0,0.0824921914923905,0.03860786624439132,0.0,0.0,0.0,5.934734751028843e-07,0.08397913290946114,0.0014231508186690039,0.0006948419282272075,0.0,0.0,0.005238086830998365,0.0,0.0007528526927758987,0.0,0.0,0.00025428133946320654
2018-09-13 06:00:00,0.0,0.0,0.0,0.003293070761171011,0.0,0.0,0.09508800612728914,0.03702685467326307,0.0,0.0,0.0,5.671777863826482e-07,0.07478982315007335,0.00136240801050582,0.0006127340458154977,0.0,0.0,0.005005997097293547,0.0,0.0020619890109437287,0.0,0.0,0.00014105204675807963
2018-09-13 07:00:00,0.0,0.0,0.0,0.0032572601182277146,0.0,0.0,0.08005343308643575,0.03671745376564717,0.0,0.0,0.0,5.610099865791922e-07,0.0792365327380615,0.0013430140269031004,0.0005383628655396621,0.0,0.0,0.004951559161510289,0.0,0.0037451815093750298,0.0,0.0,9.311881991944698e-05
2018-09-13 08:00:00,0.0,0.0,0.0,0.0032217084243234438,0.0,0.0,0.08213061081449251,0.0363858727806912,0.0,0.0,0.0,5.548867865287906e-07,0.07801722259978962,0.0012863959003070866,0.00034921093578260096,0.0,0.0,0.004897514869906497,0.0,0.0050592579129721624,0.0,0.0,9.040689314327401e-05
2018-09-13 09:00:00,0.0,0.0,0.0,0.0031855883380585096,0.0,0.0,0.08523131750903146,0.036091928713063465,0.0,0.0,0.0,5.486656901547756e-07,0.07334094896628109,0.0011924245574320075,0.0004209839135022001,0.0,0.0,0.004842606530514495,0.0,0.006179025645527245,0.0,0.0,7.673824779593612e-05
2018-09-13 10:00:00,0.0,0.0,0.0,0.003199446167947798,0.0,0.0,0.08310108950177825,0.036065746204886784,0.0,0.0,0.0,5.510524755750437e-07,0.05774302147013595,0.001166754147419339,0.0002818047974041902,0.0,0.0,0.004863672660346427,0.0,0.007718851960932469,0.0,0.0,7.514983789850982e-05
2018-09-13 11:00:00,0.0,0.0,0.0,0.003179385145568976,0.0,0.0,0.08233219113040177,0.03588511831675934,0.0,0.0,0.0,5.475972913137291e-07,0.054173400299070744,0.0011552071688224817,0.00028655368021070785,0.0,0.0,0.004833176680429672,0.0,0.00802289312881833,0.0,0.0,8.326186625039555e-05
2018-09-13 12:00:00,0.0,0.0,0.0,0.003234506384840382,0.0,0.0,0.09160395371341623,0.036460962382300156,0.0,0.0,0.0,5.570910267175523e-07,0.040439273160035226,0.0011816194328353802,0.00037252419368104825,0.0,0.0,0.004916969827860782,0.0,0.0073495619623386525,0.0,0.0,0.00010434863037891492
2018-09-13 13:00:00,0.0,0.0,0.0,0.003283147400951498,0.0,0.0,0.0982494397069325,0.037009268073386864,0.0,0.0,0.0,5.654686492608029e-07,0.035589981362855724,0.0012084709992866364,0.0003538002012114026,0.0,0.0,0.004990911994039764,0.0,0.006192860623486531,0.0,0.0,0.00011059672861329399
2018-09-13 14:00:00,0.0,0.0,0.0,0.0033349034200111003,0.0,0.0,0.10111252999751694,0.03761655745467507,0.0,0.0,0.0,5.743827803108642e-07,0.03608892923670978,0.001239988217277186,0.00032302673064037694,0.0,0.0,0.005069589465606671,0.0,0.004683323391702248,0.0,0.0,0.00010433628380247237
2018-09-13 15:00:00,0.0,0.0,0.0,0.0032528044428702103,0.0,0.0,0.08331073121016995,0.03662066633226244,0.0,0.0,0.0,5.602425690927817e-07,0.08591166105977399,0.001299152679565888,0.0005694195417026905,0.0,0.0,0.004944785818474618,0.0,0.0027064423418666807,0.0,0.0,0.00010079315402833175
2018-09-13 16:00:00,0.0,0.0,0.0,0.003247267788402954,0.0,0.0,0.08220560197822953,0.03669777845284773,0.0,0.0,0.0,5.592889705665273e-07,0.09012432958680353,0.0013760396930466514,0.0006246883833528044,0.0,0.0,0.004936369213365911,0.0,0.0011006050535448313,0.0,0.0,0.00012471785490792615
2018-09-13 17:00:00,0.0,0.0,0.0,0.003165411565046881,0.0,0.0,0.0966042242562953,0.03569341959716011,0.0,0.0,0.0,5.451905697328229e-07,0.08178705841722024,0.001361090570820226,0.0005402198845547851,0.0,0.0,0.004811934591022662,0.0,0.00018206284540220222,0.0,0.0,0.0001351073145858127
2018-09-13 18:00:00,0.0,0.0,0.0,0.0032704707241394486,0.0,0.0,0.1016800819612853,0.036936592648511526,0.0,0.0,0.0,5.632852982141981e-07,0.08496103308673772,0.0014040151991621737,0.0005441553426718686,0.0,0.0,0.004971641406819865,0.0,1.2167609765998926e-05,0.0,0.0,0.00018667153784489608
2018-09-13 19:00:00,0.0,0.0,0.0,0.0037387514422901153,0.0,0.0,0.058370513816776964,0.04211830269891864,0.0,0.0,0.0,6.439390224700127e-07,0.11167575618722081,0.001502517685787244,0.0006149971804878198,0.0,0.0,0.005683503400015292,0.0,0.0,0.0,0.0,0.00021535584236481495
2018-09-13 20:00:00,0.0,0.0,0.0,0.004671376584071247,0.0,0.0,0.03732526532666323,0.052340457761308724,0.0,0.0,0.0,8.045685083824645e-07,0.02682172948711476,0.0017294432397369516,0.0004070327502752273,0.0,0.0,0.007101243585761905,0.0,0.0,0.0,0.0,0.00022879901964650287
2018-09-13 21:00:00,0.0,0.0,0.0,0.0049746324308709115,0.0,0.0,0.03945749943671008,0.055773890003586624,0.0,0.0,0.0,8.567993872094553e-07,0.010685839911041885,0.0018067537514568092,0.0002400871554543304,0.0,0.0,0.0075622412377760965,0.0,0.0,0.0,0.0,0.0001936789113505862
2018-09-13 22:00:00,0.0,0.0,0.0,0.00532821886584389,0.0,0.0,0.0385008154766727,0.05789752798186489,0.0,0.0,0.0,8.925564545020365e-07,0.0,0.001805052959160357,0.00031184570737496117,0.0,0.0,0.007877838532613783,0.0,0.0,0.0,0.0,0.00017457814311068337
2018-09-13 23:00:00,0.0,0.0,0.0,0.0055523057978971125,0.0,0.0,0.027666567138271942,0.03783825686912266,0.0,0.0,0.0,9.300943715076258e-07,0.0,0.0018749112286000841,0.0003702024233507584,0.0,0.0,0.00820915387690276,0.0,0.0,0.0,0.0,0.00021780616212075535
2018-09-14 00:00:00,0.0,0.0,0.0,0.005717224943098412,0.0,0.0,0.02288940782749024,0.03203732194275372,0.0,0.0,0.0,9.577207981290976e-07,0.0,0.0019101472215982966,0.00034112505129867853,0.0,0.0,0.008452988904994598,0.0,0.0,0.0,0.0,0.0004185279177410261
2018-09-14 01:00:00,0.0,0.0,0.0,0.0058514711749834344,0.0,0.0,0.023266669112341865,0.030936264773071376,0.0,0.0,0.0,9.802090524179118e-07,0.0,0.0019161088127091185,0.00020135504368447865,0.0,0.0,0.00865147364539847,0.0,0.0,0.0,0.0,0.0009759700759524736
2018-09-14 02:00:00,0.0,0.0,0.0,0.005650155605751445,0.0,0.0,0.025084079463552914,0.025014542195868468,0.0,0.0,0.0,9.464856797048231e-07,0.0,0.0018310403626043482,0.0001626211373879294,0.0,0.0,0.008353826047121806,0.0,0.0,0.0,0.0,0.0014432729281051845
2018-09-14 03:00:00,0.0,0.0,0.0,0.005135722785467271,0.0,0.0,0.036168873356140815,0.03228229365842887,0.0,0.0,0.0,8.603104782513438e-07,0.0,0.0016756815459124266,0.00015962657337059997,0.0,0.0,0.007593230659410761,0.0,0.0,0.0,0.0,0.0014185096029311532
2018-09-14 04:00:00,0.0,0.0,0.0,0.004346938874719575,0.0,0.0,0.058215619260020675,0.04305895523243428,0.0,0.0,0.0,7.281773605113113e-07,0.01893628848021257,0.0015650487282667085,0.0002876441249205095,0.0,0.0,0.006427003737722584,0.0,6.816103310651516e-05,0.0,0.0,0.0014089390707477164
2018-09-14 05:00:00,0.0,0.0,0.0,0.0034126400278493433,0.0,0.0,0.08172355844606793,0.03776608412903365,0.0,0.0,0.0,5.796081494279349e-07,0.0910915283473566,0.00142759171683795,0.0004153198067916395,0.0,0.0,0.00511570936532837,0.0,0.0005338972324319492,0.0,0.0,0.0012958178900613054
2018-09-14 06:00:00,0.0,0.0,0.0,0.0030941402026998916,0.0,0.0,0.08838706369398296,0.0343069097172342,0.0,0.0,0.0,5.255136382162343e-07,0.09113255431790254,0.0013475987628806156,0.0004149012019820028,0.0,0.0,0.004638263011456901,0.0,0.001244821928600188,0.0,0.0,0.0011837602284319102
2018-09-14 07:00:00,0.0,0.0,0.0,0.0030305257026931836,0.0,0.0,0.09564874847260986,0.033569486057597984,0.0,0.0,0.0,5.147092514878433e-07,0.10005394091607911,0.0013345942515200885,0.0003643070648510065,0.0,0.0,0.0045429018568085185,0.0,0.002165052942188588,0.0,0.0,0.001136218907922465
2018-09-14 08:00:00,0.0,0.0,0.0,0.002990998407783101,0.0,0.0,0.10660609993170267,0.03290998535558391,0.0,0.0,0.0,5.07995873555286e-07,0.0995777053369523,0.00129482665032157,0.00028310089610130763,0.0,0.0,0.004483648565776519,0.0,0.0028631678347971253,0.0,0.0,0.0010214446996544115
2018-09-14 09:00:00,0.0,0.0,0.0,0.0029906653932077654,0.0,0.0,0.11709272957130364,0.03204092272651944,0.0,0.0,0.0,5.079393138360753e-07,0.07727208380404046,0.0012394714126463082,0.0002788850911051201,0.0,0.0,0.004483149361123251,0.0,0.0035166802078833437,0.0,0.0,0.0008159325388023212
2018-09-14 10:00:00,0.0,0.0,0.0,0.0029942714874330685,0.0,0.0,0.1441128134499683,0.032819204352462286,0.0,0.0,0.0,5.085517785506464e-07,0.0266697452649633,0.0012137686924977222,0.0002272206372548502,0.0,0.0,0.0044885550675118815,0.0,0.004309926986058948,0.0,0.0,0.0007748182100243483
2018-09-14 11:00:00,0.0,0.0,0.0,0.0029846267198090424,0.0,0.0,0.14289022844152052,0.032250068372292745,0.0,0.0,0.0,5.069136960489455e-07,0.03212380159790299,0.0011917711992068607,0.00015510203089613288,0.0,0.0,0.004474097103103681,0.0,0.0044437637864985806,0.0,0.0,0.0008215354121057975
2018-09-14 12:00:00,0.0,0.0,0.0,0.0029732923730295606,0.0,0.0,0.1428745341638761,0.027752282426855783,0.0,0.0,0.0,5.049886527662614e-07,0.03171395215727013,0.0011974605993139273,0.00014658927457547493,0.0,0.0,0.00445710637935418,0.0,0.0038724591825520854,0.0,0.0,0.0009035557024762827
2018-09-14 13:00:00,0.0,0.0,0.0,0.0030517750509144515,0.0,0.0,0.14576611501913178,0.02429556698499701,0.0,0.0,0.0,5.183182742088364e-07,0.024645081745242756,0.0012250186833199848,0.00012714432215322,0.0,0.0,0.004574755638284313,0.0,0.003151990211878637,0.0,0.0,0.0010102994850395054
2018-09-14 14:00:00,0.0,0.0,0.0,0.0031772106970848124,0.0,0.0,0.14848745187012746,0.026975969594667523,0.0,0.0,0.0,5.396224616284859e-07,0.01568758382785847,0.001282584851561043,0.0001538204629329556,0.0,0.0,0.004762789625057929,0.0,0.002512773278639683,0.0,0.0,0.0009227268003866629
2018-09-14 15:00:00,0.0,0.0,0.0,0.0033037183051540767,0.0,0.0,0.1175405280245272,0.03574461158284204,0.0,0.0,0.0,5.611087127429318e-07,0.0,0.0014533936388210426,0.0002476948972867439,0.0,0.0,0.004952430533593213,0.0,0.0017215282431640622,0.0,0.0,0.0012080051221829205
2018-09-14 16:00:00,0.0,0.0,0.0,0.003515109378663378,0.0,0.0,0.049560724094627334,0.037758861942422554,0.0,0.0,0.0,5.970117051249105e-07,0.027682713650272174,0.0015729797400775016,0.0003512877144699173,0.0,0.0,0.005269315785384583,0.0,0.0009039579499605206,0.0,0.0,0.0015236129178187643
2018-09-14 17:00:00,0.0,0.0,0.0,0.0034677002335619096,0.0,0.0,0.034127600978997974,0.03735973164118493,0.0,0.0,0.0,5.889596613599725e-07,0.05322371353978749,0.00157886472065231,0.00040723452362240485,0.0,0.0,0.005198247226843811,0.0,0.0001669335203631796,0.0,0.0,0.0013677721472607097
2018-09-14 18:00:00,0.0,0.0,0.0,0.0036277761243445465,0.0,0.0,0.03561004346681951,0.03916114307139179,0.0,0.0,0.0,6.161472024036797e-07,0.053252358037491836,0.0016240925239763536,0.00037946610518431277,0.0,0.0,0.005438208584314055,0.0,1.3943273328732374e-06,0.0,0.0,0.0014100816555854558
2018-09-14 19:00:00,0.0,0.0,0.0,0.00419706422182596,0.0,0.0,0.04070246163621723,0.0442824112436779,0.0,0.0,0.0,7.054871635851463e-07,0.006129277406774745,0.0017614000461506445,0.0002684415308461255,0.0,0.0,0.006226736620997443,0.0,0.0,0.0,0.0,0.0012567997644605117
2018-09-14 20:00:00,0.0,0.0,0.0,0.004372579796534049,0.0,0.0,0.037737821984279975,0.028778909687934517,0.0,0.0,0.0,7.32472598909193e-07,0.005413486957441042,0.0017111935170939624,0.00025850078080603864,0.0,0.0,0.006464914162757237,0.0,0.0,0.0,0.0,0.001340428792768889
2018-09-14 21:00:00,0.0,0.0,0.0,0.004711904179824877,0.0,0.0,0.02574148268692533,0.022451477603624637,0.0,0.0,0.0,7.89314514772982e-07,0.0005662925518914547,0.0017933456856075872,0.000310452745679791,0.0,0.0,0.006966609526451819,0.0,0.0,0.0,0.0,0.0015511844942233206
2018-09-14 22:00:00,0.0,0.0,0.0,0.005114930248412048,0.0,0.0,0.0023806696942256815,0.016236020430287365,0.0,0.0,0.0,8.568274169091983e-07,0.00028631241020934755,0.0018909458893465224,0.00048668814415496795,0.0,0.0,0.0075624886321538735,0.0,0.0,0.0,0.0,0.0015732036554012721
2018-09-14 23:00:00,0.0,0.0,0.0,0.0049892729245600165,0.0,0.0,0.0,0.0,0.0,0.0,0.0,8.415419190890791e-07,0.0,0.0018282798338768822,0.0002550684793775988,0.0,0.0,0.007427576511906308,0.0,0.0,0.0,0.0,0.0015465866674893942
2018-09-15 00:00:00,0.0,0.0,0.0,0.004725522886362027,0.0,0.0,0.0,0.0,0.0,0.0,0.0,8.025902389036163e-07,0.0,0.0017489516178560067,0.00023969423692417742,0.0,0.0,0.007083783079538735,0.0,0.0,0.0,0.0,0.0012843793969094432
2018-09-15 01:00:00,0.0,0.0,0.0,0.004682300093093785,0.0,0.0,0.0,0.0,0.0,0.0,0.0,8.064499048407448e-07,0.0,0.0017401387271793994,0.00019497633091039387,0.0,0.0,0.0071178490760246274,0.0,0.0,0.0,0.0,0.001409041910343314
2018-09-15 02:00:00,0.0,0.0,0.0,0.004598209620872562,0.0,0.0,0.0,0.0,0.0,0.0,0.0,7.919666910414323e-07,0.0,0.0016886038632503509,0.00019603117309790848,0.0,0.0,0.006990018036129271,0.0,0.0,0.0,0.0,0.0016418630452422441
2018-09-15 03:00:00,0.0,0.0,0.0,0.004416676010649135,0.0,0.0,0.0,0.0,0.0,0.0,0.0,7.633884718868945e-07,0.0,0.001610637496902544,0.00016779573900397248,0.0,0.0,0.0067377823428982995,0.0,0.0,0.0,0.0,0.0020210156542344675
2018-09-15 04:00:00,0.0,0.0,0.0,0.004318455429080355,0.0,0.0,0.0,0.0,0.0,0.0,0.0,7.54409069238087e-07,0.0,0.0016028922167125796,0.00017292445915838365,0.0,0.0,0.006658528774309079,0.0,0.00013960328571877156,0.0,0.0,0.0021754358091607036
2018-09-15 05:00:00,0.0,0.0,0.0,0.004176923703224341,0.0,0.0,0.00043721865786053136,0.0,0.0,0.0,0.0,7.245092332098402e-07,0.0,0.0017020876371758242,0.00046098161919544417,0.0,0.0,0.0063946282902623075,0.0,0.0009441934445377473,0.0,0.0,0.0017943611578472938
2018-09-15 06:00:00,0.0,0.0,0.0,0.004099832247030621,0.0,0.0,0.021679207351187335,0.0,0.0,0.0,0.0,7.061293081914039e-07,0.012658345519926497,0.0017644133381117622,0.0006057896662600647,0.0,0.0,0.0062324042866080285,0.0,0.002396569167509627,0.0,0.0,0.0010620647065611485
2018-09-15 07:00:00,0.0,0.0,0.0,0.0037036903522881656,0.0,0.0,0.05563943851571451,0.0,0.0,0.0,0.0,6.470131826764784e-07,0.015865419810854185,0.001617991059077288,0.0005446677925080107,0.0,0.0,0.0057106364038805035,0.0,0.004054537466535778,0.0,0.0,0.0006857220443738331
2018-09-15 08:00:00,0.0,0.0,0.0,0.0036524465306273356,0.0,0.0,0.08029896211173718,0.0,0.0,0.0,0.0,6.290744075555615e-07,0.0,0.0015609523739730277,0.00032853199646659177,0.0,0.0,0.005552306056077131,0.0,0.005153332138362512,0.0,0.0,0.00055656153088034
2018-09-15 09:00:00,0.0,0.0,0.0,0.0034699789222280837,0.0,0.0,0.10698120817816333,0.0,0.0,0.0,0.0,5.97647334855301e-07,0.0,0.0013885372710229808,0.0002313152682764801,0.0,0.0,0.005274925949713448,0.0,0.005726510939834019,0.0,0.0,0.0005220186442759237
2018-09-15 10:00:00,0.0,0.0,0.0,0.0034100754675959258,0.0,0.0,0.10661855005439241,0.0,0.0,0.0,0.0,5.873299407696485e-07,0.0,0.0013205613309861498,0.000265567372099648,0.0,0.0,0.005183863065932657,0.0,0.0065405422955212185,0.0,0.0,0.0005089362996680762
2018-09-15 11:00:00,0.0,0.0,0.0,0.003394154284832606,0.0,0.0,0.11706430687465018,0.0,0.0,0.0,0.0,5.845877764339263e-07,0.0,0.0012726262362726295,0.0001778745070133087,0.0,0.0,0.005159660307935948,0.0,0.006957960404835724,0.0,0.0,0.0005377187755470989
2018-09-15 12:00:00,0.0,0.0,0.0,0.003391443094298731,0.0,0.0,0.11821216715515785,0.0,0.0,0.0,0.0,5.903569833535489e-07,0.0,0.0012745248021656407,0.00019174934425449382,0.0,0.0,0.005210580202520522,0.0,0.0067521477329981735,0.0,0.0,0.0006707101461201649
2018-09-15 13:00:00,0.0,0.0,0.0,0.0034703598383521183,0.0,0.0,0.10355190142840925,0.0,0.0,0.0,0.0,6.062516977580561e-07,0.0,0.0013104189931855195,0.00013404918960200737,0.0,0.0,0.005350869360667474,0.0,0.0060897035595586626,0.0,0.0,0.000922617027333083
2018-09-15 14:00:00,0.0,0.0,0.0,0.0037560944910525773,0.0,0.0,0.10269822827234432,0.0,0.0,0.0,0.0,6.561678812020812e-07,0.0,0.0014130723553303632,0.0002475303109807018,0.0,0.0,0.005791437160444067,0.0,0.005310653232818666,0.0,0.0,0.000868904603678283
2018-09-15 15:00:00,0.0,0.0,0.0,0.004236794757217998,0.0,0.0,0.05133722462181987,0.0,0.0,0.0,0.0,7.401434243878038e-07,0.0113477137619851,0.001653868175589527,0.00043492718002299715,0.0,0.0,0.00653261803093,0.0,0.0038392776438415173,0.0,0.0,0.0008043089130719707
2018-09-15 16:00:00,0.0,0.0,0.0,0.004595221157610579,0.0,0.0,0.0070243738040373024,0.0,0.0,0.0,0.0,8.027584337473212e-07,0.04669830569963786,0.001983698923747159,0.0006096478930360758,0.0,0.0,0.007085267592718872,0.0,0.0019036159499353736,0.0,0.0,0.0005407759799471077
2018-09-15 17:00:00,0.0,0.0,0.0,0.004276584277775044,0.0,0.0,0.005992522525871666,0.0,0.0,0.0,0.0,7.470944224151851e-07,0.09513664359804783,0.0018386883576769113,0.0005419753551734921,0.0,0.0,0.006593968592929776,0.0,0.0003438952009199895,0.0,0.0,0.0003669636821311926
2018-09-15 18:00:00,0.0,0.0,0.0,0.004155325636707386,0.0,0.0,0.005778945515538836,0.0,0.0,0.0,0.0,7.182160702641783e-07,0.15682251441908027,0.0017555184982229349,0.0005927747808579912,0.0,0.0,0.0063390838803874024,0.0,2.770409498656739e-06,0.0,0.0,0.00021986301846758734
2018-09-15 19:00:00,0.0,0.0,0.0,0.005124556117045009,0.0,0.0,0.009531935234081922,0.0,0.0,0.0,0.0,8.826212995270373e-07,0.0826328741563278,0.002118903336062747,0.00046763978821248644,0.0,0.0,0.007790149349151203,0.0,0.0,0.0,0.0,0.00022466663532358128
2018-09-15 20:00:00,0.0,0.0,0.0,0.0054810770498016845,0.0,0.0,0.011441279784215096,0.0,0.0,0.0,0.0,9.440262215907533e-07,0.04335585111863102,0.002142150540733969,0.00039574477131504613,0.0,0.0,0.008332118497080977,0.0,0.0,0.0,0.0,0.0002660765367110112
2018-09-15 21:00:00,0.0,0.0,0.0,0.005739911085036788,0.0,0.0,0.01178270960491675,0.0,0.0,0.0,0.0,9.886061671164094e-07,0.031062317696114394,0.002069077104121061,0.0007391542166998084,0.0,0.0,0.008725587852293663,0.0,0.0,0.0,0.0,0.000374609692600736
2018-09-15 22:00:00,0.0,0.0,0.0,0.006096159091989978,0.0,0.0,0.002975542303172564,0.0,0.0,0.0,0.0,1.0426216759881776e-06,0.0036889021832100005,0.00210400999532254,0.00044512043929849067,0.0,0.0,0.00920233691954024,0.0,0.0,0.0,0.0,0.00039055777913116777
2018-09-15 23:00:00,0.0,0.0,0.0,0.005767426954557099,0.0,0.0,0.0,0.0,0.0,0.0,0.0,9.727933550502407e-07,0.0,0.0019467966264617676,0.00034827449398513587,0.0,0.0,0.008586021576597025,0.0,0.0,0.0,0.0,0.00045084718961469405
2018-09-16 00:00:00,0.0,0.0,0.0,0.005498066704097324,0.0,0.0,0.0,0.0,0.0,0.0,0.0,9.210085110209855e-07,0.0,0.001834286871037064,0.00021677228239684896,0.0,0.0,0.008128960695303347,0.0,0.0,0.0,0.0,0.0004739450361626086
2018-09-16 01:00:00,0.0,0.0,0.0,0.005510965868599232,0.0,0.0,0.0,0.0,0.0,0.0,0.0,9.231693142506849e-07,0.0,0.0018185533936532204,0.00028524148530183674,0.0,0.0,0.008148032272074165,0.0,0.0,0.0,0.0,0.00040343728265489676
2018-09-16 02:00:00,0.0,0.0,0.0,0.005592843883301649,0.0,0.0,0.0,0.0,0.0,0.0,0.0,9.336875478089215e-07,0.0,0.0018130096132006614,0.0003022872429624622,0.0,0.0,0.00824086779547681,0.0,0.0,0.0,0.0,0.0003489527211798264
2018-09-16 03:00:00,0.0,0.0,0.0,0.005369937314670581,0.0,0.0,0.0,0.0,0.0,0.0,0.0,8.995449194486953e-07,0.0,0.0017455409152751006,0.00031746315752136523,0.0,0.0,0.00793951978332114,0.0,0.0,0.0,0.0,0.0003517824706475708
2018-09-16 04:00:00,0.0,0.0,0.0,0.0052321281528034365,0.0,0.0,0.0,0.0,0.0,0.0,0.0,8.7645982103006e-07,0.0,0.001726083623905283,0.0002961366182129553,0.0,0.0,0.00773576720617691,0.0,8.100423114604046e-05,0.0,0.0,0.00034161718605817706
2018-09-16 05:00:00,0.0,0.0,0.0,0.005023735487378014,0.0,0.0,0.003925254344449587,0.0,0.0,0.0,0.0,8.415509287192174e-07,0.0,0.0017354379162675263,0.0002502294688145353,0.0,0.0,0.0074276560322673,0.0,0.0008614862254895624,0.0,0.0,0.0002991894118349452
2018-09-16 06:00:00,0.0,0.0,0.0,0.004768895875237193,0.0,0.0,0.01664207546758121,0.0,0.0,0.0,0.0,7.988614772522008e-07,0.0,0.001656281709671086,0.00020598992746285642,0.0,0.0,0.007050872464116831,0.0,0.0023420534373939836,0.0,0.0,0.00019606685141164974
2018-09-16 07:00:00,0.0,0.0,0.0,0.004298870892023389,0.0,0.0,0.035001237966644796,0.0,0.0,0.0,0.0,7.201252535520041e-07,0.0,0.0015056040867267105,0.00017853113042998,0.0,0.0,0.006355934621418733,0.0,0.004140290509878216,0.0,0.0,0.00013992382318049013
2018-09-16 08:00:00,0.0,0.0,0.0,0.0039052759099998846,0.0,0.0,0.04989911839883909,0.0,0.0,0.0,0.0,6.541921996535037e-07,0.0,0.0013650849808679567,0.00012779784862615383,0.0,0.0,0.005773999495685662,0.0,0.0053259536772276295,0.0,0.0,0.00011378186346787797
2018-09-16 09:00:00,0.0,0.0,0.0,0.003744761470137813,0.0,0.0,0.08545948923510155,0.0,0.0,0.0,0.0,6.273036271404486e-07,0.0,0.0012556052581630052,0.0001170494464594068,0.0,0.0,0.00553667687977505,0.0,0.006351625959593087,0.0,0.0,0.00013412255839640797
2018-09-16 10:00:00,0.0,0.0,0.0,0.003669973292270729,0.0,0.0,0.09123453442005625,0.0,0.0,0.0,0.0,6.147754873330499e-07,0.0,0.001195142304037789,6.90521614708134e-05,0.0,0.0,0.005426101619219949,0.0,0.007595256908109616,0.0,0.0,0.00016874391669071607
2018-09-16 11:00:00,0.0,0.0,0.0,0.0035872434148481536,0.0,0.0,0.08793133583188303,0.0,0.0,0.0,0.0,6.009169939166036e-07,0.0,0.001143107053993153,6.505975754898328e-05,0.0,0.0,0.00530378445609892,0.0,0.008029581885870031,0.0,0.0,0.00028162367982823564
2018-09-16 12:00:00,0.0,0.0,0.0,0.003598430414154983,0.0,0.0,0.08789483962872814,0.0,0.0,0.0,0.0,6.027909838350413e-07,0.0,0.0011464102251349147,6.32133346895672e-05,0.0,0.0,0.005320324575118543,0.0,0.007718960254897339,0.0,0.0,0.00035173067844468175
2018-09-16 13:00:00,0.0,0.0,0.0,0.003668900801576373,0.0,0.0,0.08898253276871392,0.0,0.0,0.0,0.0,6.145958290803124e-07,0.0,0.0011680073365346818,8.34973638390481e-05,0.0,0.0,0.005424515928254434,0.0,0.006902780980692368,0.0,0.0,0.0004577132398277508
2018-09-16 14:00:00,0.0,0.0,0.0,0.003843285635951415,0.0,0.0,0.07163299013545839,0.0,0.0,0.0,0.0,6.438079003948904e-07,0.0,0.0012310690681395728,0.000156411838284096,0.0,0.0,0.00568234609670897,0.0,0.005782394695169832,0.0,0.0,0.000513511044865782
2018-09-16 15:00:00,0.0,0.0,0.0,0.004455346187768113,0.0,0.0,0.024499401985224,0.0,0.0,0.0,0.0,7.46337208935888e-07,0.0,0.001558203826990647,0.00032526549416409624,0.0,0.0,0.006587285312007284,0.0,0.004159908401399752,0.0,0.0,0.0005315638604381727
2018-09-16 16:00:00,0.0,0.0,0.0,0.004874088603311724,0.0,0.0,0.0,0.0,0.0,0.0,0.0,8.164828345525694e-07,0.018713004264276595,0.0018378478713406874,0.00046943032141088636,0.0,0.0,0.007206401234131997,0.0,0.0019778179855317823,0.0,0.0,0.0007312050491026967
2018-09-16 17:00:00,0.0,0.0,0.0,0.004659786264772508,0.0,0.0,0.0,0.0,0.0,0.0,0.0,7.80583983492936e-07,0.04712680871263909,0.001749248397169508,0.0005673929440502524,0.0,0.0,0.006889552534279255,0.0,0.00036846417552854655,0.0,0.0,0.0012116169217693423
2018-09-16 18:00:00,0.0,0.0,0.0,0.004581409847674775,0.0,0.0,0.0,0.0,0.0,0.0,0.0,7.674547598775608e-07,0.07602933731761548,0.0017030360215947683,0.0006183609963549273,0.0,0.0,0.006773672016941884,0.0,0.0,0.0,0.0,0.0017297474511140784
2018-09-16 19:00:00,0.0,0.0,0.0,0.005177995360043936,0.0,0.0,0.0,0.0,0.0,0.0,0.0,8.673917675596137e-07,0.022369022458898626,0.0018100380703031734,0.00042985512357624,0.0,0.0,0.007655731192001047,0.0,0.0,0.0,0.0,0.002168158881797979
2018-09-16 20:00:00,0.0,0.0,0.0,0.005535745123622732,0.0,0.0,0.0,0.0,0.0,0.0,0.0,9.273202105569076e-07,0.011538020722454953,0.0017929168248879868,0.0003858313555959406,0.0,0.0,0.008184668711933074,0.0,0.0,0.0,0.0,0.0024722881321261156
2018-09-16 21:00:00,0.0,0.0,0.0,0.005257783582034872,0.0,0.0,0.0,0.0,0.0,0.0,0.0,8.807574896375434e-07,0.0,0.001623289810347941,0.00016998489138736532,0.0,0.0,0.0077736990806098,0.0,0.0,0.0,0.0,0.0024401575876307454
2018-09-16 22:00:00,0.0,0.0,0.0,0.00525659026021539,0.0,0.0,0.0,0.0,0.0,0.0,0.0,8.570760546188201e-07,0.0,0.001502927186979276,0.00010489693655771949,0.0,0.0,0.007564683146259551,0.0,0.0,0.0,0.0,0.002341068741208977
2018-09-16 23:00:00,0.0,0.0,0.0,0.005556982093314327,0.0,0.0,0.0,0.0,0.0,0.0,0.0,9.060543151274871e-07,0.0,0.0015529431964436844,9.323877312796881e-05,0.0,0.0,0.007996972696068295,0.0,0.0,0.0,0.0,0.00241171416032677
2018-09-17 00:00:00,0.0,0.0,0.0,0.00556377155992844,0.0,0.0,7.98355030463234e-05,0.0,0.0,0.0,0.0,9.071613234675954e-07,0.0,0.0015613775204901639,9.679263633522575e-05,0.0,0.0,0.008006743319443031,0.0,0.0,0.0,0.0,0.0020985663580140317
2018-09-17 01:00:00,0.0,0.0,0.0,0.005776159388594009,0.0,0.0,0.006281791141314021,0.01617312543406693,0.0,0.0,0.0,9.481114580527947e-07,0.0,0.0016428895950781758,0.00010624482934422132,0.0,0.0,0.008368175413204523,0.0,0.0,0.0,0.0,0.001578270858925483
2018-09-17 02:00:00,0.0,0.0,0.0,0.005708762340127721,0.0,0.0,0.01213321510306029,0.028852666403798022,0.0,0.0,0.0,9.433801693781669e-07,0.0,0.0016380491886210586,0.00012754836316121272,0.0,0.0,0.008326416342344746,0.0,0.0,0.0,0.0,0.0011950186493753776
2018-09-17 03:00:00,0.0,0.0,0.0,0.00532476821916102,0.0,0.0,0.025222831706752793,0.02919724042572026,0.0,0.0,0.0,8.79924657080613e-07,0.0,0.0015397848154173502,0.0002444961493518474,0.0,0.0,0.0077663483742481925,0.0,0.0,0.0,0.0,0.0008769292461755073
2018-09-17 04:00:00,0.0,0.0,0.0,0.004949877809859824,0.0,0.0,0.03815282274775799,0.03252914047253196,0.0,0.0,0.0,8.179735446058732e-07,0.028490551260866546,0.0015543030041900024,0.00045542042477667526,0.0,0.0,0.007219558466976639,0.0,0.00015473143526509357,0.0,0.0,0.0005308865989360295
2018-09-17 05:00:00,0.0,0.0,0.0,0.004033080644829135,0.0,0.0,0.04125848075039551,0.03846850587506461,0.0,0.0,0.0,6.664716579793009e-07,0.0970270018323139,0.0014784267253516313,0.0005010916108471931,0.0,0.0,0.005882379855796954,0.0,0.0009559312270346488,0.0,0.0,0.00033536175646943256
2018-09-17 06:00:00,0.0,0.0,0.0,0.0037630311293423598,0.0,0.0,0.06735213697682382,0.0382442115723616,0.0,0.0,0.0,6.218456353001529e-07,0.08760277971450664,0.001375222264396718,0.00042078528715241276,0.0,0.0,0.005488503816644647,0.0,0.002372769556653718,0.0,0.0,0.00017809067220165856
2018-09-17 07:00:00,0.0,0.0,0.0,0.003505780348550985,0.0,0.0,0.09366642784183259,0.035581588357328796,0.0,0.0,0.0,5.793346196549994e-07,0.06858674945297785,0.0012641075402839103,0.00036232429276403146,0.0,0.0,0.005113295150099541,0.0,0.0041597217736417886,0.0,0.0,9.28971325722963e-05
2018-09-17 08:00:00,0.0,0.0,0.0,0.0034331445898104166,0.0,0.0,0.11610513790484797,0.03608208479544049,0.0,0.0,0.0,5.673314690067528e-07,0.017697491757394813,0.0011886127437467444,0.0002776670130942613,0.0,0.0,0.005007353523424195,0.0,0.005650465217662968,0.0,0.0,7.120306411263176e-05
2018-09-17 09:00:00,0.0,0.0,0.0,0.00325784373219602,0.0,0.0,0.14854693309807002,0.0340718995412547,0.0,0.0,0.0,5.383627814182084e-07,0.011560972244699796,0.0010576709408371332,0.00021871766338488145,0.0,0.0,0.004751671496619957,0.0,0.006619344098171016,0.0,0.0,7.150662201785936e-05
2018-09-17 10:00:00,0.0,0.0,0.0,0.003213792972015379,0.0,0.0,0.15684753818908848,0.02699047640423187,0.0,0.0,0.0,5.310833377972431e-07,0.0074117183840172445,0.0009565951470834339,0.00019173292335734852,0.0,0.0,0.004687422024035924,0.0,0.008073072929996495,0.0,0.0,8.812703328284048e-05
2018-09-17 11:00:00,0.0,0.0,0.0,0.0032561273401398964,0.0,0.0,0.14759600922829497,0.021711348059295508,0.0,0.0,0.0,5.380791454683907e-07,0.013559138956470183,0.0009588253917510372,0.000260887621373331,0.0,0.0,0.004749168082742394,0.0,0.008658372618946338,0.0,0.0,0.00015664630324406517
2018-09-17 12:00:00,0.0,0.0,0.0,0.0033112716429589866,0.0,0.0,0.12675368481784124,0.023545673183498476,0.0,0.0,0.0,5.471918109875077e-07,0.019048292447922863,0.0009921182854287641,0.00027761243575572084,0.0,0.0,0.004829597849620695,0.0,0.008149899610330856,0.0,0.0,0.0001927203055220249
2018-09-17 13:00:00,0.0,0.0,0.0,0.0033126337911219,0.0,0.0,0.12452090838837894,0.030595805942721026,0.0,0.0,0.0,5.474169076876479e-07,0.027120817261179517,0.0010126297992317389,0.0002567539893237636,0.0,0.0,0.004831584587209095,0.0,0.006930619883052246,0.0,0.0,0.0002476678050668087
2018-09-17 14:00:00,0.0,0.0,0.0,0.0034628405718432594,0.0,0.0,0.13443338154267023,0.03641796437773362,0.0,0.0,0.0,5.722387674527007e-07,0.02515052020943191,0.0010851252522309793,0.0002579206871043854,0.0,0.0,0.005050666083199579,0.0,0.005463362727803627,0.0,0.0,0.0002760363212586683
2018-09-17 15:00:00,0.0,0.0,0.0,0.003547889946202714,0.0,0.0,0.09049419237726697,0.03709314240042836,0.0,0.0,0.0,5.862932837223226e-07,0.08285938283976824,0.001210575177136576,0.00038277545049300837,0.0,0.0,0.005174713373729616,0.0,0.003179812091245599,0.0,0.0,0.0004125411014177848
2018-09-17 16:00:00,0.0,0.0,0.0,0.003501718607151459,0.0,0.0,0.07270016775255918,0.03679076856686549,0.0,0.0,0.0,5.786634117711957e-07,0.10413721745431802,0.001330213556742837,0.0005080888237428246,0.0,0.0,0.0051073709675968516,0.0,0.0012331643432932533,0.0,0.0,0.0004896028471670681
2018-09-17 17:00:00,0.0,0.0,0.0,0.0032657696071918233,0.0,0.0,0.08662968207217193,0.03427813533353904,0.0,0.0,0.0,5.396725422473561e-07,0.09336516784394275,0.0012530924839600733,0.0005473835254260524,0.0,0.0,0.004763231644189695,0.0,0.00020064860212091188,0.0,0.0,0.0007407474571067594
2018-09-17 18:00:00,0.0,0.0,0.0,0.003209370844312359,0.0,0.0,0.07149810242167016,0.033785336757512184,0.0,0.0,0.0,5.303525756227238e-07,0.10089001330247283,0.0012270777919790358,0.0006256552357372304,0.0,0.0,0.0046809722063380415,0.0,0.0,0.0,0.0,0.0012414237376710791
2018-09-17 19:00:00,0.0,0.0,0.0,0.004059648999004897,0.0,0.0,0.049846452260929944,0.042569024663786446,0.0,0.0,0.0,6.70862111981257e-07,0.07300073151725997,0.0014387176595687782,0.0003719347215927449,0.0,0.0,0.005921130668182908,0.0,0.0,0.0,0.0,0.001993250002647307
2018-09-17 20:00:00,0.0,0.0,0.0,0.004535678943755253,0.0,0.0,0.04149998090301366,0.046345911868322175,0.0,0.0,0.0,7.49526660118257e-07,0.008522918224751456,0.0014878820047939205,0.0002212005690605719,0.0,0.0,0.006615435891497939,0.0,0.0,0.0,0.0,0.002298701336990895
2018-09-17 21:00:00,0.0,0.0,0.0,0.004919583962752162,0.0,0.0,0.03447489797014794,0.027127522014396513,0.0,0.0,0.0,8.1296744820304e-07,0.0010706458341323958,0.001530886202938411,0.0002134540863148888,0.0,0.0,0.007175373901461149,0.0,0.0,0.0,0.0,0.0025076921704418366
2018-09-17 22:00:00,0.0,0.0,0.0,0.005048403050688,0.0,0.0,0.019248447551858148,0.021583407544943513,0.0,0.0,0.0,8.231315652576641e-07,0.0,0.0015034322679017133,0.00024313813276733015,0.0,0.0,0.007265083938937251,0.0,0.0,0.0,0.0,0.002404326993475164
2018-09-17 23:00:00,0.0,0.0,0.0,0.004773680778579298,0.0,0.0,0.00017613862866057336,0.020376545818492735,0.0,0.0,0.0,7.783386730140147e-07,0.0,0.0014119560726553995,0.00010289336258882822,0.0,0.0,0.0068697350837199,0.0,0.0,0.0,0.0,0.0026020782568244843
2018-09-18 00:00:00,0.0,0.0,0.0,0.004732269273391141,0.0,0.0,0.0,0.0204038182150749,0.0,0.0,0.0,7.793804178295864e-07,0.0,0.0013658718483617915,0.00010027950849801952,0.0,0.0,0.006878929681336518,0.0,0.0,0.0,0.0,0.00307530311711591
2018-09-18 01:00:00,0.0,0.0,0.0,0.004685920153815345,0.0,0.0,0.0,0.020300186898172656,0.0,0.0,0.0,7.717469561446954e-07,0.0,0.0013329966845889818,7.245477124837404e-05,0.0,0.0,0.006811555591669534,0.0,0.0,0.0,0.0,0.0031659002501170635
2018-09-18 02:00:00,0.0,0.0,0.0,0.004642618461920017,0.0,0.0,0.0,0.019990111287188448,0.0,0.0,0.0,7.569692362287828e-07,0.0,0.0013057632619527155,0.00011640004484208063,0.0,0.0,0.006681125196157241,0.0,0.0,0.0,0.0,0.003016573124612569
2018-09-18 03:00:00,0.0,0.0,0.0,0.0045472745165709635,0.0,0.0,0.0,0.02512533128723934,0.0,0.0,0.0,7.4142360522725e-07,0.0,0.0012865427187203743,0.00014648680016044531,0.0,0.0,0.0065439171010278465,0.0,0.0,0.0,0.0,0.0029120135110842368
2018-09-18 04:00:00,0.0,0.0,0.0,0.004314729288259101,0.0,0.0,0.00701383427536099,0.042111767181873046,0.0,0.0,0.0,7.035075918163443e-07,0.007190680903428493,0.001319450385650304,0.00024542691903496497,0.0,0.0,0.006209264620565781,0.0,0.00012482899365548697,0.0,0.0,0.003088990808311858
2018-09-18 05:00:00,0.0,0.0,0.0,0.0036731127132175957,0.0,0.0,0.023160575058844536,0.037641444453306444,0.0,0.0,0.0,5.988933503608803e-07,0.05900675901198278,0.0012539060110648747,0.0003812129791545823,0.0,0.0,0.005285923471396894,0.0,0.0008829663090808492,0.0,0.0,0.0025894951975445474
2018-09-18 06:00:00,0.0,0.0,0.0,0.0035565300223131236,0.0,0.0,0.052863159094795456,0.037928689064009445,0.0,0.0,0.0,5.798847862896993e-07,0.05405067978549275,0.0012079152887227906,0.00036774862293956234,0.0,0.0,0.005118151004194074,0.0,0.0023846563137417155,0.0,0.0,0.00200352416752205
2018-09-18 07:00:00,0.0,0.0,0.0,0.0035121716024645202,0.0,0.0,0.08483290195927547,0.038046199489479564,0.0,0.0,0.0,5.803907824167785e-07,0.011921603721526985,0.0011913836609589988,0.00026637608068557484,0.0,0.0,0.005122617002694397,0.0,0.0046119246535346855,0.0,0.0,0.0016741925697921682
2018-09-18 08:00:00,0.0,0.0,0.0,0.0031830552467420233,0.0,0.0,0.11982952906316514,0.03401045981111178,0.0,0.0,0.0,5.189905047686944e-07,0.005886174268250694,0.0010530899819139268,0.0002073185814273905,0.0,0.0,0.004580688847080842,0.0,0.0056465018927262965,0.0,0.0,0.0017796664069483494
2018-09-18 09:00:00,0.0,0.0,0.0,0.0029641111453101703,0.0,0.0,0.14300654063346693,0.02844773453106672,0.0,0.0,0.0,4.832921266665392e-07,0.0010829600640133168,0.000905967841951511,0.00012126969427626856,0.0,0.0,0.004265609551932086,0.0,0.0063466210028062,0.0,0.0,0.0024490511971036223
2018-09-18 10:00:00,0.0,0.0,0.0,0.0028681919420321966,0.0,0.0,0.1353097354684835,0.026866431978669655,0.0,0.0,0.0,4.676527010620984e-07,0.0,0.0008091315954125653,0.00010915138964208708,0.0,0.0,0.004127573611423038,0.0,0.0073518515983383124,0.0,0.0,0.0029012117429654855
2018-09-18 11:00:00,0.0,0.0,0.0,0.002870865024809541,0.0,0.0,0.13377041621433458,0.02679421414214076,0.0,0.0,0.0,4.680885416216748e-07,0.0,0.0008030990676015562,0.0001113953339535741,0.0,0.0,0.004131420406252641,0.0,0.0076099200099207205,0.0,0.0,0.0028060875976254882
2018-09-18 12:00:00,0.0,0.0,0.0,0.0029382791877165327,0.0,0.0,0.13832104203784837,0.02751298646144771,0.0,0.0,0.0,4.790802799747773e-07,0.0076276577510780074,0.0008391769746459704,0.00021311313668169173,0.0,0.0,0.004228435154733497,0.0,0.007083034637151286,0.0,0.0,0.0025392974761710577
2018-09-18 13:00:00,0.0,0.0,0.0,0.0029671024795468646,0.0,0.0,0.14041386684293827,0.027722566601120525,0.0,0.0,0.0,4.837798574613543e-07,0.0,0.0008671073548443044,0.00016902535531823857,0.0,0.0,0.00426991433784177,0.0,0.005977813799733471,0.0,0.0,0.0023866425919233576
2018-09-18 14:00:00,0.0,0.0,0.0,0.0030299478423496764,0.0,0.0,0.144394102736822,0.026297892460794118,0.0,0.0,0.0,4.940266625071627e-07,0.0,0.0008880896710111477,0.0002036123965541011,0.0,0.0,0.004360354192059267,0.0,0.004580988843877219,0.0,0.0,0.0022595283731944664
2018-09-18 15:00:00,0.0,0.0,0.0,0.003253034615729324,0.0,0.0,0.10692008955534109,0.032047172275908295,0.0,0.0,0.0,5.304004946114052e-07,0.0,0.0010568558418546272,0.0003486425728621123,0.0,0.0,0.004681395146594175,0.0,0.002792025324945313,0.0,0.0,0.002114833543518496
2018-09-18 16:00:00,0.0,0.0,0.0,0.0034615674320611902,0.0,0.0,0.06308878125444901,0.036927686040984474,0.0,0.0,0.0,5.644013344396446e-07,0.0418019745628106,0.001262785186637827,0.0005796980279670958,0.0,0.0,0.004981491711678756,0.0,0.0011549910655833853,0.0,0.0,0.0019184236013178786
2018-09-18 17:00:00,0.0,0.0,0.0,0.0032395394919056,0.0,0.0,0.05479882515715063,0.03461398535533948,0.0,0.0,0.0,5.282001428794147e-07,0.08564934229253413,0.001224069591483878,0.0005541188633330218,0.0,0.0,0.004661974508748639,0.0,0.00018399549820604814,0.0,0.0,0.0019894661255653633
2018-09-18 18:00:00,0.0,0.0,0.0,0.0035217998200583523,0.0,0.0,0.053920744981042566,0.037427071677824574,0.0,0.0,0.0,5.74222099405024e-07,0.05906476929372959,0.0013243413016528973,0.00045943912364392037,0.0,0.0,0.005068171271580849,0.0,0.0,0.0,0.0,0.0024093215892508
2018-09-18 19:00:00,0.0,0.0,0.0,0.004157329601447783,0.0,0.0,0.016362302958020804,0.04371624065378258,0.0,0.0,0.0,6.77843901878115e-07,0.016121778438121927,0.0014910010900224303,0.0002892106973067207,0.0,0.0,0.005982753003889131,0.0,0.0,0.0,0.0,0.0028349520929244957
2018-09-18 20:00:00,0.0,0.0,0.0,0.004612259089095034,0.0,0.0,0.0,0.028109394482626237,0.0,0.0,0.0,7.520192039467398e-07,0.0,0.0015363123914807209,0.0001843732048608274,0.0,0.0,0.006637435461068253,0.0,0.0,0.0,0.0,0.0028491825437062736
2018-09-18 21:00:00,0.0,0.0,0.0,0.004637757914345507,0.0,0.0,0.0,0.019796356526559214,0.0,0.0,0.0,7.561767341062612e-07,0.0,0.0014670764001771803,0.0001910284394516188,0.0,0.0,0.006674130452321724,0.0,0.0,0.0,0.0,0.002593104407831374
2018-09-18 22:00:00,0.0,0.0,0.0,0.005066788292288938,0.0,0.0,0.0,0.021353042467628428,0.0,0.0,0.0,8.261292404719198e-07,0.0,0.0015363775609942626,0.00024812846290947504,0.0,0.0,0.007291541874670068,0.0,0.0,0.0,0.0,0.002285136218980876
2018-09-18 23:00:00,0.0,0.0,0.0,0.005398201535602938,0.0,0.0,0.0,0.022585135392107738,0.0,0.0,0.0,8.801654770752936e-07,0.0,0.001652153242430214,0.00025261925871198314,0.0,0.0,0.007768473888017043,0.0,0.0,0.0,0.0,0.001858152851226611
2018-09-19 00:00:00,0.0,0.0,0.0,0.005328838414301353,0.0,0.0,0.0,0.022385195052052408,0.0,0.0,0.0,8.688559651296597e-07,0.0,0.0016282085861650916,0.00027005023836795925,0.0,0.0,0.007668654421650538,0.0,0.0,0.0,0.0,0.0016390560466807594
2018-09-19 01:00:00,0.0,0.0,0.0,0.005288330267135348,0.0,0.0,0.0,0.022232944940183193,0.0,0.0,0.0,8.622511964042511e-07,0.0,0.0016018328626040725,0.00027070331768769257,0.0,0.0,0.007610359731940345,0.0,0.0,0.0,0.0,0.0012863985570985591
2018-09-19 02:00:00,0.0,0.0,0.0,0.005293875182937358,0.0,0.0,0.0,0.022561137661984355,0.0,0.0,0.0,8.631552833358024e-07,0.0,0.0016069594298083623,0.00025450896280566866,0.0,0.0,0.007618339340210818,0.0,0.0,0.0,0.0,0.0008821912326083017
2018-09-19 03:00:00,0.0,0.0,0.0,0.005331018689268492,0.0,0.0,0.012589005287561385,0.024669910288920145,0.0,0.0,0.0,8.692114544058477e-07,0.0,0.001612574621016363,0.00029937036237890935,0.0,0.0,0.007671792023875878,0.0,0.0,0.0,0.0,0.000784290565352365
2018-09-19 04:00:00,0.0,0.0,0.0,0.004445034804251772,0.0,0.0,0.06442949559672256,0.03626087442020278,0.0,0.0,0.0,7.24753633834748e-07,0.05618562105694581,0.00141252968369642,0.000445216247000139,0.0,0.0,0.006396785407216179,0.0,9.221842033295085e-05,0.0,0.0,0.0005589566663417603
2018-09-19 05:00:00,0.0,0.0,0.0,0.0035474725468896736,0.0,0.0,0.09029515557103182,0.03785613253398957,0.0,0.0,0.0,5.784079838538138e-07,0.11372101406561691,0.0012692163082171782,0.0005656469217764179,0.0,0.0,0.005105116522088441,0.0,0.0007006612420575347,0.0,0.0,0.00045893547514389905
2018-09-19 06:00:00,0.0,0.0,0.0,0.0034694950483322128,0.0,0.0,0.0937013049455478,0.03651860579469192,0.0,0.0,0.0,5.65693915702355e-07,0.11939958348310328,0.0012497648035753942,0.000500029705417389,0.0,0.0,0.004992900229791589,0.0,0.0018536028221344343,0.0,0.0,0.0003163129090886894
2018-09-19 07:00:00,0.0,0.0,0.0,0.003311945718186022,0.0,0.0,0.10923655558170127,0.03539885544657311,0.0,0.0,0.0,5.40005826731159e-07,0.07352609921294179,0.0011914660044848961,0.0004909511361466826,0.0,0.0,0.00476617326355235,0.0,0.0032772106310222852,0.0,0.0,0.00018272914573294556
2018-09-19 08:00:00,0.0,0.0,0.0,0.0034229525729958027,0.0,0.0,0.1328110968944143,0.03540253127347775,0.0,0.0,0.0,5.581052623816966e-07,0.016888601442724666,0.0011922015644308746,0.0003121209943779146,0.0,0.0,0.004925921625537943,0.0,0.004608325874949971,0.0,0.0,0.00015312740307221425
2018-09-19 09:00:00,0.0,0.0,0.0,0.0032647168967727207,0.0,0.0,0.16149146099176753,0.026753957371646667,0.0,0.0,0.0,5.323052661172621e-07,0.007925766701752077,0.0010881945286848188,0.0001876498674938227,0.0,0.0,0.00469820694856925,0.0,0.005379501759627251,0.0,0.0,0.00013144868034376949
2018-09-19 10:00:00,0.0,0.0,0.0,0.0030868969482543067,0.0,0.0,0.15089207546004865,0.02495164760733642,0.0,0.0,0.0,5.033120951900611e-07,0.04905525919343944,0.0009728608838635542,0.00015768551237404013,0.0,0.0,0.004442308828107627,0.0,0.006220768645748869,0.0,0.0,9.513693916086029e-05
2018-09-19 11:00:00,0.0,0.0,0.0,0.003081413977431362,0.0,0.0,0.1499102884102001,0.028727983549741782,0.0,0.0,0.0,5.024181082578692e-07,0.039531996249544246,0.0009623218684208128,0.00017547157877323687,0.0,0.0,0.0044344183639621355,0.0,0.0065423830471893415,0.0,0.0,9.102811120062481e-05
2018-09-19 12:00:00,0.0,0.0,0.0,0.0030809941957571935,0.0,0.0,0.14959933898275488,0.028703193606493736,0.0,0.0,0.0,5.023496637333227e-07,0.037749246280646104,0.0009715240246246697,0.00022727403182689013,0.0,0.0,0.004433814262215854,0.0,0.006031531217971928,0.0,0.0,8.5324051095766e-05
2018-09-19 13:00:00,0.0,0.0,0.0,0.003265391101909976,0.0,0.0,0.15888082983056698,0.030410011303085314,0.0,0.0,0.0,5.3241519385567e-07,0.01634667192328114,0.0010294845886374198,0.00015287990009810206,0.0,0.0,0.0046991771874477705,0.0,0.0054136639343478595,0.0,0.0,9.159695229792821e-05
2018-09-19 14:00:00,0.0,0.0,0.0,0.0033469743833740937,0.0,0.0,0.16512593625682606,0.03194275312542243,0.0,0.0,0.0,5.512294720942046e-07,0.0,0.0010691183872830043,0.00018768994237255886,0.0,0.0,0.004865234858448015,0.0,0.004272526904544934,0.0,0.0,9.339289854250711e-05
2018-09-19 15:00:00,0.0,0.0,0.0,0.0036103070263209668,0.0,0.0,0.1429335440208198,0.035997880384047776,0.0,0.0,0.0,5.966077848533559e-07,0.002181221419444722,0.0012117236487104131,0.00024487690350255396,0.0,0.0,0.005265750723854518,0.0,0.0026757341235785874,0.0,0.0,8.991218078375674e-05
2018-09-19 16:00:00,0.0,0.0,0.0,0.003761395218781098,0.0,0.0,0.11907119405395768,0.03799512211360011,0.0,0.0,0.0,6.215752990187626e-07,0.021106182463147116,0.0014218428909114058,0.00029649417422417313,0.0,0.0,0.005486117787656164,0.0,0.0011030707021818219,0.0,0.0,9.015653412535337e-05
2018-09-19 17:00:00,0.0,0.0,0.0,0.0033917018964785407,0.0,0.0,0.10752245087663471,0.03412332380158594,0.0,0.0,0.0,5.567213807674106e-07,0.0948647355703248,0.001309112413569971,0.000444563074819047,0.0,0.0,0.004913707276685714,0.0,0.00016166140659409477,0.0,0.0,9.481015605559185e-05
2018-09-19 18:00:00,0.0,0.0,0.0,0.0038452467467575595,0.0,0.0,0.09050456405098153,0.038363317748342264,0.0,0.0,0.0,6.269594447355272e-07,0.06693559638124089,0.0014684508258153506,0.0003780090337143161,0.0,0.0,0.005533639073709045,0.0,0.0,0.0,0.0,0.0001234254567937505
2018-09-19 19:00:00,0.0,0.0,0.0,0.0044689576997170785,0.0,0.0,0.07645466034932114,0.03615263144113372,0.0,0.0,0.0,7.310911825452858e-07,0.016813390216154047,0.0015954306501929291,0.00026269747900760517,0.0,0.0,0.006452721572578452,0.0,0.0,0.0,0.0,0.00019358474502972472
2018-09-19 20:00:00,0.0,0.0,0.0,0.004565270793144584,0.0,0.0,0.07357467167393357,0.02541035667396549,0.0,0.0,0.0,7.443578605068153e-07,0.0,0.001517429720861733,0.00029831827526899943,0.0,0.0,0.006569815282805919,0.0,0.0,0.0,0.0,0.00016079395070817834
2018-09-19 21:00:00,0.0,0.0,0.0,0.004756834881278864,0.0,0.0,0.03972535967074846,0.02642826001280756,0.0,0.0,0.0,7.755919846704233e-07,0.0,0.0015089865516064033,0.0003153997196431523,0.0,0.0,0.006845492396144135,0.0,0.0,0.0,0.0,0.00018645812812282298
2018-09-19 22:00:00,0.0,0.0,0.0,0.004812174294705761,0.0,0.0,0.029123267703194507,0.02719614737441186,0.0,0.0,0.0,7.952178652291237e-07,0.0,0.0014819975086983307,0.0003124627180754567,0.0,0.0,0.007018713392218902,0.0,0.0,0.0,0.0,0.00022892120219923182
2018-09-19 23:00:00,0.0,0.0,0.0,0.004943328792905186,0.0,0.0,0.029670530883604294,0.027903423111793346,0.0,0.0,0.0,8.168913113027806e-07,0.0,0.0014966446111802341,0.0002532581578951495,0.0,0.0,0.007210006511833212,0.0,0.0,0.0,0.0,0.0002511675707834955
2018-09-20 00:00:00,0.0,0.0,0.0,0.005326474524261325,0.0,0.0,0.03185956170239602,0.0301027305488981,0.0,0.0,0.0,8.802066261482729e-07,0.0,0.001603934250498034,0.00021821800561761976,0.0,0.0,0.007768837075971218,0.0,0.0,0.0,0.0,0.00024266088275860632
2018-09-20 01:00:00,0.0,0.0,0.0,0.00532886636658695,0.0,0.0,0.031862796336972726,0.030152840811914168,0.0,0.0,0.0,8.80601881106149e-07,0.0,0.0015931868551911697,0.00019632318624952512,0.0,0.0,0.0077723256561295475,0.0,0.0,0.0,0.0,0.00020709963321950648
2018-09-20 02:00:00,0.0,0.0,0.0,0.005425276021593401,0.0,0.0,0.03259705661497846,0.030847386657370378,0.0,0.0,0.0,8.965336980659077e-07,0.0,0.0016205317479380738,0.0002793561698812606,0.0,0.0,0.007912942287051966,0.0,0.0,0.0,0.0,0.00019874128547920177
2018-09-20 03:00:00,0.0,0.0,0.0,0.0052886279772074414,0.0,0.0,0.03580802096111454,0.03246443511768436,0.0,0.0,0.0,8.622997374092333e-07,0.005195012357449498,0.0015788651331171773,0.00036858764022329644,0.0,0.0,0.007610788162206615,0.0,0.0,0.0,0.0,0.0001750093884121746
2018-09-20 04:00:00,0.0,0.0,0.0,0.004516205084492053,0.0,0.0,0.05462959682248056,0.03835611662104681,0.0,0.0,0.0,7.363577992680182e-07,0.06666696972042432,0.001440324285084417,0.00035037938103671276,0.0,0.0,0.006499205529918716,0.0,9.259666685502356e-05,0.0,0.0,0.00015811017397650097
2018-09-20 05:00:00,0.0,0.0,0.0,0.003705483221913619,0.0,0.0,0.0698206063244666,0.036843391685521816,0.0,0.0,0.0,6.041712941430259e-07,0.10600219105975936,0.0013167275484653016,0.0005388597218195464,0.0,0.0,0.005332507403080133,0.0,0.0007834827160015435,0.0,0.0,0.000143139772459593
2018-09-20 06:00:00,0.0,0.0,0.0,0.0035298390210046922,0.0,0.0,0.08204618797866757,0.035228511840481494,0.0,0.0,0.0,5.755328743158109e-07,0.09329055920390056,0.001259059968908089,0.0005491387498706444,0.0,0.0,0.005079740369588818,0.0,0.002147065641044749,0.0,0.0,0.00010477827501232844
2018-09-20 07:00:00,0.0,0.0,0.0,0.0034215516438998506,0.0,0.0,0.07320391272109514,0.03462098687957972,0.0,0.0,0.0,5.654157200886683e-07,0.06277675718405921,0.001278750472019426,0.0004882503476897071,0.0,0.0,0.004990444833145193,0.0,0.004075688405022447,0.0,0.0,8.028310159212491e-05
2018-09-20 08:00:00,0.0,0.0,0.0,0.0032445816088810704,0.0,0.0,0.07762261872414983,0.032289075358606874,0.0,0.0,0.0,5.325727344093093e-07,0.05064571028231411,0.0011774700802717468,0.0004061290494249253,0.0,0.0,0.004700567664249152,0.0,0.005252727905618589,0.0,0.0,7.02866114483491e-05
2018-09-20 09:00:00,0.0,0.0,0.0,0.0031998813914602174,0.0,0.0,0.11899287063613177,0.026631932133523006,0.0,0.0,0.0,5.287844315828092e-07,0.009811796023393746,0.00113939188680896,0.0003172957929743451,0.0,0.0,0.004667131529392606,0.0,0.006307586037963661,0.0,0.0,6.564003694708206e-05
2018-09-20 10:00:00,0.0,0.0,0.0,0.003226827732984601,0.0,0.0,0.13220960129355355,0.03156489949343879,0.0,0.0,0.0,5.332373484703645e-07,0.008484676367996354,0.0009648729742031468,0.00019976195894192477,0.0,0.0,0.004706433648672982,0.0,0.007662297119801301,0.0,0.0,6.178060062426641e-05
2018-09-20 11:00:00,0.0,0.0,0.0,0.0031652221575242997,0.0,0.0,0.13317078281616063,0.03095140397420294,0.0,0.0,0.0,5.230569495065012e-07,0.019493292895879224,0.0009017677389136883,0.00024765386517826244,0.0,0.0,0.004616579904598443,0.0,0.007770741148913937,0.0,0.0,6.03700218819209e-05
2018-09-20 12:00:00,0.0,0.0,0.0,0.003293562170158838,0.0,0.0,0.13863203351679693,0.03219508244224449,0.0,0.0,0.0,5.442652982944905e-07,0.009590888257059667,0.000937150342376679,0.00021271797857457696,0.0,0.0,0.004803768005084868,0.0,0.007271777880814205,0.0,0.0,6.329874205027053e-05
2018-09-20 13:00:00,0.0,0.0,0.0,0.0033874914268118956,0.0,0.0,0.14351467233976037,0.03195016266059993,0.0,0.0,0.0,5.597872263012087e-07,0.009512306843640067,0.0009641685637622526,0.00020978130423846757,0.0,0.0,0.004940766893989888,0.0,0.006200341816292875,0.0,0.0,6.559342505390686e-05
2018-09-20 14:00:00,0.0,0.0,0.0,0.003455525547209544,0.0,0.0,0.13704259654316236,0.028059597902512803,0.0,0.0,0.0,5.710299504155203e-07,0.013379288434443295,0.0010095601083887585,0.00020197320571639066,0.0,0.0,0.005039996880835575,0.0,0.004761037868650351,0.0,0.0,6.865044639285541e-05
2018-09-20 15:00:00,0.0,0.0,0.0,0.0036408582975802585,0.0,0.0,0.08869005308784444,0.03626500189452292,0.0,0.0,0.0,6.016564209215836e-07,0.0448864668762869,0.0011915248369337122,0.00029950153207026304,0.0,0.0,0.005310310750903583,0.0,0.002868847086356131,0.0,0.0,7.44311901950806e-05
2018-09-20 16:00:00,0.0,0.0,0.0,0.003518548005505459,0.0,0.0,0.056031716480772445,0.03348828567797893,0.0,0.0,0.0,5.814444910531499e-07,0.10843782927748523,0.0012466515871228537,0.0007001455716590672,0.0,0.0,0.005131917194806486,0.0,0.0010794909351468805,0.0,0.0,8.053076879841548e-05
2018-09-20 17:00:00,0.0,0.0,0.0,0.003424598353025696,0.0,0.0,0.08110258436897369,0.032064981295222235,0.0,0.0,0.0,5.659191926103711e-07,0.07924022888180289,0.0012287918298641703,0.0007607030179189924,0.0,0.0,0.0049948885579220136,0.0,0.00017131771410640212,0.0,0.0,0.00012693598618251616
2018-09-20 18:00:00,0.0,0.0,0.0,0.0036236115610916875,0.0,0.0,0.08571781532761853,0.036814828599455535,0.0,0.0,0.0,5.988063759870724e-07,0.07951367573914062,0.001288555351562932,0.0007523713026530589,0.0,0.0,0.005285155822392871,0.0,0.0,0.0,0.0,0.00019454658916998846
2018-09-20 19:00:00,0.0,0.0,0.0,0.004124003609399386,0.0,0.0,0.0560430105104192,0.0381038566258162,0.0,0.0,0.0,6.814967924316014e-07,0.08699763168495604,0.0013902884829167421,0.0005565874130041746,0.0,0.0,0.006014993969502594,0.0,0.0,0.0,0.0,0.0002718614270109192
2018-09-20 20:00:00,0.0,0.0,0.0,0.004231924094084298,0.0,0.0,0.05237496736266427,0.02455617750542102,0.0,0.0,0.0,6.99330788498628e-07,0.05389171173849863,0.0013206024454906985,0.0005642030304258452,0.0,0.0,0.006172399521497271,0.0,0.0,0.0,0.0,0.00032252584424355424
2018-09-20 21:00:00,0.0,0.0,0.0,0.0046505573797892,0.0,0.0,0.05808744508195329,0.02645840729785722,0.0,0.0,0.0,7.68510466412281e-07,0.020982145674267563,0.0014052027639373976,0.00048526013603159734,0.0,0.0,0.006782989842807579,0.0,0.0,0.0,0.0,0.0002794535720754906
2018-09-20 22:00:00,0.0,0.0,0.0,0.005263847532401509,0.0,0.0,0.026738710050433642,0.029766863955793754,0.0,0.0,0.0,8.698574368374708e-07,0.001752547634127153,0.0014793486950978063,0.0003756853329123604,0.0,0.0,0.007677493562714751,0.0,0.0,0.0,0.0,0.00026631607822590617
2018-09-20 23:00:00,0.0,0.0,0.0,0.0054205876037902966,0.0,0.0,0.011453167031125932,0.030690445820823035,0.0,0.0,0.0,8.957589311168407e-07,0.0,0.0015059010181565724,0.00016105026613731665,0.0,0.0,0.00790610407654509,0.0,0.0,0.0,0.0,0.000261376369191452
2018-09-21 00:00:00,0.0,0.0,0.0,0.005041009088733568,0.0,0.0,0.010577843594979585,0.02852403008960229,0.0,0.0,0.0,8.330331032592882e-07,0.0,0.0013634206900976075,0.00013648374891138878,0.0,0.0,0.007352476413898236,0.0,0.0,0.0,0.0,0.0004179163480028897
2018-09-21 01:00:00,0.0,0.0,0.0,0.005179028268155528,0.0,0.0,0.010781378096776628,0.02925165036604596,0.0,0.0,0.0,8.558409465540245e-07,0.0,0.0013853695861709369,0.0001321632027762381,0.0,0.0,0.007553781895301463,0.0,0.0,0.0,0.0,0.0007655228483745916
2018-09-21 02:00:00,0.0,0.0,0.0,0.005042593909587613,0.0,0.0,0.010476405066413327,0.028532997634974997,0.0,0.0,0.0,8.332949969021914e-07,0.0,0.0013366475992148228,0.00022249594855510308,0.0,0.0,0.007354787926879967,0.0,0.0,0.0,0.0,0.0012402995581773878
2018-09-21 03:00:00,0.0,0.0,0.0,0.004976280449337777,0.0,0.0,0.02572252016292153,0.036769125327028,0.0,0.0,0.0,8.223366140452263e-07,0.0,0.0013246385378701893,0.0003265592864851033,0.0,0.0,0.007258067579062978,0.0,0.0,0.0,0.0,0.001383348874121036
2018-09-21 04:00:00,0.0,0.0,0.0,0.004259672498906991,0.0,0.0,0.06399305502945156,0.04295526124497374,0.0,0.0,0.0,7.039162473567767e-07,0.028385096988860183,0.001256048538446485,0.00037479723084141945,0.0,0.0,0.006212871476296583,0.0,8.467959763339174e-05,0.0,0.0,0.0012028314603985083
2018-09-21 05:00:00,0.0,0.0,0.0,0.0035589318079741524,0.0,0.0,0.0653183733137844,0.0360721665756954,0.0,0.0,0.0,5.881179652920858e-07,0.07823311001306932,0.0012344090898272026,0.0004358749192790318,0.0,0.0,0.005190818289791257,0.0,0.0007787567676613874,0.0,0.0,0.0011747596623692196
2018-09-21 06:00:00,0.0,0.0,0.0,0.003339505188601967,0.0,0.0,0.07153872342713234,0.03388252737113429,0.0,0.0,0.0,5.518574399774553e-07,0.09158441372453636,0.0011529352133265592,0.00037090067410112276,0.0,0.0,0.004870777398152888,0.0,0.002177382815292227,0.0,0.0,0.001199658756156318
2018-09-21 07:00:00,0.0,0.0,0.0,0.003585245887857096,0.0,0.0,0.09821443794544464,0.036486761132057975,0.0,0.0,0.0,5.944747608252482e-07,0.0017936581249176529,0.0012354679762920065,0.00019868352495603235,0.0,0.0,0.005246924330526833,0.0,0.004674124976092308,0.0,0.0,0.0011721808471842113
2018-09-21 08:00:00,0.0,0.0,0.0,0.0033888666938298585,0.0,0.0,0.10023069560837682,0.026622369172789262,0.0,0.0,0.0,5.600144909086748e-07,0.0001981388523750236,0.0010936444098235355,0.00016820072214950826,0.0,0.0,0.004942772765856889,0.0,0.006151360215067798,0.0,0.0,0.00139102044578855
2018-09-21 09:00:00,0.0,0.0,0.0,0.003221109892044835,0.0,0.0,0.10241623172349132,0.018325854411615116,0.0,0.0,0.0,5.322924680509577e-07,0.0,0.0009656125395682956,0.00012695293394835482,0.0,0.0,0.004698093990896525,0.0,0.0071365332713002015,0.0,0.0,0.0021848961524772036
2018-09-21 10:00:00,0.0,0.0,0.0,0.003068391560756511,0.0,0.0,0.09534205664732956,0.017456994298494927,0.0,0.0,0.0,5.070555713903223e-07,0.0,0.000842529235671255,7.17381890508822e-05,0.0,0.0,0.004475349316367602,0.0,0.008213042808900709,0.0,0.0,0.0028901069996268647
2018-09-21 11:00:00,0.0,0.0,0.0,0.003002876719664987,0.0,0.0,0.09192136454392837,0.017104881235958463,0.0,0.0,0.0,4.96229161355477e-07,0.0,0.0007995526377770791,8.999664831643519e-05,0.0,0.0,0.004379793780678867,0.0,0.00840708310432945,0.0,0.0,0.0027754505374234374
2018-09-21 12:00:00,0.0,0.0,0.0,0.00307981118700455,0.0,0.0,0.09474990849147341,0.01773345578462918,0.0,0.0,0.0,5.089426790158027e-07,0.0,0.0008324093002648989,0.00012491101541824221,0.0,0.0,0.0044920052142575495,0.0,0.007860896092935504,0.0,0.0,0.002588144724769954
2018-09-21 13:00:00,0.0,0.0,0.0,0.003204190039715357,0.0,0.0,0.09954166494823868,0.01868065715086862,0.0,0.0,0.0,5.294964411355897e-07,0.0,0.000883678773183949,0.00018638275305784844,0.0,0.0,0.004673415833609096,0.0,0.0068332823599096155,0.0,0.0,0.002402145463338326
2018-09-21 14:00:00,0.0,0.0,0.0,0.0034103488021161796,0.0,0.0,0.10649177536861697,0.01973035480444484,0.0,0.0,0.0,5.635644363690592e-07,0.004691318319178892,0.0009548707361273555,0.00031657415752052,0.0,0.0,0.004974105122477508,0.0,0.0053853574544956775,0.0,0.0,0.002452892500335547
2018-09-21 15:00:00,0.0,0.0,0.0,0.0034132141153391383,0.0,0.0,0.0916683791497774,0.018973460846237737,0.0,0.0,0.0,5.640379329892628e-07,0.0656393956141972,0.0010700149592046762,0.00041028436232919894,0.0,0.0,0.004978284275404909,0.0,0.0029558353878998012,0.0,0.0,0.0024085373870530893
2018-09-21 16:00:00,0.0,0.0,0.0,0.003417788037667606,0.0,0.0,0.08643016431325473,0.015126352339673785,0.0,0.0,0.0,5.64793779416889e-07,0.11774972344152587,0.0012366454033290626,0.00040064271385729044,0.0,0.0,0.00498495549052218,0.0,0.0010420709342782442,0.0,0.0,0.0014144528284729617
2018-09-21 17:00:00,0.0,0.0,0.0,0.003567862351385119,0.0,0.0,0.08378381358119866,0.009763433795211891,0.0,0.0,0.0,5.895937488426563e-07,0.06615653365185457,0.0013644001473774865,0.0002607318528559694,0.0,0.0,0.005203843779060693,0.0,0.00015410442672358278,0.0,0.0,0.0014095535111943794
2018-09-21 18:00:00,0.0,0.0,0.0,0.0037683036243625723,0.0,0.0,0.0859150289025675,0.0,0.0,0.0,0.0,6.227169217452464e-07,0.027632253920594343,0.0013562267396768919,0.00028987333498664753,0.0,0.0,0.005496193922850794,0.0,0.0,0.0,0.0,0.0023223085706232734
2018-09-21 19:00:00,0.0,0.0,0.0,0.004063769290793195,0.0,0.0,0.06720481637884818,0.0,0.0,0.0,0.0,6.715429953905749e-07,0.015866319389320344,0.001227200354269606,0.00019300524855970393,0.0,0.0,0.005927140248340091,0.0,0.0,0.0,0.0,0.003652187638631401
2018-09-21 20:00:00,0.0,0.0,0.0,0.004412397501386352,0.0,0.0,0.05723949959000222,0.0,0.0,0.0,0.0,7.291542464401362e-07,0.0,0.0012477806957902969,0.0001571246149733811,0.0,0.0,0.0064356258809755386,0.0,0.0,0.0,0.0,0.0029637327505797973
2018-09-21 21:00:00,0.0,0.0,0.0,0.004636904067085534,0.0,0.0,0.03175218446213334,0.0,0.0,0.0,0.0,7.662542392857075e-07,0.0,0.0012985626404552718,0.00021281145052502018,0.0,0.0,0.006763076040261649,0.0,0.0,0.0,0.0,0.0016593861525455189
2018-09-21 22:00:00,0.0,0.0,0.0,0.004264585365191086,0.0,0.0,0.027244586401526903,0.0,0.0,0.0,0.0,7.04728104700118e-07,0.0,0.0012076329314884544,8.182804474937104e-05,0.0,0.0,0.0062200370522442995,0.0,0.0,0.0,0.0,0.0032378980244658685
2018-09-21 23:00:00,0.0,0.0,0.0,0.004140296280257362,0.0,0.0,0.025573171949412218,0.0,0.0,0.0,0.0,6.841891768185956e-07,0.0,0.0011168981141283412,7.577521829780232e-05,0.0,0.0,0.006038757362127775,0.0,0.0,0.0,0.0,0.003973949524213014
2018-09-22 00:00:00,0.0,0.0,0.0,0.003994559608448687,0.0,0.0,0.006937986696425608,0.0,0.0,0.0,0.0,6.601060081834126e-07,0.0,0.0010583278477771664,7.276271200802053e-05,0.0,0.0,0.005826195665996712,0.0,0.0,0.0,0.0,0.004847987248667904
2018-09-22 01:00:00,0.0,0.0,0.0,0.003879834506366908,0.0,0.0,0.0,0.0,0.0,0.0,0.0,6.411475405181751e-07,0.0,0.0010357808800484296,5.918753783807021e-05,0.0,0.0,0.005658865357264763,0.0,0.0,0.0,0.0,0.005947344541514721
2018-09-22 02:00:00,0.0,0.0,0.0,0.00385714792345992,0.0,0.0,0.0007051918153611872,0.0,0.0,0.0,0.0,6.373985541091654e-07,0.0,0.0010361988378200077,7.792741794920914e-05,0.0,0.0,0.005625776235067311,0.0,0.0,0.0,0.0,0.006011168588793511
2018-09-22 03:00:00,0.0,0.0,0.0,0.0038677278556379785,0.0,0.0,0.013684497387427373,0.0,0.0,0.0,0.0,6.391469012316211e-07,0.0,0.0010451449169785923,8.78356863223556e-05,0.0,0.0,0.0056412074117286794,0.0,0.0,0.0,0.0,0.005835604483811344
2018-09-22 04:00:00,0.0,0.0,0.0,0.003744189948746442,0.0,0.0,0.028921814162814755,0.0,0.0,0.0,0.0,6.18732106468006e-07,0.0,0.001072086634778336,8.996530554901981e-05,0.0,0.0,0.005461023339322936,0.0,2.663518332846415e-05,0.0,0.0,0.0056330439348356645
2018-09-22 05:00:00,0.0,0.0,0.0,0.0036585659049056065,0.0,0.0,0.049322713368852716,0.0,0.0,0.0,0.0,6.045826253425396e-07,0.0,0.0011804184481567007,0.00016182331740398565,0.0,0.0,0.005336137874583478,0.0,0.0003587680600454739,0.0,0.0,0.004010347422159115
2018-09-22 06:00:00,0.0,0.0,0.0,0.0037140502950743417,0.0,0.0,0.07779518889164955,0.0,0.0,0.0,0.0,6.137514907246733e-07,0.0,0.0012965241275343271,0.0002542408418169398,0.0,0.0,0.005417063669969741,0.0,0.0008894363630768139,0.0,0.0,0.0016886562306238427
2018-09-22 07:00:00,0.0,0.0,0.0,0.003635755314926333,0.0,0.0,0.09472946706518863,0.0,0.0,0.0,0.0,6.008131466085936e-07,0.0,0.0012490580521676655,0.0002182424613843067,0.0,0.0,0.005302867884020566,0.0,0.001606769710791416,0.0,0.0,0.0012401819765421394
2018-09-22 08:00:00,0.0,0.0,0.0,0.003690316741916898,0.0,0.0,0.10296697240675357,0.0,0.0,0.0,0.0,6.098294911626608e-07,0.0,0.00123349465921912,0.0001833221678616939,0.0,0.0,0.005382447507464083,0.0,0.0024618489031680807,0.0,0.0,0.0011358381982273507
2018-09-22 09:00:00,0.0,0.0,0.0,0.003569682896183998,0.0,0.0,0.1095611639701656,0.0,0.0,0.0,0.0,5.8989459616444e-07,0.0,0.001132279641611312,0.00015889463723443647,0.0,0.0,0.005206499103115577,0.0,0.0033054093258807235,0.0,0.0,0.001353280698965469
2018-09-22 10:00:00,0.0,0.0,0.0,0.003658294755508879,0.0,0.0,0.11010712600324755,0.0,0.0,0.0,0.0,6.045378175630996e-07,0.0,0.0010756237563276888,0.0001324054576977776,0.0,0.0,0.005335742394331607,0.0,0.0045845096192590005,0.0,0.0,0.0018346927706531285
2018-09-22 11:00:00,0.0,0.0,0.0,0.0036450864864098253,0.0,0.0,0.10777090637841615,0.0,0.0,0.0,0.0,6.023551344529145e-07,0.0,0.001042245709079347,0.00010971633621396829,0.0,0.0,0.005316477702419773,0.0,0.004936649234628157,0.0,0.0,0.0016284493829813857
2018-09-22 12:00:00,0.0,0.0,0.0,0.0036835613257861573,0.0,0.0,0.10913039247435344,0.0,0.0,0.0,0.0,6.087131501356676e-07,0.0,0.0010643448196672634,0.00015329802081147815,0.0,0.0,0.005372594512380548,0.0,0.004448493215131774,0.0,0.0,0.0012535756361596558
2018-09-22 13:00:00,0.0,0.0,0.0,0.0037859328677382464,0.0,0.0,0.11180147012593497,0.0,0.0,0.0,0.0,6.256301764247852e-07,0.0,0.0010882757022453175,0.00015755840888735195,0.0,0.0,0.005521906750150431,0.0,0.003727509826174895,0.0,0.0,0.000793093192591182
2018-09-22 14:00:00,0.0,0.0,0.0,0.0037833830515803307,0.0,0.0,0.11172617212014224,0.0,0.0,0.0,0.0,6.25208816092086e-07,0.0,0.0010957388660394244,0.0003936307217749831,0.0,0.0,0.005518187759997696,0.0,0.0028485744761691445,0.0,0.0,0.0005202954434913976
2018-09-22 15:00:00,0.0,0.0,0.0,0.0040179040222240925,0.0,0.0,0.08527833631525851,0.0,0.0,0.0,0.0,6.639637019722528e-07,0.020124568976197556,0.0012984323817323703,0.0004771540827048295,0.0,0.0,0.005860244256002937,0.0,0.0018702804616041904,0.0,0.0,0.00041867121675614034
2018-09-22 16:00:00,0.0,0.0,0.0,0.004598372267739168,0.0,0.0,0.07618914606437578,0.0,0.0,0.0,0.0,7.598868108961407e-07,0.029633875080663483,0.0016446799031761892,0.0004035055423810582,0.0,0.0,0.006706876152324057,0.0,0.0009452756882898382,0.0,0.0,0.00034513840459485815
2018-09-22 17:00:00,0.0,0.0,0.0,0.0046669639490112685,0.0,0.0,0.034537163223287155,0.0,0.0,0.0,0.0,7.712216726474461e-07,0.09616256470228153,0.001659972997253966,0.0005956810194650443,0.0,0.0,0.006806919359917129,0.0,0.00016405419790181303,0.0,0.0,0.0005837069942275448
2018-09-22 18:00:00,0.0,0.0,0.0,0.005115862104150784,0.0,0.0,0.00020194388744224323,0.0,0.0,0.0,0.0,8.454026583669513e-07,0.038793178647052236,0.001824850740597317,0.0004708025914546269,0.0,0.0,0.007461651981860268,0.0,0.0,0.0,0.0,0.0009829727891047422
2018-09-22 19:00:00,0.0,0.0,0.0,0.0056489666932616105,0.0,0.0,0.0,0.0,0.0,0.0,0.0,9.334988633948867e-07,0.05379000289601432,0.0018567314050397313,0.00042880469310252104,0.0,0.0,0.008239202438243788,0.0,0.0,0.0,0.0,0.0009545071578012782
2018-09-22 20:00:00,0.0,0.0,0.0,0.00618170385826203,0.0,0.0,0.0,0.0,0.0,0.0,0.0,1.021534351125647e-06,0.024175603531147994,0.0018714870859127804,0.0003364718483622358,0.0,0.0,0.00901621699456085,0.0,0.0,0.0,0.0,0.0010173892454649245
2018-09-22 21:00:00,0.0,0.0,0.0,0.006060277030929116,0.0,0.0,0.0,0.0,0.0,0.0,0.0,1.0014684149189184e-06,0.0,0.0017596043749233087,0.00026831614392518264,0.0,0.0,0.008839112000647017,0.0,0.0,0.0,0.0,0.0009402655992109626
2018-09-22 22:00:00,0.0,0.0,0.0,0.005898516043996355,0.0,0.0,0.0,0.0,0.0,0.0,0.0,9.747372080198772e-07,0.0,0.0016830184111080097,0.00025376190123093886,0.0,0.0,0.00860317831749414,0.0,0.0,0.0,0.0,0.000671521577009893
2018-09-22 23:00:00,0.0,0.0,0.0,0.006376396554521844,0.0,0.0,0.0,0.0,0.0,0.0,0.0,1.0537075644828114e-06,0.0,0.001808302363261411,0.00011256664953877504,0.0,0.0,0.009300182651438522,0.0,0.0,0.0,0.0,0.000838358493471856
2018-09-23 00:00:00,0.0,0.0,0.0,0.006770463533908559,0.0,0.0,0.0,0.0,0.0,0.0,0.0,1.118827629325424e-06,0.0,0.0018922766227021355,0.00017175084678332377,0.0,0.0,0.009874942212557431,0.0,0.0,0.0,0.0,0.0012546137891743718
2018-09-23 01:00:00,0.0,0.0,0.0,0.007175776411814784,0.0,0.0,0.0,0.0,0.0,0.0,0.0,1.1858060930674921e-06,0.0,0.00202213233564398,0.00018017204001315453,0.0,0.0,0.010466104283999642,0.0,0.0,0.0,0.0,0.0005070915670990701
2018-09-23 02:00:00,0.0,0.0,0.0,0.0072284683185368,0.0,0.0,0.0,0.0,0.0,0.0,0.0,1.1945134970417065e-06,0.0,0.002049321869075296,0.0002370993936223858,0.0,0.0,0.010542957151066039,0.0,0.0,0.0,0.0,0.0003157330582110801
2018-09-23 03:00:00,0.0,0.0,0.0,0.007109163976825628,0.0,0.0,0.0,0.0,0.0,0.0,0.0,1.1747983042581656e-06,0.0,0.0020170281508726942,0.0002450143946811171,0.0,0.0,0.010368947871759739,0.0,0.0,0.0,0.0,0.000494707196282176
2018-09-23 04:00:00,0.0,0.0,0.0,0.00664695737909462,0.0,0.0,0.0,0.0,0.0,0.0,0.0,1.0984180816326377e-06,0.0,0.001965040881384402,0.0002236268154001608,0.0,0.0,0.009694804451594005,0.0,4.107046963593213e-05,0.0,0.0,0.0009576303984134976
2018-09-23 05:00:00,0.0,0.0,0.0,0.006053369799766052,0.0,0.0,0.0,0.0,0.0,0.0,0.0,1.0003269862665569e-06,0.0,0.001940150206863755,0.00023622581035034022,0.0,0.0,0.008829037578380002,0.0,0.0007141514421367147,0.0,0.0,0.001548198341660532
2018-09-23 06:00:00,0.0,0.0,0.0,0.005369528623120937,0.0,0.0,0.0,0.0,0.0,0.0,0.0,8.873213702302092e-07,0.032196638908254936,0.001754946754332064,0.0003477245097681942,0.0,0.0,0.00783163288546389,0.0,0.0017230365959719856,0.0,0.0,0.0012991124852896603
2018-09-23 07:00:00,0.0,0.0,0.0,0.005568081230168712,0.0,0.0,0.0,0.0,0.0,0.0,0.0,9.201324387083227e-07,0.03524103462524045,0.0018442052412721516,0.0003694858137760416,0.0,0.0,0.008121228348304747,0.0,0.0033311094910603773,0.0,0.0,0.001086284184497971
2018-09-23 08:00:00,0.0,0.0,0.0,0.005071955173856368,0.0,0.0,0.0,0.0,0.0,0.0,0.0,8.381469828159007e-07,0.05870766957533861,0.0017102267541063622,0.00038697728667698374,0.0,0.0,0.007397612289863307,0.0,0.004053566381214216,0.0,0.0,0.0009037270752530465
2018-09-23 09:00:00,0.0,0.0,0.0,0.0046663185449888935,0.0,0.0,0.0,0.0,0.0,0.0,0.0,7.711150188195812e-07,0.061636478303166854,0.0016160940381166056,0.00033303917434125924,0.0,0.0,0.006805978017069215,0.0,0.004375072632266375,0.0,0.0,0.0015843332818145576
2018-09-23 10:00:00,0.0,0.0,0.0,0.00461760568834937,0.0,0.0,0.0,0.0,0.0,0.0,0.0,7.682560773262383e-07,0.02791408254270659,0.0014685013082013215,0.00023215259064338545,0.0,0.0,0.006780744566181999,0.0,0.005056561941390444,0.0,0.0,0.00277484413819213
2018-09-23 11:00:00,0.0,0.0,0.0,0.0044232118675842655,0.0,0.0,0.0,0.0,0.0,0.0,0.0,7.409542290671387e-07,0.0007646251333494284,0.0013740509287965578,0.00016567428052104125,0.0,0.0,0.006539774315905668,0.0,0.0052520783614859205,0.0,0.0,0.003536151521011514
2018-09-23 12:00:00,0.0,0.0,0.0,0.004140027084220371,0.0,0.0,0.0,0.0,0.0,0.0,0.0,6.841446918343133e-07,0.0,0.001232826169425656,0.00019090177481641054,0.0,0.0,0.006038364730914887,0.0,0.004718292651477073,0.0,0.0,0.0030103060299991858
2018-09-23 13:00:00,0.0,0.0,0.0,0.004069464352333685,0.0,0.0,0.0,0.0,0.0,0.0,0.0,6.724841114855509e-07,0.0,0.0011990861542587052,0.00020672939887572903,0.0,0.0,0.005935446681618645,0.0,0.004145981448413581,0.0,0.0,0.002710068142978373
2018-09-23 14:00:00,0.0,0.0,0.0,0.004101819029560534,0.0,0.0,0.0,0.0,0.0,0.0,0.0,6.778307626620925e-07,0.0,0.001212209246731852,0.00018293575152879867,0.0,0.0,0.005982637035177293,0.0,0.0034752606676540228,0.0,0.0,0.0033095830484727038
2018-09-23 15:00:00,0.0,0.0,0.0,0.004242652496294885,0.0,0.0,0.0,0.0,0.0,0.0,0.0,7.034802930928216e-07,0.0,0.0012638820927835103,0.00017872789687672355,0.0,0.0,0.006209023677894902,0.0,0.0024371824270870545,0.0,0.0,0.004180478001078349
2018-09-23 16:00:00,0.0,0.0,0.0,0.004023115958420921,0.0,0.0,0.0,0.0,0.0,0.0,0.0,6.739321725159679e-07,0.0,0.0012735178433334062,0.00016690284966806252,0.0,0.0,0.005948227487723913,0.0,0.0011399033425241543,0.0,0.0,0.004776762092151623
2018-09-23 17:00:00,0.0,0.0,0.0,0.00404338261270449,0.0,0.0,0.0,0.0,0.0,0.0,0.0,6.773271406183332e-07,0.0,0.0012577052218564638,0.00034372389896120933,0.0,0.0,0.005978191990696141,0.0,0.00022326277109184208,0.0,0.0,0.005093721728828627
2018-09-23 18:00:00,0.0,0.0,0.0,0.004097838260340021,0.0,0.0,0.0,0.0,0.0,0.0,0.0,6.864492771155328e-07,0.0,0.0012803052946012503,0.00024028377408635815,0.0,0.0,0.006058705349862307,0.0,0.0,0.0,0.0,0.005825958760399564
2018-09-23 19:00:00,0.0,0.0,0.0,0.004075909493030355,0.0,0.0,0.0,0.0,0.0,0.0,0.0,6.827758801897826e-07,0.0,0.0012803895543781496,0.0002584605954562552,0.0,0.0,0.006026283391899541,0.0,0.0,0.0,0.0,0.005593491974845671
2018-09-23 20:00:00,0.0,0.0,0.0,0.004207566341071786,0.0,0.0,0.0,0.0,0.0,0.0,0.0,7.048303739066357e-07,0.0,0.0012647167630466271,0.00024266271477215606,0.0,0.0,0.006220939695759721,0.0,0.0,0.0,0.0,0.004218277276566985
2018-09-23 21:00:00,0.0,0.0,0.0,0.0048211965494644096,0.0,0.0,0.006335874758521188,0.0,0.0,0.0,0.0,8.076226234310028e-07,0.0,0.0015414355563797813,0.00029780033782433294,0.0,0.0,0.007128199668025447,0.0,0.0,0.0,0.0,0.002783037965888847
2018-09-23 22:00:00,0.0,0.0,0.0,0.0041575600884008355,0.0,0.0,0.007924178693542405,0.0,0.0,0.0,0.0,6.964535776993637e-07,0.0,0.0013011412337234972,0.00019342574369533538,0.0,0.0,0.006147004822947316,0.0,0.0,0.0,0.0,0.004805035121719512
2018-09-23 23:00:00,0.0,0.0,0.0,0.004019750631407632,0.0,0.0,0.011259468743644807,0.0,0.0,0.0,0.0,6.733684298426937e-07,0.0,0.0012354469873040598,0.00017556805320915133,0.0,0.0,0.005943251809455498,0.0,0.0,0.0,0.0,0.0050275396911625796
2018-09-24 00:00:00,0.0,0.0,0.0,0.003936752109827644,0.0,0.0,0.009194683142247802,0.0,0.0,0.0,0.0,6.594649345067131e-07,0.0,0.0012341561252825096,0.00017556465859272836,0.0,0.0,0.005820537452572706,0.0,0.0,0.0,0.0,0.006183800343251559
2018-09-24 01:00:00,0.0,0.0,0.0,0.003911020554717164,0.0,0.0,0.01738783296374746,0.0,0.0,0.0,0.0,6.551545136744418e-07,0.0,0.0012375789678768208,0.0002335270538496899,0.0,0.0,0.005782493025071262,0.0,0.0,0.0,0.0,0.00613373351490196
2018-09-24 02:00:00,0.0,0.0,0.0,0.0038488769690878093,0.0,0.0,0.026044251741770816,0.0,0.0,0.0,0.0,6.44744532430063e-07,0.0,0.0012322442812370154,0.0002230720300101015,0.0,0.0,0.00569061295299615,0.0,0.0,0.0,0.0,0.005855872652664584
2018-09-24 03:00:00,0.0,0.0,0.0,0.003655941935813292,0.0,0.0,0.02864239805790271,0.0,0.0,0.0,0.0,6.124250249952907e-07,0.0,0.0011984952770106164,0.0002468846211280818,0.0,0.0,0.005405356082418932,0.0,0.0,0.0,0.0,0.005415776554646752
2018-09-24 04:00:00,0.0,0.0,0.0,0.003729836990003278,0.0,0.0,0.033950155912684465,0.0,0.0,0.0,0.0,6.248035532115115e-07,0.0,0.0013500307330876577,0.00031919385153244997,0.0,0.0,0.005514610848396954,0.0,2.570757215870463e-05,0.0,0.0,0.0054723357956771145
2018-09-24 05:00:00,0.0,0.0,0.0,0.0035202548240822803,0.0,0.0,0.04979112288677796,0.0,0.0,0.0,0.0,5.896954017539092e-07,0.0052913491860177774,0.00140231585787939,0.0004527739154300202,0.0,0.0,0.00520474098306071,0.0,0.0003396826381676838,0.0,0.0,0.004945569019973978
2018-09-24 06:00:00,0.0,0.0,0.0,0.0032866592813067647,0.0,0.0,0.05756205615435954,0.0,0.0,0.0,0.0,5.505646500530457e-07,0.0030626168041399384,0.0013183911233573835,0.0004837050058323637,0.0,0.0,0.004859367038360272,0.0,0.0008381613303433512,0.0,0.0,0.004848465445832523
2018-09-24 07:00:00,0.0,0.0,0.0,0.0030728077300703864,0.0,0.0,0.06961353407560275,0.0,0.0,0.0,0.0,5.147413126175493e-07,0.0,0.0012081631913407793,0.0003669547250956775,0.0,0.0,0.0045431848331981065,0.0,0.0015037129753995948,0.0,0.0,0.004695968054950178
2018-09-24 08:00:00,0.0,0.0,0.0,0.002885233200250815,0.0,0.0,0.07199954156796445,0.0,0.0,0.0,0.0,4.833197697894421e-07,0.0,0.0011447352638877279,0.00030486634406181945,0.0,0.0,0.00426585353432409,0.0,0.0019687352954042155,0.0,0.0,0.004316782452920633
2018-09-24 09:00:00,0.0,0.0,0.0,0.0027856080370853276,0.0,0.0,0.07810217014269731,0.0,0.0,0.0,0.0,4.6663106299021596e-07,0.0,0.001081184679871559,0.0002839058154871601,0.0,0.0,0.004118556478973359,0.0,0.002323146453089431,0.0,0.0,0.003949548245053161
2018-09-24 10:00:00,0.0,0.0,0.0,0.0027670458334678005,0.0,0.0,0.07787933152920225,0.0,0.0,0.0,0.0,4.699594161208005e-07,0.0,0.0010150874516429672,0.00023652435207368217,0.0,0.0,0.004147933028109283,0.0,0.0028618024014817746,0.0,0.0,0.0038877491415798084
2018-09-24 11:00:00,0.0,0.0,0.0,0.002796984759404554,0.0,0.0,0.07848307624499053,0.0,0.0,0.0,0.0,4.7504429038718987e-07,0.0,0.0010289162992420738,0.00022249860920323707,0.0,0.0,0.00419281289898715,0.0,0.003010040896669767,0.0,0.0,0.0037496755402343903
2018-09-24 12:00:00,0.0,0.0,0.0,0.0028200181773418037,0.0,0.0,0.07800938162801196,0.0,0.0,0.0,0.0,4.789563223145722e-07,0.0,0.0010538559553865008,0.00020635686957835872,0.0,0.0,0.004227341085638987,0.0,0.0027687886593540318,0.0,0.0,0.003907513369518193
2018-09-24 13:00:00,0.0,0.0,0.0,0.002995116741073253,0.0,0.0,0.08403940036930721,0.0,0.0,0.0,0.0,5.017269084738761e-07,0.0,0.0011611950229066716,0.0002635997017406865,0.0,0.0,0.004428317729918641,0.0,0.002446263958511721,0.0,0.0,0.0029406630404379625
2018-09-24 14:00:00,0.0,0.0,0.0,0.0030132850476288853,0.0,0.0,0.08524731586718022,0.0,0.0,0.0,0.0,5.100102027575725e-07,0.0,0.0012104306433191364,0.0002568147664966119,0.0,0.0,0.004501427340583538,0.0,0.0018256422997046985,0.0,0.0,0.0034755223780392227
2018-09-24 15:00:00,0.0,0.0,0.0,0.003311412256017287,0.0,0.0,0.06434460726186292,0.0,0.0,0.0,0.0,5.62415465457904e-07,0.0048088850522361335,0.0014999421697809844,0.00038880709076559525,0.0,0.0,0.0049639641310913665,0.0,0.0011686008704644294,0.0,0.0,0.003095517427212835
2018-09-24 16:00:00,0.0,0.0,0.0,0.003441147957918323,0.0,0.0,0.03846604563737081,0.0,0.0,0.0,0.0,5.844499811055981e-07,0.0494903945277042,0.0016620158195411881,0.000403963465608711,0.0,0.0,0.0051584441054855126,0.0,0.0005530861174837259,0.0,0.0,0.0029715006779357767
2018-09-24 17:00:00,0.0,0.0,0.0,0.00327280910432509,0.0,0.0,0.02513730053286236,0.0,0.0,0.0,0.0,5.55859045462883e-07,0.09323184987041515,0.00153418976177535,0.0003804223443353024,0.0,0.0,0.00490609617460273,0.0,0.00011435423540611886,0.0,0.0,0.004051955561529065
2018-09-24 18:00:00,0.0,0.0,0.0,0.003619931227869373,0.0,0.0,0.026234310853669552,0.0,0.0,0.0,0.0,6.148148128485778e-07,0.06357853094499116,0.001716445593433492,0.0003421476162179276,0.0,0.0,0.005426448712179704,0.0,0.0,0.0,0.0,0.003938477574345355
2018-09-24 19:00:00,0.0,0.0,0.0,0.003951663222048928,0.0,0.0,0.02982358900193211,0.0,0.0,0.0,0.0,6.665280295866056e-07,0.0,0.0017862287786599125,0.00024681939702632296,0.0,0.0,0.0058828774001460325,0.0,0.0,0.0,0.0,0.004466060600087513
2018-09-24 20:00:00,0.0,0.0,0.0,0.004018487032511199,0.0,0.0,0.02026067232579397,0.0,0.0,0.0,0.0,6.731567581041052e-07,0.0,0.0016719722828032655,0.00016327802023281503,0.0,0.0,0.00594138356261228,0.0,0.0,0.0,0.0,0.004572433383386991
2018-09-24 21:00:00,0.0,0.0,0.0,0.004226605230262718,0.0,0.0,0.01849713142529035,0.0,0.0,0.0,0.0,7.080196729691892e-07,0.0,0.0017939086655429613,0.00016145793445531683,0.0,0.0,0.006249088932617832,0.0,0.0,0.0,0.0,0.003664928041566084
2018-09-24 22:00:00,0.0,0.0,0.0,0.00403613478550147,0.0,0.0,0.017655064058897205,0.0,0.0,0.0,0.0,6.761130210196358e-07,0.0,0.0016376388104388517,0.00017327781900847335,0.0,0.0,0.005967475987120595,0.0,0.0,0.0,0.0,0.003880611990933984
2018-09-24 23:00:00,0.0,0.0,0.0,0.004139811602756322,0.0,0.0,0.017629048342673106,0.0,0.0,0.0,0.0,6.934804405556929e-07,0.0,0.0016331654734279425,0.00015641950871669283,0.0,0.0,0.006120763463944179,0.0,0.0,0.0,0.0,0.004667079663020657
2018-09-25 00:00:00,0.0,0.0,0.0,0.004245107092571101,0.0,0.0,0.017773468306626346,0.0,0.0,0.0,0.0,7.111190119864951e-07,0.0,0.0016725439636522238,0.00015695759719324063,0.0,0.0,0.0062764441684833175,0.0,0.0,0.0,0.0,0.004427113981401588
2018-09-25 01:00:00,0.0,0.0,0.0,0.004211036304548667,0.0,0.0,0.017834798869255524,0.0008061144845282304,0.0,0.0,0.0,7.054116447545791e-07,0.0,0.0016601000898448846,0.00014296901480587086,0.0,0.0,0.0062260700803541255,0.0,0.0,0.0,0.0,0.00483048096424282
2018-09-25 02:00:00,0.0,0.0,0.0,0.004153028223579633,0.0,0.0,0.020017799003480677,0.016912231018549582,0.0,0.0,0.0,7.004923150421799e-07,0.0,0.001622554902026392,0.00014618535960509807,0.0,0.0,0.0061826513307977286,0.0,0.0,0.0,0.0,0.0048973725875804675
2018-09-25 03:00:00,0.0,0.0,0.0,0.004000951782154341,0.0,0.0,0.026633661777136646,0.02129527139229274,0.0,0.0,0.0,6.725225003121355e-07,0.0,0.0015865531147761017,0.00016866424646440984,0.0,0.0,0.005935785507219834,0.0,0.0,0.0,0.0,0.00463497578443719
2018-09-25 04:00:00,0.0,0.0,0.0,0.0038912146649167523,0.0,0.0,0.03544365073930044,0.01802637141619489,0.0,0.0,0.0,6.518367305233337e-07,0.04445326052517104,0.0016146039141651048,0.00027214811628527806,0.0,0.0,0.005753209768176057,0.0,2.6819853535547987e-05,0.0,0.0,0.004367621781316042
2018-09-25 05:00:00,0.0,0.0,0.0,0.003202887682437408,0.0,0.0,0.03166299085311497,0.02144824751729668,0.0,0.0,0.0,5.365316526936256e-07,0.12147562728782207,0.0014355690209566566,0.0003631960143347516,0.0,0.0,0.0047355096769928235,0.0,0.00034217211897306265,0.0,0.0,0.0033540369315455433
2018-09-25 06:00:00,0.0,0.0,0.0,0.003408389274253394,0.0,0.0,0.03421136105033836,0.024390312394080283,0.0,0.0,0.0,5.709562468786751e-07,0.10153816380183978,0.0015179615491297605,0.0004504055643558653,0.0,0.0,0.005039346362249754,0.0,0.000986664930612792,0.0,0.0,0.0031130972919008906
2018-09-25 07:00:00,0.0,0.0,0.0,0.0032887968520936644,0.0,0.0,0.032949784086961593,0.023826563971437602,0.0,0.0,0.0,5.585744296880114e-07,0.05936017360268892,0.0014458108653965327,0.00031713084431635966,0.0,0.0,0.004930062567284862,0.0,0.0018960621648688631,0.0,0.0,0.003845541154462383
2018-09-25 08:00:00,0.0,0.0,0.0,0.0032842411188245355,0.0,0.0,0.041327590956237704,0.023490481021672286,0.0,0.0,0.0,5.501595716232941e-07,0.02485058335191218,0.001349375168270495,0.0001922893422129355,0.0,0.0,0.004855791754750444,0.0,0.0025239521281811297,0.0,0.0,0.003886856025639103
2018-09-25 09:00:00,0.0,0.0,0.0,0.0031382671093387673,0.0,0.0,0.03810275369927131,0.022391790177931706,0.0,0.0,0.0,5.257067389532104e-07,0.017515039917624035,0.001259094166792805,0.0002301423690763676,0.0,0.0,0.00463996734782549,0.0,0.0028335599968987856,0.0,0.0,0.0033734613399899085
2018-09-25 10:00:00,0.0,0.0,0.0,0.0031812216176513516,0.0,0.0,0.04149848955383676,0.022797924359710973,0.0,0.0,0.0,5.329022623747668e-07,0.01658159761437072,0.0012311726957915986,0.0001793592164357998,0.0,0.0,0.004703476128011598,0.0,0.0033327959493095064,0.0,0.0,0.002668217808958489
2018-09-25 11:00:00,0.0,0.0,0.0,0.0032754052033362163,0.0,0.0,0.04459649326834997,0.023552684487094123,0.0,0.0,0.0,5.486794234538768e-07,0.01739066869764312,0.0012702904324503963,0.00016902913643552023,0.0,0.0,0.004842727742693618,0.0,0.0034314670607845077,0.0,0.0,0.0021432304144179807
2018-09-25 12:00:00,0.0,0.0,0.0,0.003320654865700091,0.0,0.0,0.04700291206603885,0.023831832809764975,0.0,0.0,0.0,5.562594195508497e-07,0.017603585703960856,0.0012760075938425485,0.00019413039751405334,0.0,0.0,0.004909629936979031,0.0,0.003089788266456813,0.0,0.0,0.002027437051802461
2018-09-25 13:00:00,0.0,0.0,0.0,0.0035080912254616533,0.0,0.0,0.043309567631202715,0.025152615294516466,0.0,0.0,0.0,5.8765781682503e-07,0.01842396455524592,0.0013458898226319563,0.00020431979605605417,0.0,0.0,0.005186756949686426,0.0,0.0026959818094983595,0.0,0.0,0.0020683175442068416
2018-09-25 14:00:00,0.0,0.0,0.0,0.003654611706372037,0.0,0.0,0.04457198074353097,0.02617771092277425,0.0,0.0,0.0,6.122021916425971e-07,0.02737626307966602,0.0014163471342312506,0.00023614812283911718,0.0,0.0,0.0054033893214781034,0.0,0.002052910715412296,0.0,0.0,0.0021186418160049846
2018-09-25 15:00:00,0.0,0.0,0.0,0.0035861982150239982,0.0,0.0,0.04358654978373124,0.025712633530648836,0.0,0.0,0.0,6.00741907293328e-07,0.10464477906801177,0.001491483995615183,0.0003486123887419015,0.0,0.0,0.005302239115027854,0.0,0.0011864426200103655,0.0,0.0,0.0017781925401646912
2018-09-25 16:00:00,0.0,0.0,0.0,0.0035106749112366617,0.0,0.0,0.0427647625363809,0.02518335977361768,0.0,0.0,0.0,5.880906228851699e-07,0.14279552512770705,0.0014896871900624093,0.0005616588874493125,0.0,0.0,0.005190576961564129,0.0,0.0004960388460378717,0.0,0.0,0.0013943279341012108
2018-09-25 17:00:00,0.0,0.0,0.0,0.003191329680926955,0.0,0.0,0.04498416205571665,0.030145782027187536,0.0,0.0,0.0,5.34595514350017e-07,0.12085337669918392,0.0013430401865498626,0.0006412858531584536,0.0,0.0,0.004718421026554169,0.0,6.598787422174186e-05,0.0,0.0,0.001190736019690792
2018-09-25 18:00:00,0.0,0.0,0.0,0.003439486445299548,0.0,0.0,0.038478561268844295,0.03502780979577789,0.0,0.0,0.0,5.761654887346969e-07,0.1323120873195205,0.0014541775228656556,0.000492108682037376,0.0,0.0,0.005085323920321379,0.0,0.0,0.0,0.0,0.0015039322855828789
2018-09-25 19:00:00,0.0,0.0,0.0,0.004026599591323725,0.0,0.0,0.03972969096447085,0.04172173374664725,0.0,0.0,0.0,6.745157331974642e-07,0.10048515109182819,0.0016331843578109265,0.0003272152948224141,0.0,0.0,0.005953378082736276,0.0,0.0,0.0,0.0,0.0015073551232039108
2018-09-25 20:00:00,0.0,0.0,0.0,0.004636932824378678,0.0,0.0,0.045624781364708725,0.04494703555251837,0.0,0.0,0.0,7.767556899778461e-07,0.0008244723499927258,0.0017600911171109408,0.00024609651552766614,0.0,0.0,0.006855763435544703,0.0,0.0,0.0,0.0,0.001558532100577483
2018-09-25 21:00:00,0.0,0.0,0.0,0.004400015290656527,0.0,0.0,0.036196634923430004,0.02632016292403432,0.0,0.0,0.0,7.447196846809999e-07,0.0,0.0016770249659438822,0.00014304813922315848,0.0,0.0,0.006573008797801015,0.0,0.0,0.0,0.0,0.001291363617957375
2018-09-25 22:00:00,0.0,0.0,0.0,0.004556281171725111,0.0,0.0,0.03443397532383149,0.02732061187503523,0.0,0.0,0.0,7.959558444904822e-07,0.0,0.0017168730266285254,0.00013988006539980834,0.0,0.0,0.007025226909018961,0.0,0.0,0.0,0.0,0.0009523731504084247
2018-09-25 23:00:00,0.0,0.0,0.0,0.004446007371048431,0.0,0.0,0.03409858798192035,0.026675520959841298,0.0,0.0,0.0,7.766916523050933e-07,0.0,0.001690694528298059,0.00012065149037102186,0.0,0.0,0.006855198229340204,0.0,0.0,0.0,0.0,0.000654815462367488
2018-09-26 00:00:00,0.0,0.0,0.0,0.004485348386609598,0.0,0.0,0.0286176708772545,0.035133182975185626,0.0,0.0,0.0,7.835642991159232e-07,0.0,0.0016990560309432308,0.00011444462576046248,0.0,0.0,0.006915857251628724,0.0,0.0,0.0,0.0,0.00040963569272266806
2018-09-26 01:00:00,0.0,0.0,0.0,0.00457436644684531,0.0,0.0,0.025588914247383847,0.049345737615567,0.0,0.0,0.0,7.991152369617967e-07,0.0,0.001686709497759735,8.223405930327723e-05,0.0,0.0,0.00705311218577051,0.0,0.0,0.0,0.0,0.0003236211545134504
2018-09-26 02:00:00,0.0,0.0,0.0,0.004561599019791753,0.0,0.0,0.029024021483036812,0.04890997697957177,0.0,0.0,0.0,7.968848416461064e-07,0.0,0.001657510681028264,8.825647186458408e-05,0.0,0.0,0.007033426378702195,0.0,0.0,0.0,0.0,0.0001906969418980869
2018-09-26 03:00:00,0.0,0.0,0.0,0.004243804007201273,0.0,0.0,0.05611045320175017,0.041297333623001586,0.0,0.0,0.0,7.413678996296534e-07,0.0,0.0015108193580828655,0.00011555204174305256,0.0,0.0,0.0065434254349813845,0.0,0.0,0.0,0.0,0.00012828221253054076
2018-09-26 04:00:00,0.0,0.0,0.0,0.004010774582759078,0.0,0.0,0.07078808042280203,0.04301853427365268,0.0,0.0,0.0,7.006590132961983e-07,0.06247776815947655,0.001494589993088131,0.00025084632295905646,0.0,0.0,0.006184122634850489,0.0,2.8828648701460267e-05,0.0,0.0,0.0001289767780411164
2018-09-26 05:00:00,0.0,0.0,0.0,0.0037532689299814245,0.0,0.0,0.08792314609865441,0.040120362889940496,0.0,0.0,0.0,6.556742721020754e-07,0.0732619219299076,0.00145567033208232,0.00036677228616428944,0.0,0.0,0.005787080491721925,0.0,0.0004181551152013759,0.0,0.0,0.00012552386195509793
2018-09-26 06:00:00,0.0,0.0,0.0,0.003602018588909447,0.0,0.0,0.0941897807020754,0.03873891502458253,0.0,0.0,0.0,6.292517164212464e-07,0.07999424262772509,0.0013850452880834908,0.0003221245144602809,0.0,0.0,0.005553871010996477,0.0,0.001139186050080157,0.0,0.0,9.961567236248336e-05
2018-09-26 07:00:00,0.0,0.0,0.0,0.0035145156904702866,0.0,0.0,0.10193627002141083,0.037683031930126315,0.0,0.0,0.0,6.139654685367385e-07,0.04696332726796781,0.0013318896819538484,0.0001663417599056104,0.0,0.0,0.005418952270566946,0.0,0.0022356550200853136,0.0,0.0,9.267500295476201e-05
2018-09-26 08:00:00,0.0,0.0,0.0,0.003339387615638173,0.0,0.0,0.13093930027571488,0.03581741073504037,0.0,0.0,0.0,5.833716115197428e-07,0.008496916981831327,0.0012403500741849003,0.00015134028499869906,0.0,0.0,0.005148926252095959,0.0,0.002976353763440317,0.0,0.0,0.00017396629583171186
2018-09-26 09:00:00,0.0,0.0,0.0,0.0031524384227480684,0.0,0.0,0.15758353427091576,0.03390377955157645,0.0,0.0,0.0,5.50712673869651e-07,0.0,0.0011125810410374875,0.00012371314289894513,0.0,0.0,0.00486067351899835,0.0,0.0034101944559723017,0.0,0.0,0.0004926813820667298
2018-09-26 10:00:00,0.0,0.0,0.0,0.00308143940334386,0.0,0.0,0.1746829210813148,0.033162571488198594,0.0,0.0,0.0,5.383095577497396e-07,0.007660701685722188,0.0010468641068274384,9.460170016287367e-05,0.0,0.0,0.004751201736456109,0.0,0.003964630289618068,0.0,0.0,0.0006639138124242722
2018-09-26 11:00:00,0.0,0.0,0.0,0.003000190790094251,0.0,0.0,0.16117485676430907,0.032462407730889244,0.0,0.0,0.0,5.241158971446617e-07,0.0009014326212145367,0.0010427862323366735,7.428895044135602e-05,0.0,0.0,0.004625926336934284,0.0,0.003957135977887957,0.0,0.0,0.0008393660432879571
2018-09-26 12:00:00,0.0,0.0,0.0,0.0030209273766498954,0.0,0.0,0.16193058167672736,0.03257712958736084,0.0,0.0,0.0,5.277384583171755e-07,0.002323617505391763,0.0010509559231152855,0.0001023357803767857,0.0,0.0,0.004657899610834927,0.0,0.0036696362855107066,0.0,0.0,0.0009559136275292178
2018-09-26 13:00:00,0.0,0.0,0.0,0.0031771367875867646,0.0,0.0,0.13627239563134413,0.03420399969877579,0.0,0.0,0.0,5.550273346866163e-07,0.0,0.001107612870600795,9.978945993127428e-05,0.0,0.0,0.004898755369247263,0.0,0.003277055874258137,0.0,0.0,0.0011259024841695307
2018-09-26 14:00:00,0.0,0.0,0.0,0.0033626645561199036,0.0,0.0,0.12900861367750174,0.02489909621811373,0.0,0.0,0.0,5.874379577613368e-07,0.01608462780965177,0.0011788195841953295,0.00010369632746062154,0.0,0.0,0.005184816440271061,0.0,0.002441186457149896,0.0,0.0,0.001388455098569613
2018-09-26 15:00:00,0.0,0.0,0.0,0.0035597485919792913,0.0,0.0,0.07329638742523255,0.02143559617241543,0.0,0.0,0.0,6.21867393585346e-07,0.02036435614652986,0.001337747794671496,0.0002070254786620583,0.0,0.0,0.005488695858567189,0.0,0.0014200653870197458,0.0,0.0,0.0015614100373249206
2018-09-26 16:00:00,0.0,0.0,0.0,0.003507704207466109,0.0,0.0,0.055584188018540384,0.02104581241059,0.0,0.0,0.0,6.12775542036928e-07,0.05438825716378963,0.001367080345724614,0.0003063986878941883,0.0,0.0,0.005408449798948594,0.0,0.0006051042974912492,0.0,0.0,0.001617541324179982
2018-09-26 17:00:00,0.0,0.0,0.0,0.003301246638098045,0.0,0.0,0.05226184159285098,0.019735195494866926,0.0,0.0,0.0,5.767086043778567e-07,0.09176375333219111,0.0013227159040073812,0.00044287791571839385,0.0,0.0,0.005090117541296018,0.0,0.00011864351591299846,0.0,0.0,0.0021274480248514257
2018-09-26 18:00:00,0.0,0.0,0.0,0.0034070607366756874,0.0,0.0,0.05345058774232866,0.020479063559792676,0.0,0.0,0.0,5.951937125215401e-07,0.11623156647560492,0.0013779276850115465,0.00041784899330768525,0.0,0.0,0.005253269907154025,0.0,0.0,0.0,0.0,0.0023073926885119056
2018-09-26 19:00:00,0.0,0.0,0.0,0.003993372604427742,0.0,0.0,0.06631488563136752,0.02393077664309245,0.0,0.0,0.0,6.976189888033115e-07,0.02106923297276522,0.0015446737879713512,0.00022740926381922916,0.0,0.0,0.006157290917966524,0.0,0.0,0.0,0.0,0.0021574085004460583
2018-09-26 20:00:00,0.0,0.0,0.0,0.004187136204924643,0.0,0.0,0.057494729223419354,0.0250007398217321,0.0,0.0,0.0,7.314683638642967e-07,0.0,0.0015383373633545056,0.0001848821615845117,0.0,0.0,0.006456050632061132,0.0,0.0,0.0,0.0,0.0014784365755648227
2018-09-26 21:00:00,0.0,0.0,0.0,0.0042852097054284066,0.0,0.0,0.029448935527044008,0.025679646376027217,0.0,0.0,0.0,7.48601234504511e-07,0.0,0.0015211406942660984,0.0001977286085240984,0.0,0.0,0.006607267944784582,0.0,0.0,0.0,0.0,0.0010335145923168621
2018-09-26 22:00:00,0.0,0.0,0.0,0.004459659951200958,0.0,0.0,0.018740637325562713,0.025982698132916152,0.0,0.0,0.0,7.574356598701813e-07,0.0,0.0015509945095375786,0.00021719608220175345,0.0,0.0,0.006685241921901812,0.0,0.0,0.0,0.0,0.0006831980817133969
2018-09-26 23:00:00,0.0,0.0,0.0,0.004644711612553105,0.0,0.0,0.01914139446861901,0.027077228030790504,0.0,0.0,0.0,7.888651250670944e-07,0.0,0.0016041202632351228,0.00011542515087756244,0.0,0.0,0.0069626431448035295,0.0,0.0,0.0,0.0,0.0004007897898661837
2018-09-27 00:00:00,0.0,0.0,0.0,0.0049769902900332,0.0,0.0,0.020532007722763774,0.028979183908636387,0.0,0.0,0.0,8.4529985822879e-07,0.0,0.001689082506162396,0.00016347319618112175,0.0,0.0,0.007460744652261698,0.0,0.0,0.0,0.0,0.0002738597923074115
2018-09-27 01:00:00,0.0,0.0,0.0,0.005224177544704346,0.0,0.0,0.021507130723317235,0.03049220498307088,0.0,0.0,0.0,8.872825303163599e-07,0.0,0.0017584904110086175,0.00018528251635816902,0.0,0.0,0.007831290078498143,0.0,0.0,0.0,0.0,0.00030052773921877894
2018-09-27 02:00:00,0.0,0.0,0.0,0.005180939774394433,0.0,0.0,0.02863074633578597,0.030007664348260864,0.0,0.0,0.0,8.768941879205531e-07,0.0,0.001708134917486532,0.0002433101164513524,0.0,0.0,0.007739600994179853,0.0,0.0,0.0,0.0,0.0004035450372246993
2018-09-27 03:00:00,0.0,0.0,0.0,0.004855910202348373,0.0,0.0,0.04759531076510032,0.028664314499695077,0.0,0.0,0.0,8.134376801546568e-07,0.029443801381452642,0.0015736500369355063,0.0001909221606450713,0.0,0.0,0.007179524239928848,0.0,0.0,0.0,0.0,0.0004252530493959835
2018-09-27 04:00:00,0.0,0.0,0.0,0.0040580330676910845,0.0,0.0,0.05876497839582718,0.03484414203831186,0.0,0.0,0.0,6.797813112312375e-07,0.0826030559558188,0.0014057332836207403,0.0003285252784473063,0.0,0.0,0.005999852872450375,0.0,4.195445197324282e-05,0.0,0.0,0.00031033139379611877
2018-09-27 05:00:00,0.0,0.0,0.0,0.0034432344636350434,0.0,0.0,0.06264656015681236,0.035353601490644974,0.0,0.0,0.0,5.767933379355589e-07,0.12968423589515704,0.0012500495304176252,0.0005630119972087727,0.0,0.0,0.005090865412517502,0.0,0.00039158112755676187,0.0,0.0,0.0002590686561969435
2018-09-27 06:00:00,0.0,0.0,0.0,0.003466450060487414,0.0,0.0,0.09761486890428617,0.03577294503657447,0.0,0.0,0.0,5.806822980810463e-07,0.10792472853694834,0.0012452190057046471,0.00043659025054133425,0.0,0.0,0.005125189964125851,0.0,0.0010990412460263055,0.0,0.0,0.0001881291378449796
2018-09-27 07:00:00,0.0,0.0,0.0,0.0034488066696885143,0.0,0.0,0.11910142554763674,0.036389446633029406,0.0,0.0,0.0,5.857507487575908e-07,0.052145045643352754,0.0012465272938964082,0.0003336324858025249,0.0,0.0,0.005169924877910786,0.0,0.002229318694820736,0.0,0.0,0.00013585893569353823
2018-09-27 08:00:00,0.0,0.0,0.0,0.0032898119517290767,0.0,0.0,0.12315380373550829,0.03583937779081164,0.0,0.0,0.0,5.510927695626234e-07,0.031240490540475736,0.0011414817087352215,0.0002906887350466497,0.0,0.0,0.004864028301187281,0.0,0.0029363786267815667,0.0,0.0,9.941584294455783e-05
2018-09-27 09:00:00,0.0,0.0,0.0,0.0032935775860449728,0.0,0.0,0.14620263405902864,0.04195139601825091,0.0,0.0,0.0,5.574508039916014e-07,0.005949825851633113,0.0010864599652605693,0.00018273783553085128,0.0,0.0,0.004920145276605079,0.0,0.0036239417298306086,0.0,0.0,8.619670066428255e-05
2018-09-27 10:00:00,0.0,0.0,0.0,0.003289249753211991,0.0,0.0,0.14545819690834594,0.04740016711861968,0.0,0.0,0.0,5.547985831874293e-07,0.0,0.0010298008470352804,0.00010265010191315019,0.0,0.0,0.0048967363738485975,0.0,0.004359997933218947,0.0,0.0,0.00010212690105085551
2018-09-27 11:00:00,0.0,0.0,0.0,0.0033447062521519853,0.0,0.0,0.1441573789947871,0.050849378503535804,0.0,0.0,0.0,5.602883869708961e-07,0.0,0.0010347373741638867,6.681501134479415e-05,0.0,0.0,0.004945190214010465,0.0,0.004564512324895153,0.0,0.0,0.00010520020915324679
2018-09-27 12:00:00,0.0,0.0,0.0,0.0033675754357738548,0.0,0.0,0.1447671514009195,0.05140803643554615,0.0,0.0,0.0,5.641193177124506e-07,0.0,0.0010350047324177074,6.439510157096896e-05,0.0,0.0,0.004979002589305459,0.0,0.0042127450227966955,0.0,0.0,7.268985833909869e-05
2018-09-27 13:00:00,0.0,0.0,0.0,0.003368301481807017,0.0,0.0,0.14505374629520207,0.036178614939196434,0.0,0.0,0.0,5.642409412961435e-07,0.0,0.001022589384527953,0.0001077909826605894,0.0,0.0,0.0049800760574869474,0.0,0.003575220970433194,0.0,0.0,6.647362761400617e-05
2018-09-27 14:00:00,0.0,0.0,0.0,0.0035046375798409735,0.0,0.0,0.11508323796431714,0.03672813562759971,0.0,0.0,0.0,5.870792794623739e-07,0.01921937595529978,0.0011273344232543238,0.00017295198539426195,0.0,0.0,0.005181650691247421,0.0,0.0026208614540300006,0.0,0.0,7.99711392236568e-05
2018-09-27 15:00:00,0.0,0.0,0.0,0.003683620558038559,0.0,0.0,0.09510361933821965,0.04083470047920035,0.0,0.0,0.0,6.170616087282251e-07,0.038436925555456455,0.0013125166214926873,0.00023866804764603492,0.0,0.0,0.005446279273110977,0.0,0.0015233417689009654,0.0,0.0,0.00011358823141691299
2018-09-27 16:00:00,0.0,0.0,0.0,0.0035388152910743645,0.0,0.0,0.08657283428151012,0.04887362980811217,0.0,0.0,0.0,5.928045579333884e-07,0.11215863410113452,0.0013160925240215428,0.00046198236268214766,0.0,0.0,0.00523218286668731,0.0,0.0006219697850694304,0.0,0.0,0.0002444355467985009
2018-09-27 17:00:00,0.0,0.0,0.0,0.0032626752850193974,0.0,0.0,0.0829576073922054,0.05095361299193289,0.0,0.0,0.0,5.46546971494781e-07,0.13925607372410556,0.0012067050971668561,0.0006740605207372582,0.0,0.0,0.004823906398533729,0.0,0.00011243850675627603,0.0,0.0,0.000525173502388121
2018-09-27 18:00:00,0.0,0.0,0.0,0.003615706693390838,0.0,0.0,0.08342048715443348,0.041352884653800374,0.0,0.0,0.0,6.056850193335811e-07,0.12088763642244336,0.0013285452019805677,0.0004940374123466791,0.0,0.0,0.0053458677710140545,0.0,0.0,0.0,0.0,0.0010235152642271664
2018-09-27 19:00:00,0.0,0.0,0.0,0.0039428234827504184,0.0,0.0,0.08397586442599544,0.04077134559050098,0.0,0.0,0.0,6.60481980395096e-07,0.09542798043892092,0.0013254552563485302,0.0002966574891084706,0.0,0.0,0.0058295140537148816,0.0,0.0,0.0,0.0,0.001531920856978252
2018-09-27 20:00:00,0.0,0.0,0.0,0.004460568635561283,0.0,0.0,0.082912743166074,0.034124238613885485,0.0,0.0,0.0,7.472120471517079e-07,0.04765291848533872,0.0013619126019994892,0.0002025399859450596,0.0,0.0,0.006595006766680126,0.0,0.0,0.0,0.0,0.0014634918349721452
2018-09-27 21:00:00,0.0,0.0,0.0,0.004948445680879134,0.0,0.0,0.07929824065743578,0.025662568725871773,0.0,0.0,0.0,8.289387586036902e-07,0.0002362589924699619,0.0014003314954954718,0.00022339222446685067,0.0,0.0,0.0073163391074780315,0.0,0.0,0.0,0.0,0.0016449246839428955
2018-09-27 22:00:00,0.0,0.0,0.0,0.005103424732674115,0.0,0.0,0.07784161872244699,0.0015075476175537646,0.0,0.0,0.0,8.637744659162743e-07,0.0,0.001433232632602571,0.00017156382483258348,0.0,0.0,0.007623804339501968,0.0,0.0,0.0,0.0,0.0014978077555216497
2018-09-27 23:00:00,0.0,0.0,0.0,0.004964519418927139,0.0,0.0,0.07603885130868604,0.0,0.0,0.0,0.0,8.43181785867055e-07,0.0,0.0014120209345173703,0.00019161901258875382,0.0,0.0,0.0074420502246073175,0.0,0.0,0.0,0.0,0.0012168641307197614
2018-09-28 00:00:00,0.0,0.0,0.0,0.004608212306586454,0.0,0.0,0.06941054589879374,0.0,0.0,0.0,0.0,7.826660255388423e-07,0.0,0.001288595572594132,0.00019331966223976073,0.0,0.0,0.0069079289529058105,0.0,0.0,0.0,0.0,0.0018268401426645062
2018-09-28 01:00:00,0.0,0.0,0.0,0.004539209903055302,0.0,0.0,0.0673922564757691,0.0,0.0,0.0,0.0,7.709465488022424e-07,0.0,0.0012468112428598275,0.00017580787949444726,0.0,0.0,0.006804491075164882,0.0,0.0,0.0,0.0,0.0027389644040486374
2018-09-28 02:00:00,0.0,0.0,0.0,0.004375245726900073,0.0,0.0,0.0645748932247606,0.0,0.0,0.0,0.0,7.430986152557031e-07,0.0,0.0011926776536661406,0.00020404847270347765,0.0,0.0,0.006558700993383456,0.0,0.0,0.0,0.0,0.003269257761500172
2018-09-28 03:00:00,0.0,0.0,0.0,0.004334172330402628,0.0,0.0,0.07357874158820189,0.0,0.0,0.0,0.0,7.335755078180527e-07,0.0,0.0011900031901140222,0.00019673340014260217,0.0,0.0,0.0064746486039305145,0.0,0.0,0.0,0.0,0.0027925449206240727
2018-09-28 04:00:00,0.0,0.0,0.0,0.00412239552892519,0.0,0.0,0.0769740823267503,0.0,0.0,0.0,0.0,6.905629873689049e-07,0.06947745392941622,0.0013177747630043891,0.00034845417374984605,0.0,0.0,0.006095013579983284,0.0,4.261987084580573e-05,0.0,0.0,0.0019271135685394816
2018-09-28 05:00:00,0.0,0.0,0.0,0.003705510165728408,0.0,0.0,0.0774933443778672,0.0,0.0,0.0,0.0,6.207284458312084e-07,0.12823372225467375,0.0013306092714477425,0.0006158806578300651,0.0,0.0,0.005478643333083871,0.0,0.0004086384267219909,0.0,0.0,0.0009255320820061554
2018-09-28 06:00:00,0.0,0.0,0.0,0.0034799616583579,0.0,0.0,0.08167379176682418,0.0,0.0,0.0,0.0,5.829456930716776e-07,0.14312754595351088,0.0012642435090609915,0.000591808556582254,0.0,0.0,0.005145167031326231,0.0,0.001091332446568008,0.0,0.0,0.00037343253468251624
2018-09-28 07:00:00,0.0,0.0,0.0,0.003520506588444321,0.0,0.0,0.10441548676652893,0.0,0.0,0.0,0.0,5.979283757223595e-07,0.07726979254451476,0.001284589566529436,0.00021187809360604808,0.0,0.0,0.005277406458997298,0.0,0.002226462148138828,0.0,0.0,0.00022453504890480899
2018-09-28 08:00:00,0.0,0.0,0.0,0.0034695999959851987,0.0,0.0,0.15221737328345888,0.0,0.0,0.0,0.0,5.892823199977218e-07,0.004575287524909592,0.0011803207699303327,0.00013037411215044406,0.0,0.0,0.005201095060878872,0.0,0.0030913712876291903,0.0,0.0,0.00018440688984358998
2018-09-28 09:00:00,0.0,0.0,0.0,0.0033871919502907024,0.0,0.0,0.16163521715168117,0.0,0.0,0.0,0.0,5.752860079128926e-07,0.006021453099904629,0.0010521462502729854,0.00013329538796160424,0.0,0.0,0.0050775614893045435,0.0,0.003692546579721414,0.0,0.0,0.00018214492224160347
2018-09-28 10:00:00,0.0,0.0,0.0,0.0034420019740826445,0.0,0.0,0.1577315603818445,0.0,0.0,0.0,0.0,5.845950285540675e-07,0.00013214502997562728,0.0010199407298525957,0.00015494460586570771,0.0,0.0,0.005159724316247359,0.0,0.004534026406142636,0.0,0.0,0.00020231019911904168
2018-09-28 11:00:00,0.0,0.0,0.0,0.0033416602923325013,0.0,0.0,0.14963828647132515,0.0,0.0,0.0,0.0,5.65588988861344e-07,0.0,0.0009827545135136818,0.00014051482552917554,0.0,0.0,0.004991974129591371,0.0,0.004549516876478348,0.0,0.0,0.00016449884133280785
2018-09-28 12:00:00,0.0,0.0,0.0,0.003488725242979235,0.0,0.0,0.154097105497568,0.0,0.0,0.0,0.0,5.844137247376608e-07,0.0,0.0010076503296213523,0.0001287620592289389,0.0,0.0,0.005158124101287516,0.0,0.004292162935179159,0.0,0.0,0.00019148961211678023
2018-09-28 13:00:00,0.0,0.0,0.0,0.003633929428293829,0.0,0.0,0.15297653882956672,0.0,0.0,0.0,0.0,6.066599975988179e-07,0.0,0.0010473768952874273,0.00010534430099798607,0.0,0.0,0.005354473076939077,0.0,0.0037441582039446967,0.0,0.0,0.00020547925978869116
2018-09-28 14:00:00,0.0,0.0,0.0,0.0037988163882052882,0.0,0.0,0.13574060875193947,0.0,0.0,0.0,0.0,6.277591944143681e-07,0.0,0.0010958485824280988,0.00018157071368384183,0.0,0.0,0.005540697785574988,0.0,0.002712064126561746,0.0,0.0,0.0002704043975497055
2018-09-28 15:00:00,0.0,0.0,0.0,0.004061868634426569,0.0,0.0,0.11335930933401048,0.0,0.0,0.0,0.0,6.712289095312856e-07,0.013602766048581892,0.00129335103867299,0.00018536688947661515,0.0,0.0,0.005924368078946908,0.0,0.001601829248904215,0.0,0.0,0.0003780914792156757
2018-09-28 16:00:00,0.0,0.0,0.0,0.0038742416265255585,0.0,0.0,0.08274430351061919,0.0,0.0,0.0,0.0,6.402233100777245e-07,0.06461412745704363,0.001354167719353743,0.0004199103866862078,0.0,0.0,0.005650707959332037,0.0,0.0006453794604628897,0.0,0.0,0.0004501939515510256
2018-09-28 17:00:00,0.0,0.0,0.0,0.0035956626893274826,0.0,0.0,0.06423699135796161,0.0,0.0,0.0,0.0,5.941877897142632e-07,0.1096990360703292,0.0012456014165732722,0.00065551008864027,0.0,0.0,0.005244391480011373,0.0,0.00012223942550731317,0.0,0.0,0.0006912666608936439
2018-09-28 18:00:00,0.0,0.0,0.0,0.00380978193666478,0.0,0.0,0.0683630343596125,0.0,0.0,0.0,0.0,6.295712651131824e-07,0.08082686416767226,0.00132119729256279,0.0004926932974049331,0.0,0.0,0.0055566913961784805,0.0,0.0,0.0,0.0,0.0015830710524289118
2018-09-28 19:00:00,0.0,0.0,0.0,0.004266421925800643,0.0,0.0,0.072701241734742,0.0,0.0,0.0,0.0,7.05031598654795e-07,0.008335700110125356,0.0013068226762864932,0.00032772969117292246,0.0,0.0,0.006222715735882191,0.0,0.0,0.0,0.0,0.0024191305194286297
2018-09-28 20:00:00,0.0,0.0,0.0,0.0043670394618736804,0.0,0.0,0.06370326068762673,0.0,0.0,0.0,0.0,7.19228945743063e-07,0.0,0.0012048199242659474,0.0001720079223650614,0.0,0.0,0.0063480236728633305,0.0,0.0,0.0,0.0,0.0033707796807602055
2018-09-28 21:00:00,0.0,0.0,0.0,0.004649141929719324,0.0,0.0,0.02717057157147552,0.0,0.0,0.0,0.0,7.580328740181269e-07,0.0,0.0011870981691486867,9.00989090736117e-05,0.0,0.0,0.0066905130244782115,0.0,0.0,0.0,0.0,0.004833600292080378
2018-09-28 22:00:00,0.0,0.0,0.0,0.004581104668646378,0.0,0.0,0.01568250479760033,0.0,0.0,0.0,0.0,7.469395408114633e-07,0.0,0.001096447653708418,9.268709515668395e-05,0.0,0.0,0.006592601584423325,0.0,0.0,0.0,0.0,0.005590589894402975
2018-09-28 23:00:00,0.0,0.0,0.0,0.004569946172705336,0.0,0.0,0.015588099666672158,0.0,0.0,0.0,0.0,7.451201713717315e-07,0.0,0.0010796098592864359,6.303738405293407e-05,0.0,0.0,0.006576543554026385,0.0,0.0,0.0,0.0,0.005774484591377206
2018-09-29 00:00:00,0.0,0.0,0.0,0.004517077085318058,0.0,0.0,0.015852216604836763,0.0,0.0,0.0,0.0,7.364999771800446e-07,0.0,0.0010941672142888456,5.7300354014842964e-05,0.0,0.0,0.006500460413717045,0.0,0.0,0.0,0.0,0.0055395681617143155
2018-09-29 01:00:00,0.0,0.0,0.0,0.004700038924723029,0.0,0.0,0.016552110051792357,0.0,0.0,0.0,0.0,7.663315226687338e-07,0.0,0.001143808398523084,7.385021465566079e-05,0.0,0.0,0.006763758155112382,0.0,0.0,0.0,0.0,0.005727268378024742
2018-09-29 02:00:00,0.0,0.0,0.0,0.00502924212582253,0.0,0.0,0.017969197524614625,0.0,0.0,0.0,0.0,8.200074165084572e-07,0.0,0.0012427895150754077,9.328345751465262e-05,0.0,0.0,0.007237509728618141,0.0,0.0,0.0,0.0,0.0051593459453974705
2018-09-29 03:00:00,0.0,0.0,0.0,0.004872591653179448,0.0,0.0,0.017659200130162634,0.0,0.0,0.0,0.0,7.944658843743538e-07,0.0,0.0012044240665223885,0.00013286586033023603,0.0,0.0,0.007012076295233481,0.0,0.0,0.0,0.0,0.00461255706502411
2018-09-29 04:00:00,0.0,0.0,0.0,0.004707926943264806,0.0,0.0,0.027639581478335153,0.0,0.0,0.0,0.0,7.676176476044577e-07,0.0029950450193992387,0.0012066398424630642,0.0002071677896683807,0.0,0.0,0.006775109688704791,0.0,0.0,0.0,0.0,0.004770371471472835
2018-09-29 05:00:00,0.0,0.0,0.0,0.0044827371029473,0.0,0.0,0.03097638785351698,0.0,0.0,0.0,0.0,7.309009148318213e-07,0.004647620457463135,0.0012664432537880161,0.00022784124606115816,0.0,0.0,0.006451042240904718,0.0,0.00036087543828435616,0.0,0.0,0.004555649149211092
2018-09-29 06:00:00,0.0,0.0,0.0,0.0041673478520664565,0.0,0.0,0.03750187798305806,0.0,0.0,0.0,0.0,6.794773567013722e-07,0.01691523643876514,0.0012214070543510266,0.00040860718037330853,0.0,0.0,0.005997170123706072,0.0,0.001006456623304371,0.0,0.0,0.0035472028576715047
2018-09-29 07:00:00,0.0,0.0,0.0,0.003958375774741012,0.0,0.0,0.05246817830653048,0.0,0.0,0.0,0.0,6.541265840739244e-07,0.003342974255886348,0.0011605040008270178,0.0003156136423977112,0.0,0.0,0.005773420362636381,0.0,0.0019108989465483183,0.0,0.0,0.0035738021566418714
2018-09-29 08:00:00,0.0,0.0,0.0,0.0036835830286070445,0.0,0.0,0.058290995033311754,0.0,0.0,0.0,0.0,6.026092107693389e-07,0.0,0.001017886883670104,0.00021653099735724818,0.0,0.0,0.005318720218493302,0.0,0.002529027257210667,0.0,0.0,0.0037205199212117152
2018-09-29 09:00:00,0.0,0.0,0.0,0.0036283524778593194,0.0,0.0,0.05270065350095155,0.0,0.0,0.0,0.0,5.935738671004254e-07,0.0,0.0009559361530878225,0.00012131132897389847,0.0,0.0,0.005238972905982872,0.0,0.003101673403711683,0.0,0.0,0.0034177974953281277
2018-09-29 10:00:00,0.0,0.0,0.0,0.003577988231530485,0.0,0.0,0.04700448073866633,0.0,0.0,0.0,0.0,5.872988279705084e-07,0.0,0.0009065694737683734,7.042000589135097e-05,0.0,0.0,0.005183588459652362,0.0,0.003878392369646115,0.0,0.0,0.003074634788084746
2018-09-29 11:00:00,0.0,0.0,0.0,0.0036205070442814832,0.0,0.0,0.045642902693354456,0.0,0.0,0.0,0.0,5.903161059970595e-07,0.0,0.0008977995164490314,0.00010412719375820477,0.0,0.0,0.005210219412777265,0.0,0.0041047707786842046,0.0,0.0,0.0028426748205801207
2018-09-29 12:00:00,0.0,0.0,0.0,0.0036692435198736094,0.0,0.0,0.045963971383772395,0.0,0.0,0.0,0.0,5.982624864735195e-07,0.0,0.0009157541839478493,6.977891509352436e-05,0.0,0.0,0.005280355371120865,0.0,0.003876947344465676,0.0,0.0,0.0026386597709813823
2018-09-29 13:00:00,0.0,0.0,0.0,0.003690803967274842,0.0,0.0,0.04617353057400023,0.0,0.0,0.0,0.0,6.017778723567076e-07,0.0,0.0009244266219180829,6.397265542113085e-05,0.0,0.0,0.005311382699675715,0.0,0.0033426242211276923,0.0,0.0,0.0025854841320340684
2018-09-29 14:00:00,0.0,0.0,0.0,0.003990149053615735,0.0,0.0,0.05349283447465352,0.0,0.0,0.0,0.0,6.505854629943828e-07,0.0,0.00101815511106565,0.0001219040561601809,0.0,0.0,0.0057421658913383985,0.0,0.002516226786868208,0.0,0.0,0.0024478796219242647
2018-09-29 15:00:00,0.0,0.0,0.0,0.0042177791571316944,0.0,0.0,0.06212113072467364,0.0,0.0,0.0,0.0,6.877000755808959e-07,0.0003514554552720542,0.001176005483350547,0.0003017787350692255,0.0,0.0,0.006069745086673655,0.0,0.0014572158082681726,0.0,0.0,0.001827978467980468
2018-09-29 16:00:00,0.0,0.0,0.0,0.0041714992660346565,0.0,0.0,0.05063949042634676,0.0,0.0,0.0,0.0,6.801542360716144e-07,0.04424535595515965,0.0012775991085993777,0.0004932360998990484,0.0,0.0,0.006003144363607568,0.0,0.0006436545091631887,0.0,0.0,0.0013622007438569047
2018-09-29 17:00:00,0.0,0.0,0.0,0.003943316167886305,0.0,0.0,0.03315782321144142,0.0,0.0,0.0,0.0,6.429494588661574e-07,0.1298164444082572,0.001183990450539288,0.0006408706013387877,0.0,0.0,0.005674769361681244,0.0,0.00010581674526813368,0.0,0.0,0.0013397632859918278
2018-09-29 18:00:00,0.0,0.0,0.0,0.004338555428840492,0.0,0.0,0.03387543332804458,0.0,0.0,0.0,0.0,7.07392394236812e-07,0.11522041051273861,0.0012846675533493698,0.0005005016367747413,0.0,0.0,0.00624355247546301,0.0,0.0,0.0,0.0,0.0016849983226358018
2018-09-29 19:00:00,0.0,0.0,0.0,0.005016754960214677,0.0,0.0,0.03824527634336975,0.0,0.0,0.0,0.0,8.179714102567332e-07,0.031521208709514414,0.0014030376137517296,0.0003538109022422074,0.0,0.0,0.0072195396288876725,0.0,0.0,0.0,0.0,0.002210390424632015
2018-09-29 20:00:00,0.0,0.0,0.0,0.005387062521959234,0.0,0.0,0.03605487090463598,0.0,0.0,0.0,0.0,8.783492841834209e-07,0.0009927341939678558,0.0014161613470297393,0.0003347907208718829,0.0,0.0,0.007752443894312907,0.0,0.0,0.0,0.0,0.0020049047619944233
2018-09-29 21:00:00,0.0,0.0,0.0,0.0057233022491337115,0.0,0.0,0.031090041300852665,0.0,0.0,0.0,0.0,9.331724688919437e-07,0.0,0.0015063351093544688,0.00020511491829167263,0.0,0.0,0.008236321630896366,0.0,0.0,0.0,0.0,0.001308945906583651
2018-09-29 22:00:00,0.0,0.0,0.0,0.005153204384416205,0.0,0.0,0.032810101270287446,0.0,0.0,0.0,0.0,8.402192036666124e-07,0.0,0.0012899080787876415,0.00013150865752071186,0.0,0.0,0.007415902025132692,0.0,0.0,0.0,0.0,0.0012156819259160061
2018-09-29 23:00:00,0.0,0.0,0.0,0.00519405750639618,0.0,0.0,0.034102986967291034,0.0,0.0,0.0,0.0,8.468802198143735e-07,0.0,0.0012735917657010324,9.988404322348162e-05,0.0,0.0,0.007474693163116754,0.0,0.0,0.0,0.0,0.001228437363849071
2018-09-30 00:00:00,0.0,0.0,0.0,0.005488784885969978,0.0,0.0,0.02412291143724988,0.0,0.0,0.0,0.0,8.949349030155906e-07,0.0,0.0013498219264834088,0.00011105171433919454,0.0,0.0,0.007898831079643615,0.0,0.0,0.0,0.0,0.0011432882158228077
2018-09-30 01:00:00,0.0,0.0,0.0,0.00562850108616825,0.0,0.0,0.021183327903480112,0.0,0.0,0.0,0.0,9.177153374235336e-07,0.0,0.0013770904111195738,0.00011615849130208005,0.0,0.0,0.008099894646058241,0.0,0.0,0.0,0.0,0.0010676523953087578
2018-09-30 02:00:00,0.0,0.0,0.0,0.005701291639950664,0.0,0.0,0.021632585732931826,0.0,0.0,0.0,0.0,9.295836850711576e-07,0.0,0.0013964330324575777,0.00013188209357719162,0.0,0.0,0.008204646481020964,0.0,0.0,0.0,0.0,0.0010917268264308358
2018-09-30 03:00:00,0.0,0.0,0.0,0.0056083768289955154,0.0,0.0,0.021165071140236552,0.0,0.0,0.0,0.0,9.144341193551815e-07,0.0,0.0013624017967988793,0.00012770011515075822,0.0,0.0,0.008070934118124809,0.0,0.0,0.0,0.0,0.0015688200999499395
2018-09-30 04:00:00,0.0,0.0,0.0,0.00535457645602422,0.0,0.0,0.020042627504081877,0.0,0.0,0.0,0.0,8.730524990349952e-07,0.0,0.0013035524711377052,0.0001083363453579206,0.0,0.0,0.007705693665875508,0.0,0.0,0.0,0.0,0.0019221016430863611
2018-09-30 05:00:00,0.0,0.0,0.0,0.005203767671765103,0.0,0.0,0.02256093081697691,0.0,0.0,0.0,0.0,8.484634419816176e-07,0.0,0.0013667242270706268,0.00012292508252435022,0.0,0.0,0.007488666921899062,0.0,0.0005236510351129865,0.0,0.0,0.0021897067574388972
2018-09-30 06:00:00,0.0,0.0,0.0,0.004628111735326725,0.0,0.0,0.04133521023970004,0.0,0.0,0.0,0.0,7.546039447796632e-07,0.0,0.0011943068971182209,0.00015432042286049036,0.0,0.0,0.0066602487753720345,0.0,0.0013350732662515278,0.0,0.0,0.0019002466653575741
2018-09-30 07:00:00,0.0,0.0,0.0,0.004343584071588067,0.0,0.0,0.03946178616014386,0.0,0.0,0.0,0.0,7.0821230392595e-07,0.0,0.0011264783180056184,0.0001824304357317716,0.0,0.0,0.006250789122635047,0.0,0.0025642697701835936,0.0,0.0,0.0014861858751761554
2018-09-30 08:00:00,0.0,0.0,0.0,0.00402323537490595,0.0,0.0,0.03308758897068629,0.0,0.0,0.0,0.0,6.559801185238221e-07,0.0,0.0010285909374203523,0.00015679580568484717,0.0,0.0,0.005789779938590687,0.0,0.0034547626794905633,0.0,0.0,0.0020672797370140596
2018-09-30 09:00:00,0.0,0.0,0.0,0.0039365628451035065,0.0,0.0,0.029316445700848754,0.0,0.0,0.0,0.0,6.418483437021974e-07,0.0,0.0010008038276470594,0.0001238757799678524,0.0,0.0,0.005665050752372289,0.0,0.0041461942982870805,0.0,0.0,0.002244868139886566
2018-09-30 10:00:00,0.0,0.0,0.0,0.003924670812037876,0.0,0.0,0.031480513885767274,0.0,0.0,0.0,0.0,6.399093725675381e-07,0.0,0.000946280369050863,7.605888656081666e-05,0.0,0.0,0.005647937099290518,0.0,0.005002529345893574,0.0,0.0,0.0023346776825231073
2018-09-30 11:00:00,0.0,0.0,0.0,0.003955922697505842,0.0,0.0,0.03378281319795519,0.0,0.0,0.0,0.0,6.450049271704922e-07,0.0,0.0009090730454735038,9.35324232029546e-05,0.0,0.0,0.0056929112364374895,0.0,0.005188327317831208,0.0,0.0,0.0026168536373542177
2018-09-30 12:00:00,0.0,0.0,0.0,0.003980414061329823,0.0,0.0,0.023637715899861474,0.0,0.0,0.0,0.0,6.489981928502166e-07,0.0,0.0009042773890098146,8.00244680622123e-05,0.0,0.0,0.005728156404498313,0.0,0.004766496525386011,0.0,0.0,0.002874378270133787
2018-09-30 13:00:00,0.0,0.0,0.0,0.004100545866094499,0.0,0.0,0.01837471395687386,0.0,0.0,0.0,0.0,6.685854325179567e-07,0.0,0.0009401017730860364,9.68644203159773e-05,0.0,0.0,0.005901036350213513,0.0,0.004140101442183692,0.0,0.0,0.0029143614814416733
2018-09-30 14:00:00,0.0,0.0,0.0,0.004330992063381995,0.0,0.0,0.016477606122544067,0.0,0.0,0.0,0.0,7.061592033077281e-07,0.0,0.0010332747577816487,0.00011348072809635287,0.0,0.0,0.00623266814543525,0.0,0.003050770199740268,0.0,0.0,0.0029455563785644677
2018-09-30 15:00:00,0.0,0.0,0.0,0.004598171831021763,0.0,0.0,0.02762674519447654,0.0,0.0,0.0,0.0,7.497223059630381e-07,0.0,0.0012148946709679299,0.00039810811474150015,0.0,0.0,0.006617162691373721,0.0,0.0017428758530524905,0.0,0.0,0.0028678127155325616
2018-09-30 16:00:00,0.0,0.0,0.0,0.004227801943765392,0.0,0.0,0.028564760590763075,0.0,0.0,0.0,0.0,6.893342699919216e-07,0.06889991906629901,0.0012203336581775978,0.0003929020858830924,0.0,0.0,0.0060841687342043215,0.0,0.0006523419066882034,0.0,0.0,0.0026723482137968476
2018-09-30 17:00:00,0.0,0.0,0.0,0.003869026425032782,0.0,0.0,0.02602969216840192,0.0,0.0,0.0,0.0,6.308366715740897e-07,0.09423231111697172,0.001091088698241837,0.0005651996644864515,0.0,0.0,0.005567860065372314,0.0,0.00011680112296370223,0.0,0.0,0.003358304185862408
2018-09-30 18:00:00,0.0,0.0,0.0,0.0036046079638486065,0.0,0.0,0.02416209201275876,0.0,0.0,0.0,0.0,5.877237941646895e-07,0.07967093504283332,0.0010086122200846244,0.0005191949988976774,0.0,0.0,0.0051873392756849965,0.0,0.0,0.0,0.0,0.003539903141880915
2018-09-30 19:00:00,0.0,0.0,0.0,0.0040183450379886665,0.0,0.0,0.026523561541573832,0.0,0.0,0.0,0.0,6.551827593112267e-07,0.047585516564456365,0.0010507758987067838,0.0004280942774946558,0.0,0.0,0.005782742325342097,0.0,0.0,0.0,0.0,0.004040285717639028
2018-09-30 20:00:00,0.0,0.0,0.0,0.004278531020538988,0.0,0.0,0.02762701618997868,0.0,0.0,0.0,0.0,6.976055399260913e-07,0.03243625929423841,0.0010219095091761575,0.0002625235652833882,0.0,0.0,0.006157172216138027,0.0,0.0,0.0,0.0,0.004558721743021217
2018-09-30 21:00:00,0.0,0.0,0.0,0.004471567687866393,0.0,0.0,0.026756089403316922,0.0,0.0,0.0,0.0,7.290797650491579e-07,0.012561018568919441,0.0009980719957646661,0.0002602587225006863,0.0,0.0,0.006434968496931254,0.0,0.0,0.0,0.0,0.004912029211390728
2018-09-30 22:00:00,0.0,0.0,0.0,0.004548727494092482,0.0,0.0,0.024410270523148665,0.0,0.0,0.0,0.0,7.516829495018153e-07,0.0015735559016011435,0.0010146573629759425,0.00027225889025597207,0.0,0.0,0.006634467628378649,0.0,0.0,0.0,0.0,0.004942548731077147
2018-09-30 23:00:00,0.0,0.0,0.0,0.004766037892108765,0.0,0.0,0.0171103748333974,0.0020782481153719047,0.0,0.0,0.0,7.875937665710807e-07,0.0,0.0010377634980842246,0.00018856376052002325,0.0,0.0,0.006951421942045828,0.0,0.0,0.0,0.0,0.005036593432725557
2018-10-01 00:00:00,0.0,0.0,0.0,0.004944096167852274,0.0,0.0,0.017451732997588225,0.012290277109196827,0.0,0.0,0.0,8.170181209796298e-07,0.0,0.0011002963491442603,7.84143162115925e-05,0.0,0.0,0.007211125753258839,0.0,0.0,0.0,0.0,0.0044035970480864085
2018-10-01 01:00:00,0.0,0.0,0.0,0.00527047477756765,0.0,0.0,0.019731622840955296,0.021896328485639584,0.0,0.0,0.0,8.709525974510768e-07,0.0,0.001197808267890927,7.482168248580201e-05,0.0,0.0,0.00768715961625988,0.0,0.0,0.0,0.0,0.0037323495046573717
2018-10-01 02:00:00,0.0,0.0,0.0,0.005175716137870107,0.0,0.0,0.03134492936490528,0.04320078209486113,0.0,0.0,0.0,8.552936128512883e-07,0.0,0.001218523783772493,0.00013934804096320158,0.0,0.0,0.007548951045093764,0.0,0.0,0.0,0.0,0.003098454574147667
2018-10-01 03:00:00,0.0,0.0,0.0,0.004874213151222361,0.0,0.0,0.03838986593883847,0.041437291282255206,0.0,0.0,0.0,8.054698644334462e-07,0.0030477400005505624,0.0012057918316800541,0.0002060087951897721,0.0,0.0,0.00710919909086661,0.0,0.0,0.0,0.0,0.002247777441292455
2018-10-01 04:00:00,0.0,0.0,0.0,0.004063373848636536,0.0,0.0,0.04894668345315225,0.03768318177375017,0.0,0.0,0.0,6.714776480759553e-07,0.04368752474291104,0.0011792196746556152,0.0006074947208039176,0.0,0.0,0.005926563483038,0.0,4.1441970045166153e-05,0.0,0.0,0.0016760850818982177
2018-10-01 05:00:00,0.0,0.0,0.0,0.0034747504545564085,0.0,0.0,0.06421372440701156,0.039740602868207686,0.0,0.0,0.0,5.742068905767321e-07,0.06598193952148251,0.0010620372116772526,0.0006509611930910386,0.0,0.0,0.005068037036157476,0.0,0.0002598834705311381,0.0,0.0,0.0015220737721070735
2018-10-01 06:00:00,0.0,0.0,0.0,0.003294778385975405,0.0,0.0,0.07517369807678721,0.051166884542775515,0.0,0.0,0.0,5.444662794905316e-07,0.07777213831445857,0.0010305228420571292,0.0006652293935287689,0.0,0.0,0.004805541895579434,0.0,0.000716866917726813,0.0,0.0,0.0009681729054087119
2018-10-01 07:00:00,0.0,0.0,0.0,0.0031811150752577774,0.0,0.0,0.1025655248421884,0.05461168469975084,0.0,0.0,0.0,5.256832741860089e-07,0.06986070501550552,0.0009950174226385521,0.0006346504476011061,0.0,0.0,0.004639760244234128,0.0,0.0016113801326116397,0.0,0.0,0.00042577645934342235
2018-10-01 08:00:00,0.0,0.0,0.0,0.003125470378390461,0.0,0.0,0.12107635788548958,0.05378518294664258,0.0,0.0,0.0,5.164879179199585e-07,0.06312099631555806,0.0009464034636036485,0.0005891738155288363,0.0,0.0,0.004558600636291775,0.0,0.0022100956956486602,0.0,0.0,0.00030994353158026486
2018-10-01 09:00:00,0.0,0.0,0.0,0.0032024379717349324,0.0,0.0,0.12060489548164091,0.05361429739883129,0.0,0.0,0.0,5.292069096943319e-07,0.059406714225031305,0.0009529856856057526,0.0004962875676830506,0.0,0.0,0.004670860385230634,0.0,0.0026129092412340905,0.0,0.0,0.00036628417980304797
2018-10-01 10:00:00,0.0,0.0,0.0,0.003174745483724203,0.0,0.0,0.13392103929310964,0.04737343020737929,0.0,0.0,0.0,5.246306911598114e-07,0.05389158580124328,0.0008651734664928678,0.0005630651347342926,0.0,0.0,0.004630469986928019,0.0,0.0030220336924260027,0.0,0.0,0.0002781320211099233
2018-10-01 11:00:00,0.0,0.0,0.0,0.0031862277596208365,0.0,0.0,0.13909210702762304,0.037950482275852945,0.0,0.0,0.0,5.265281517186566e-07,0.051959676915373836,0.0008615371639229912,0.0005171147742659753,0.0,0.0,0.0046472172613768094,0.0,0.002881315464860737,0.0,0.0,0.00018027659685854769
2018-10-01 12:00:00,0.0,0.0,0.0,0.0032071035617004433,0.0,0.0,0.1572739734205484,0.03353022526372313,0.0,0.0,0.0,5.299779043144749e-07,0.036267869141856514,0.0008848963491154978,0.0004916745907746343,0.0,0.0,0.0046776653005907365,0.0,0.002584007005076902,0.0,0.0,0.00014243457687990752
2018-10-01 13:00:00,0.0,0.0,0.0,0.0031813067378959315,0.0,0.0,0.16025878137109667,0.03338067342431399,0.0,0.0,0.0,5.257149466784463e-07,0.03186856954626277,0.0008954875005632527,0.0005742650820675387,0.0,0.0,0.004640039790452286,0.0,0.0021414261024296534,0.0,0.0,0.00022644930525004382
2018-10-01 14:00:00,0.0,0.0,0.0,0.0030780970326312195,0.0,0.0,0.15624265284579586,0.03226601142224938,0.0,0.0,0.0,5.08659412845886e-07,0.037043599710991054,0.0008795071985569487,0.00044289799896735766,0.0,0.0,0.004489505064113432,0.0,0.0013185154038285935,0.0,0.0,0.0009456997405816349
2018-10-01 15:00:00,0.0,0.0,0.0,0.0029755886928436726,0.0,0.0,0.143979504704789,0.03827162211725409,0.0,0.0,0.0,4.917197805421025e-07,0.03621106463894394,0.0009267608489892737,0.0002949909404833639,0.0,0.0,0.004339993302232211,0.0,0.0005867231845594318,0.0,0.0,0.0017813431321443425
2018-10-01 16:00:00,0.0,0.0,0.0,0.0027317575821598082,0.0,0.0,0.1359667973939466,0.040500554842855994,0.0,0.0,0.0,4.514263822901331e-07,0.06993929632998667,0.0009060400714034857,0.00046141813234292574,0.0,0.0,0.003984357662874911,0.0,0.00021360054169072023,0.0,0.0,0.001959456144671208
2018-10-01 17:00:00,0.0,0.0,0.0,0.0027083150596474617,0.0,0.0,0.1336746514519839,0.0399949191700167,0.0,0.0,0.0,4.4755247590890265e-07,0.08335296775692358,0.0009044429170385739,0.0004558784084460301,0.0,0.0,0.003950165978071262,0.0,3.682913616638839e-05,0.0,0.0,0.002085991218797832
2018-10-01 18:00:00,0.0,0.0,0.0,0.002980763811381813,0.0,0.0,0.11185965568787694,0.04354246142856692,0.0,0.0,0.0,4.860073090621676e-07,0.06534265655539614,0.0009873869673125981,0.0004094477844693237,0.0,0.0,0.004289574163236465,0.0,0.0,0.0,0.0,0.002370792174795685
2018-10-01 19:00:00,0.0,0.0,0.0,0.003513586650387933,0.0,0.0,0.11021888258927665,0.05118300384727389,0.0,0.0,0.0,5.728829592574049e-07,0.029666206253041144,0.0010747085045031976,0.0002416561638659868,0.0,0.0,0.005056351817693902,0.0,0.0,0.0,0.0,0.0026785788246336127
2018-10-01 20:00:00,0.0,0.0,0.0,0.0037149535062191885,0.0,0.0,0.10285108171293711,0.053550014604554774,0.0,0.0,0.0,6.05715404204289e-07,0.02702070552258489,0.0010835035526939847,0.0002768110357278351,0.0,0.0,0.00534613595248769,0.0,0.0,0.0,0.0,0.0025689514918208938
2018-10-01 21:00:00,0.0,0.0,0.0,0.003989686202929128,0.0,0.0,0.08137491780949853,0.04203448920153971,0.0,0.0,0.0,6.505099961573805e-07,0.021046588324952133,0.0011428490373274114,0.00028647956158638034,0.0,0.0,0.005741499809598166,0.0,0.0,0.0,0.0,0.0029313670278412088
2018-10-01 22:00:00,0.0,0.0,0.0,0.004150200832248217,0.0,0.0,0.043551666097977455,0.04002736790427611,0.0,0.0,0.0,6.858259165141805e-07,0.012294379113072542,0.0011365394906381573,0.0002295733436197516,0.0,0.0,0.0060532034747256954,0.0,0.0,0.0,0.0,0.00369649204088865
2018-10-01 23:00:00,0.0,0.0,0.0,0.00437053827987464,0.0,0.0,0.022773026568645854,0.025240450498012847,0.0,0.0,0.0,7.222369573454088e-07,0.015246911519437386,0.0011985722284949543,0.00027396497711921824,0.0,0.0,0.006374572839123887,0.0,0.0,0.0,0.0,0.003504531147285721
2018-10-02 00:00:00,0.0,0.0,0.0,0.004621037277003102,0.0,0.0,0.02496152455325956,0.02037232824489162,0.0,0.0,0.0,7.636322322334542e-07,0.003564886850797915,0.0012956440193029922,0.0002392426904813274,0.0,0.0,0.006739933808658437,0.0,0.0,0.0,0.0,0.0033820862968291475
2018-10-02 01:00:00,0.0,0.0,0.0,0.004769689967429227,0.0,0.0,0.025467221224302988,0.021044056943175952,0.0,0.0,0.0,7.88197276619166e-07,0.00048802647370991853,0.0013360914136248952,0.00016222106297112388,0.0,0.0,0.006956748613190992,0.0,0.0,0.0,0.0,0.00388553041746373
2018-10-02 02:00:00,0.0,0.0,0.0,0.004736218278439923,0.0,0.0,0.024934266479775657,0.02070123777239815,0.0,0.0,0.0,7.826660378415162e-07,0.000846129940842429,0.0013229101238561966,0.0001785827563847949,0.0,0.0,0.006907929061491073,0.0,0.0,0.0,0.0,0.003953351285700349
2018-10-02 03:00:00,0.0,0.0,0.0,0.0043437676320104285,0.0,0.0,0.02797606095871745,0.01917978630334893,0.0,0.0,0.0,7.178130740565595e-07,0.022031862904021038,0.0012642063884377532,0.0003487824936248187,0.0,0.0,0.006335526974785675,0.0,0.0,0.0,0.0,0.0027219703805657107
2018-10-02 04:00:00,0.0,0.0,0.0,0.003712350246272457,0.0,0.0,0.027387848085837243,0.016633959711256224,0.0,0.0,0.0,6.134705555182103e-07,0.07445492168477091,0.0012327638501277063,0.00039257741526948494,0.0,0.0,0.00541458409326232,0.0,0.0,0.0,0.0,0.0020575334578159365
2018-10-02 05:00:00,0.0,0.0,0.0,0.003045132415106761,0.0,0.0,0.022800755852733116,0.013958014272586432,0.0,0.0,0.0,5.032119682666789e-07,0.13092976827203917,0.0011022456986642865,0.0005040853158587471,0.0,0.0,0.004441425092707816,0.0,0.00018634212508814165,0.0,0.0,0.0018618806121854388
2018-10-02 06:00:00,0.0,0.0,0.0,0.0028618025320554514,0.0,0.0,0.021766955364334834,0.01317663910673812,0.0,0.0,0.0,4.7291647410863097e-07,0.13160394195548514,0.0010865509987588399,0.0004820853073044062,0.0,0.0,0.004174032470046208,0.0,0.0004669961041302402,0.0,0.0,0.0018351005273952216
2018-10-02 07:00:00,0.0,0.0,0.0,0.0031440703070506944,0.0,0.0,0.025043939022269077,0.013860964212302098,0.0,0.0,0.0,5.195615795657716e-07,0.08444260665661579,0.0011940364732601959,0.0003387325329324243,0.0,0.0,0.00458572923978511,0.0,0.0010261145331014003,0.0,0.0,0.002354669115804549
2018-10-02 08:00:00,0.0,0.0,0.0,0.003152076318753152,0.0,0.0,0.029685250529201714,0.01388543791414494,0.0,0.0,0.0,5.208845830866606e-07,0.06021816365632045,0.0011776765583201368,0.00023048329382439355,0.0,0.0,0.004597406269359065,0.0,0.0014787956593216712,0.0,0.0,0.002521750191963068
2018-10-02 09:00:00,0.0,0.0,0.0,0.00321265478552827,0.0,0.0,0.04370498854500911,0.014152296471577562,0.0,0.0,0.0,5.308952510462069e-07,0.02468480399802872,0.0011538037572441375,0.00015313764438075526,0.0,0.0,0.004685761941867101,0.0,0.001911324674248179,0.0,0.0,0.0030979393653041256
2018-10-02 10:00:00,0.0,0.0,0.0,0.0032254823530288757,0.0,0.0,0.05142505511404667,0.014164505255291471,0.0,0.0,0.0,5.330150227375891e-07,0.02272463278456309,0.00102143567702329,0.00021180574837026113,0.0,0.0,0.004704471368062478,0.0,0.002576884118810745,0.0,0.0,0.003071062094309809
2018-10-02 11:00:00,0.0,0.0,0.0,0.0033916011403111648,0.0,0.0,0.052713602840771145,0.014835779498094153,0.0,0.0,0.0,5.604663616349368e-07,0.0032884540493648327,0.0010324385390027085,0.0001596887685354009,0.0,0.0,0.004946761045366998,0.0,0.0029747935770620066,0.0,0.0,0.003303510489064714
2018-10-02 12:00:00,0.0,0.0,0.0,0.00336109462340653,0.0,0.0,0.05646917193053136,0.014608783476051,0.0,0.0,0.0,5.480194529964676e-07,0.0,0.0010147435918081455,0.00011966855521117679,0.0,0.0,0.0048369027434192954,0.0,0.00275089097413692,0.0,0.0,0.0035348002974792694
2018-10-02 13:00:00,0.0,0.0,0.0,0.003362080150448091,0.0,0.0,0.07810551735158823,0.01464723490685432,0.0,0.0,0.0,5.481801411206484e-07,0.0,0.0010158978092985854,0.00011676480760533899,0.0,0.0,0.0048383210011552855,0.0,0.002345709412158164,0.0,0.0,0.003178620373040528
2018-10-02 14:00:00,0.0,0.0,0.0,0.0034808495119134824,0.0,0.0,0.08174232511062511,0.01511749762348658,0.0,0.0,0.0,5.67545237256215e-07,0.00015060248721871495,0.0010597184833397472,0.00020111171803774013,0.0,0.0,0.005009240274390107,0.0,0.001704672348216067,0.0,0.0,0.0030715148857301824
2018-10-02 15:00:00,0.0,0.0,0.0,0.0034340385340667634,0.0,0.0,0.08539461826384537,0.014914195284810687,0.0,0.0,0.0,5.599128051624739e-07,0.00824328112596636,0.0011117234461905322,0.00022776554183104674,0.0,0.0,0.004941875272050645,0.0,0.000921505568738294,0.0,0.0,0.0028261334205165324
2018-10-02 16:00:00,0.0,0.0,0.0,0.003270483457927531,0.0,0.0,0.08492757621046693,0.01578823083828844,0.0,0.0,0.0,5.332454918603049e-07,0.040841318201261766,0.0011460877859535736,0.00031620744106842955,0.0,0.0,0.004706505523466712,0.0,0.0003949274040090443,0.0,0.0,0.0019671148649549977
2018-10-02 17:00:00,0.0,0.0,0.0,0.0032978154108315116,0.0,0.0,0.08508300212821572,0.017406059004021673,0.0,0.0,0.0,5.377019096521324e-07,0.053236736536782216,0.0011519778586073295,0.0003201858985407131,0.0,0.0,0.0047458385422587505,0.0,6.637131257275052e-05,0.0,0.0,0.0015915945149950583
2018-10-02 18:00:00,0.0,0.0,0.0,0.003558662292028688,0.0,0.0,0.06803892979755438,0.018746656262889013,0.0,0.0,0.0,5.802324484099582e-07,0.056010546414426605,0.0012139791192916079,0.00036235473238597316,0.0,0.0,0.005121219522754993,0.0,0.0,0.0,0.0,0.0013201561204419486
2018-10-02 19:00:00,0.0,0.0,0.0,0.004165965792529489,0.0,0.0,0.0415031167580568,0.01869985436365903,0.0,0.0,0.0,6.792520147826465e-07,0.014666581684716875,0.0013325168841715601,0.0002864364324370827,0.0,0.0,0.005995181221781271,0.0,0.0,0.0,0.0,0.0016154676270378116
2018-10-02 20:00:00,0.0,0.0,0.0,0.004132657012579796,0.0,0.0,0.028777540152745303,0.017934330118681254,0.0,0.0,0.0,6.738210878337617e-07,0.0,0.0012939584063769137,0.00025427785319377487,0.0,0.0,0.005947247037484096,0.0,0.0,0.0,0.0,0.0022004070335528672
2018-10-02 21:00:00,0.0,0.0,0.0,0.004054734316455437,0.0,0.0,0.020596453862217142,0.017637379194865917,0.0,0.0,0.0,6.611159551044724e-07,0.0,0.001226857048318013,0.0001689156100008254,0.0,0.0,0.005835109610577459,0.0,0.0,0.0,0.0,0.0026700480201800867
2018-10-02 22:00:00,0.0,0.0,0.0,0.0038293317014280143,0.0,0.0,0.02131357700545842,0.01802074205592007,0.0,0.0,0.0,6.786570976740492e-07,0.0,0.0012097394441169147,0.00018466733855166341,0.0,0.0,0.005989930393222272,0.0,0.0,0.0,0.0,0.0028008562139037086
2018-10-02 23:00:00,0.0,0.0,0.0,0.0040330950776504,0.0,0.0,0.017518115275949393,0.01849534729435673,0.0,0.0,0.0,6.921976025764036e-07,0.0,0.0012169292190424865,0.00014608351376082284,0.0,0.0,0.006109440941527393,0.0,0.0,0.0,0.0,0.0029306417838630043
2018-10-03 00:00:00,0.0,0.0,0.0,0.004167093089601563,0.0,0.0,0.01697078176609822,0.0184528275676013,0.0,0.0,0.0,6.93301855320383e-07,0.0,0.0012168240550568842,0.00014803900482873332,0.0,0.0,0.00611918724359309,0.0,0.0,0.0,0.0,0.002914897397495729
2018-10-03 01:00:00,0.0,0.0,0.0,0.004050896443855152,0.0,0.0,0.016461836809631293,0.017817078014268548,0.0,0.0,0.0,6.694157412151071e-07,0.0,0.0011860597746671405,0.00013085933677710053,0.0,0.0,0.005908364780606216,0.0,0.0,0.0,0.0,0.0030707804640071647
2018-10-03 02:00:00,0.0,0.0,0.0,0.003957073534113447,0.0,0.0,0.015554409658843565,0.0324040052782128,0.0,0.0,0.0,6.539113871694802e-07,0.0,0.0011564320773459035,0.00014270619370951,0.0,0.0,0.005771521002145089,0.0,0.0,0.0,0.0,0.0033992914591645497
2018-10-03 03:00:00,0.0,0.0,0.0,0.0037522856552471362,0.0,0.0,0.01556018407329223,0.03666629161805171,0.0,0.0,0.0,6.200699321673134e-07,0.0,0.0010966378127517942,0.0001337803162841381,0.0,0.0,0.005472831191689882,0.0,0.0,0.0,0.0,0.003867131004266541
2018-10-03 04:00:00,0.0,0.0,0.0,0.0032511097291835498,0.0,0.0,0.02174257031118916,0.032583812929111305,0.0,0.0,0.0,5.372499789359887e-07,0.042510294106194585,0.0011011948758930113,0.00022662529378608863,0.0,0.0,0.004741849733268853,0.0,2.21051761465959e-05,0.0,0.0,0.0032714984473709487
2018-10-03 05:00:00,0.0,0.0,0.0,0.0029846572563344913,0.0,0.0,0.02527475385867703,0.041913503460217175,0.0,0.0,0.0,4.932183720847649e-07,0.05954038020305273,0.001078043269951775,0.00028705453842128316,0.0,0.0,0.004353220098296357,0.0,0.0001826414421409036,0.0,0.0,0.0027255537046635596
2018-10-03 06:00:00,0.0,0.0,0.0,0.0029183557087460545,0.0,0.0,0.024319194215816527,0.04482014960953361,0.0,0.0,0.0,4.822619578101054e-07,0.05635029966070344,0.0010547653262629603,0.00029373119990797254,0.0,0.0,0.004256517125485133,0.0,0.0004166965189900166,0.0,0.0,0.0029579634826100406
2018-10-03 07:00:00,0.0,0.0,0.0,0.0030599419895236376,0.0,0.0,0.03148126150247949,0.04867564017425618,0.0,0.0,0.0,5.056592690981757e-07,0.04270917902340681,0.0010962361632655066,0.0003396527618193776,0.0,0.0,0.004463025340730244,0.0,0.0008218123075790435,0.0,0.0,0.002725422616169581
2018-10-03 08:00:00,0.0,0.0,0.0,0.002993476383853385,0.0,0.0,0.029920544017850836,0.04774168518258741,0.0,0.0,0.0,4.946757440187935e-07,0.040668153111833284,0.0010526690722716834,0.0002668161849971334,0.0,0.0,0.004366083083847949,0.0,0.001078733232094167,0.0,0.0,0.0030249977382072013
2018-10-03 09:00:00,0.0,0.0,0.0,0.0029399980970612606,0.0,0.0,0.041797650339024356,0.046858500510927104,0.0,0.0,0.0,4.858383897472054e-07,0.04098253553045447,0.0009487448290846086,0.00026789403523690873,0.0,0.0,0.0042880832557632195,0.0,0.0013193296937061849,0.0,0.0,0.0031444558807576448
2018-10-03 10:00:00,0.0,0.0,0.0,0.002936594119936182,0.0,0.0,0.041370992568139225,0.035481287796479334,0.0,0.0,0.0,4.852758782384947e-07,0.04663919547345047,0.0008924551108481706,0.0002198667439375397,0.0,0.0,0.004283118443939824,0.0,0.001707152788528282,0.0,0.0,0.0035785283297928377
2018-10-03 11:00:00,0.0,0.0,0.0,0.0029538432755247717,0.0,0.0,0.042209275678791444,0.029523364842520515,0.0,0.0,0.0,4.881263229323319e-07,0.0425523683853207,0.0008787542398033541,0.00021107366003029392,0.0,0.0,0.004308276900786929,0.0,0.001867810229712509,0.0,0.0,0.0037397202383657293
2018-10-03 12:00:00,0.0,0.0,0.0,0.0030189987568682896,0.0,0.0,0.0376019535504991,0.03028861075093426,0.0,0.0,0.0,4.988933483160491e-07,0.050453462637536556,0.0009129506965901318,0.00027855001764370423,0.0,0.0,0.004403308298545181,0.0,0.001765321203673144,0.0,0.0,0.0030232380898333835
2018-10-03 13:00:00,0.0,0.0,0.0,0.0030421623280778047,0.0,0.0,0.03229695446125842,0.030406104841854336,0.0,0.0,0.0,5.02721157643026e-07,0.05804916342428155,0.0009433492129655132,0.000244796063818978,0.0,0.0,0.004437093123762069,0.0,0.0015099674881252864,0.0,0.0,0.00281878448842322
2018-10-03 14:00:00,0.0,0.0,0.0,0.003185825287899697,0.0,0.0,0.027779167345626247,0.03190763332206629,0.0,0.0,0.0,5.2646164275965e-07,0.0598177420524515,0.0010199838769515697,0.00026847196612685923,0.0,0.0,0.0046466302432253154,0.0,0.0011372177007070313,0.0,0.0,0.0024886657133175805
2018-10-03 15:00:00,0.0,0.0,0.0,0.0032608527076985,0.0,0.0,0.029327635424718203,0.03860420507634928,0.0,0.0,0.0,5.388600184111082e-07,0.059558248900890225,0.0011249391272684134,0.00031756390458398696,0.0,0.0,0.004756060185674581,0.0,0.0006651426389402249,0.0,0.0,0.0017537312176428733
2018-10-03 16:00:00,0.0,0.0,0.0,0.002946729309990586,0.0,0.0,0.02777584761164908,0.042949105924364656,0.0,0.0,0.0,4.869507311646704e-07,0.10961833655119098,0.0011279271434248297,0.00035841311379750004,0.0,0.0,0.004297900949686923,0.0,0.00028049855658994255,0.0,0.0,0.0014467495740178103
2018-10-03 17:00:00,0.0,0.0,0.0,0.0029880077175994282,0.0,0.0,0.027749012015096525,0.043407116454999166,0.0,0.0,0.0,4.937720400301607e-07,0.11743829820183463,0.0011276088467330558,0.0003970074040127959,0.0,0.0,0.00435810685548971,0.0,5.07906856634385e-05,0.0,0.0,0.0018105921739088521
2018-10-03 18:00:00,0.0,0.0,0.0,0.0030388740445452477,0.0,0.0,0.028177201760488022,0.04407301822907306,0.0,0.0,0.0,5.021777646462459e-07,0.10192165695288825,0.0011345536819469496,0.0003412540449812698,0.0,0.0,0.004432297054822346,0.0,0.0,0.0,0.0,0.002268489889941208
2018-10-03 19:00:00,0.0,0.0,0.0,0.003224307664524462,0.0,0.0,0.029936781760055625,0.03886901210144495,0.0,0.0,0.0,5.328209039822029e-07,0.08153381368624885,0.0011709411891080482,0.0002479572649397761,0.0,0.0,0.004702758046509124,0.0,0.0,0.0,0.0,0.0025383431792305885
2018-10-03 20:00:00,0.0,0.0,0.0,0.0034068448384232007,0.0,0.0,0.0316103544842916,0.03494007113889922,0.0,0.0,0.0,5.629854019540264e-07,0.08199988183226649,0.0011829776618875242,0.00022106503132273198,0.0,0.0,0.004968994476978899,0.0,0.0,0.0,0.0,0.00228823705119622
2018-10-03 21:00:00,0.0,0.0,0.0,0.0034943209773286845,0.0,0.0,0.0322840657962237,0.03598118335354993,0.0,0.0,0.0,5.774409441224462e-07,0.07929853025669384,0.0011185522276250406,0.0002385955058517849,0.0,0.0,0.005096581282866416,0.0,0.0,0.0,0.0,0.0018835454441259818
2018-10-03 22:00:00,0.0,0.0,0.0,0.004329726613802333,0.0,0.0,0.039034123461162834,0.05254032051836391,0.0,0.0,0.0,7.059528743988031e-07,0.009748098842299541,0.0012541052367852554,0.00022384894685846085,0.0,0.0,0.006230847055216337,0.0,0.0,0.0,0.0,0.0021052105410301275
2018-10-03 23:00:00,0.0,0.0,0.0,0.0045314653363521884,0.0,0.0,0.04120585680253824,0.06442943017954536,0.0,0.0,0.0,7.388459514368802e-07,0.0029699224629162603,0.0013006719939687474,0.00020500614208655772,0.0,0.0,0.006521166338035671,0.0,0.0,0.0,0.0,0.0021352973487587805
2018-10-04 00:00:00,0.0,0.0,0.0,0.004719947545516496,0.0,0.0,0.043655103099910775,0.06459890905321163,0.0,0.0,0.0,7.695775816761685e-07,0.001573198834429082,0.0013499617496738588,0.00016070334531995657,0.0,0.0,0.0067924083638458725,0.0,0.0,0.0,0.0,0.0020201180258378575
2018-10-04 01:00:00,0.0,0.0,0.0,0.004766251103926363,0.0,0.0,0.042461505692922986,0.04779420877356719,0.0,0.0,0.0,7.771272800913375e-07,0.0,0.0013490366967011073,0.0001386034712806388,0.0,0.0,0.006859043146200131,0.0,0.0,0.0,0.0,0.0019254933585798445
2018-10-04 02:00:00,0.0,0.0,0.0,0.004549560291918005,0.0,0.0,0.05211401768956024,0.045112699093355746,0.0,0.0,0.0,7.417962961198644e-07,0.0,0.0013062522819150464,0.0001361818880821562,0.0,0.0,0.006547206527326635,0.0,0.0,0.0,0.0,0.0016303986152810452
2018-10-04 03:00:00,0.0,0.0,0.0,0.004453221615465851,0.0,0.0,0.053429556194696096,0.05259062658400059,0.0,0.0,0.0,7.260884762911552e-07,0.0061655409037812674,0.0012754400105059647,0.00023649985784195078,0.0,0.0,0.006408566929029182,0.0,0.0,0.0,0.0,0.0016439911151536104
2018-10-04 04:00:00,0.0,0.0,0.0,0.0037361620908609437,0.0,0.0,0.06106273374763596,0.05489360972471359,0.0,0.0,0.0,6.091734196000068e-07,0.02703726597793548,0.0011870018256385157,0.00041467961854922436,0.0,0.0,0.005376656920425741,0.0,0.0,0.0,0.0,0.0013389059839972338
2018-10-04 05:00:00,0.0,0.0,0.0,0.0029691911484496887,0.0,0.0,0.053415033240132796,0.04868443847462065,0.0,0.0,0.0,4.841204105602302e-07,0.13145307112910756,0.001003055658272809,0.0004911642630412111,0.0,0.0,0.004272920111102602,0.0,0.0001991915750800107,0.0,0.0,0.0007913546692919662
2018-10-04 06:00:00,0.0,0.0,0.0,0.002998414075051602,0.0,0.0,0.05686028349463559,0.050270789135849384,0.0,0.0,0.0,4.888851476609982e-07,0.13606214633260263,0.0010179362030671576,0.00048762405616710567,0.0,0.0,0.004314974402840535,0.0,0.0006939744981352594,0.0,0.0,0.0003941719942458939
2018-10-04 07:00:00,0.0,0.0,0.0,0.003042191558326013,0.0,0.0,0.07042826560528925,0.05180890619518139,0.0,0.0,0.0,5.027259879783707e-07,0.11009139775037284,0.0010204366389052484,0.00042373000941672807,0.0,0.0,0.004437135757033849,0.0,0.0016134054208803916,0.0,0.0,0.0001665745512235892
2018-10-04 08:00:00,0.0,0.0,0.0,0.0030196412821109943,0.0,0.0,0.08556308223261692,0.05073920718321982,0.0,0.0,0.0,4.923461994029871e-07,0.08905344182616384,0.0009496130541160832,0.0002703880426286943,0.0,0.0,0.004345522170030928,0.0,0.0022789808982445064,0.0,0.0,0.00016857312759990348
2018-10-04 09:00:00,0.0,0.0,0.0,0.002849092327640871,0.0,0.0,0.11602863530314197,0.04688675010196175,0.0,0.0,0.0,4.708160968150844e-07,0.05333321909188755,0.0009066970328320455,0.00026182690649809723,0.0,0.0,0.0041554942217453105,0.0,0.002595814618048942,0.0,0.0,0.00018200168460832974
2018-10-04 10:00:00,0.0,0.0,0.0,0.002894449975742096,0.0,0.0,0.13592821536300853,0.050028265286897154,0.0,0.0,0.0,4.783115053115208e-07,0.02852961240548247,0.000865320658103824,0.0002955154844810192,0.0,0.0,0.004221649833049303,0.0,0.003178344196411721,0.0,0.0,0.0003028824297615209
2018-10-04 11:00:00,0.0,0.0,0.0,0.0029595685121616725,0.0,0.0,0.14892882813679723,0.05135702055341108,0.0,0.0,0.0,4.890724255000083e-07,0.019755266301467553,0.0008684836257946185,0.00027453748780252205,0.0,0.0,0.004316627345429228,0.0,0.0034007715196282336,0.0,0.0,0.0002988932254483419
2018-10-04 12:00:00,0.0,0.0,0.0,0.0029897374384762836,0.0,0.0,0.14952766843620552,0.05138780772429277,0.0,0.0,0.0,4.940578785843976e-07,0.02282632387814565,0.0008732618292605914,0.00022655894409709217,0.0,0.0,0.004360629709887678,0.0,0.003293141687236246,0.0,0.0,0.00023464015978092218
2018-10-04 13:00:00,0.0,0.0,0.0,0.0029627642755036794,0.0,0.0,0.12366173147987683,0.05138195958207824,0.0,0.0,0.0,4.896005294187306e-07,0.05418114245893466,0.0008754147816871612,0.00028962234850274176,0.0,0.0,0.004321288470648983,0.0,0.0027900322606800193,0.0,0.0,0.00014960798625026722
2018-10-04 14:00:00,0.0,0.0,0.0,0.003137782444972626,0.0,0.0,0.11454538297564325,0.054180208960406276,0.0,0.0,0.0,5.185225024350704e-07,0.07365861609786653,0.0009400027464586137,0.0003004256199321396,0.0,0.0,0.0045765581875594425,0.0,0.0019307843071257275,0.0,0.0,7.826836672070146e-05
2018-10-04 15:00:00,0.0,0.0,0.0,0.003227552886214821,0.0,0.0,0.11697087491356128,0.05588541946128396,0.0,0.0,0.0,5.333571809553047e-07,0.09030689516651967,0.0009984294417971983,0.00031766848342862185,0.0,0.0,0.004707491308345443,0.0,0.0009436352918412365,0.0,0.0,6.479878946810024e-05
2018-10-04 16:00:00,0.0,0.0,0.0,0.003129910697045169,0.0,0.0,0.11313957097537602,0.05434518863493711,0.0,0.0,0.0,5.172216861721638e-07,0.09724835884903492,0.0010934171762215005,0.0004410878855466409,0.0,0.0,0.004565076986086877,0.0,0.0003830599994470557,0.0,0.0,9.520977444027848e-05
2018-10-04 17:00:00,0.0,0.0,0.0,0.0029582908941156896,0.0,0.0,0.10707723816390464,0.05121296480824664,0.0,0.0,0.0,4.888612975081934e-07,0.09889224348705411,0.0010464500310260732,0.000612376853402129,0.0,0.0,0.004314763897777437,0.0,6.034266458645824e-05,0.0,0.0,0.0002105747646777037
2018-10-04 18:00:00,0.0,0.0,0.0,0.003263656305562278,0.0,0.0,0.09057412748020338,0.05644332226998311,0.0,0.0,0.0,5.393233164904498e-07,0.10430330082865237,0.001147959893783669,0.0004272145726547261,0.0,0.0,0.004760149324734764,0.0,0.0,0.0,0.0,0.00045270870933926806
2018-10-04 19:00:00,0.0,0.0,0.0,0.003905188676218186,0.0,0.0,0.08005982193702857,0.0672307251712425,0.0,0.0,0.0,6.431644960036769e-07,0.011548578422710442,0.0012586513929721398,0.0003347972240393108,0.0,0.0,0.005676667312045446,0.0,0.0,0.0,0.0,0.0008974206913216861
2018-10-04 20:00:00,0.0,0.0,0.0,0.004052391392752324,0.0,0.0,0.06993597754008414,0.0689849091569299,0.0,0.0,0.0,6.607339462918519e-07,0.01676682252727529,0.0011901811564835572,0.00024562414881156323,0.0,0.0,0.005831737942904585,0.0,0.0,0.0,0.0,0.00140358022006846
2018-10-04 21:00:00,0.0,0.0,0.0,0.00445250111158012,0.0,0.0,0.05057325549679271,0.07365417958378981,0.0,0.0,0.0,7.259709996385819e-07,0.0,0.0012780067967173084,0.00019108678583197665,0.0,0.0,0.0064075300622902145,0.0,0.0,0.0,0.0,0.0017399431837396074
2018-10-04 22:00:00,0.0,0.0,0.0,0.004402306045671376,0.0,0.0,0.041773046509317534,0.057432854650908506,0.0,0.0,0.0,7.177867990597384e-07,0.0,0.0011670704673640807,0.00014604028717255505,0.0,0.0,0.006335295067681807,0.0,0.0,0.0,0.0,0.001947591008749746
2018-10-04 23:00:00,0.0,0.0,0.0,0.004334396577392427,0.0,0.0,0.037707935630845575,0.05077620804596479,0.0,0.0,0.0,7.067143022010239e-07,0.0,0.0011268566064838277,0.00010137201931761248,0.0,0.0,0.006237567532391627,0.0,0.0,0.0,0.0,0.0019956025517745566
2018-10-05 00:00:00,0.0,0.0,0.0,0.004259802769860307,0.0,0.0,0.041250395634707386,0.04369703719099459,0.0,0.0,0.0,6.945519377986659e-07,0.0,0.001108609413661653,0.00010870924220693464,0.0,0.0,0.006130220660993963,0.0,0.0,0.0,0.0,0.0020839972533548815
2018-10-05 01:00:00,0.0,0.0,0.0,0.00458480462937425,0.0,0.0,0.041935242146740534,0.04659601056618821,0.0,0.0,0.0,7.475428116744961e-07,0.0,0.001200200079880506,0.0001242365025216228,0.0,0.0,0.006597926144484967,0.0,0.0,0.0,0.0,0.0024549108775991316
2018-10-05 02:00:00,0.0,0.0,0.0,0.0042870048199708,0.0,0.0,0.04059810455216258,0.04361328951726965,0.0,0.0,0.0,7.036783643069174e-07,0.0,0.001130202144675355,0.00012734381922260382,0.0,0.0,0.006210771884447814,0.0,0.0,0.0,0.0,0.0025077507077135666
2018-10-05 03:00:00,0.0,0.0,0.0,0.004263089964171818,0.0,0.0,0.05536922371440227,0.05163060216200342,0.0,0.0,0.0,6.950879079602743e-07,0.00918818871998809,0.0011243100533731038,0.00020931544669374909,0.0,0.0,0.0061349512148655425,0.0,0.0,0.0,0.0,0.0026076465404176355
2018-10-05 04:00:00,0.0,0.0,0.0,0.0034510521633658317,0.0,0.0,0.07962773990558064,0.05266874444936382,0.0,0.0,0.0,5.626868418578497e-07,0.06365722363484665,0.0010327184667302217,0.00029400845117146803,0.0,0.0,0.004966359340323848,0.0,0.0,0.0,0.0,0.002374029893953712
2018-10-05 05:00:00,0.0,0.0,0.0,0.0029821450829500707,0.0,0.0,0.0860838880772893,0.0500687463857795,0.0,0.0,0.0,4.862325225042422e-07,0.09188051235921335,0.0009832855122761447,0.00042286188128216716,0.0,0.0,0.004291561931206871,0.0,0.00020006060455221615,0.0,0.0,0.0022644844131245456
2018-10-05 06:00:00,0.0,0.0,0.0,0.0029017134870261887,0.0,0.0,0.0930828922134408,0.048344791139968375,0.0,0.0,0.0,4.7311831890673546e-07,0.06582307993255747,0.0009667054503769064,0.0004044043875770556,0.0,0.0,0.004175813982823461,0.0,0.0007007931330956621,0.0,0.0,0.002112833971287426
2018-10-05 07:00:00,0.0,0.0,0.0,0.0028276350355502734,0.0,0.0,0.11036108294238912,0.04786372156404872,0.0,0.0,0.0,4.6727025226231016e-07,0.04882598018147932,0.0009444522010387043,0.00031209485800974275,0.0,0.0,0.004124198060356742,0.0,0.0016438107680964852,0.0,0.0,0.0019559754717099797
2018-10-05 08:00:00,0.0,0.0,0.0,0.0028087797455867178,0.0,0.0,0.10258759354274294,0.047602419926871316,0.0,0.0,0.0,4.641543918393842e-07,0.027333935587872307,0.0009114776972380637,0.0002887716087770916,0.0,0.0,0.004096697004061466,0.0,0.0023776580114300847,0.0,0.0,0.0021018532070394475
2018-10-05 09:00:00,0.0,0.0,0.0,0.0027421491918457534,0.0,0.0,0.10691295836165436,0.046640167645635076,0.0,0.0,0.0,4.546796889136066e-07,0.02361665769327682,0.0008599897468881256,0.00026902444209261385,0.0,0.0,0.004013071840165922,0.0,0.002778110914201569,0.0,0.0,0.002336822785541312
2018-10-05 10:00:00,0.0,0.0,0.0,0.0027481522906129233,0.0,0.0,0.12467339142889922,0.04736597616866396,0.0,0.0,0.0,4.603566645253846e-07,0.0021807675133115063,0.0008025030540769653,0.000152835670609501,0.0,0.0,0.0040631776872499855,0.0,0.003428392863847438,0.0,0.0,0.003018513763135224
2018-10-05 11:00:00,0.0,0.0,0.0,0.0026284495205941413,0.0,0.0,0.1256808608737897,0.04625426252468622,0.0,0.0,0.0,4.403046578995053e-07,0.0,0.0007445357119301108,6.546080391738205e-05,0.0,0.0,0.0038861956379277274,0.0,0.0034330495119589887,0.0,0.0,0.0034171079002858033
2018-10-05 12:00:00,0.0,0.0,0.0,0.0027492805658366794,0.0,0.0,0.11179529076933714,0.04876335030277918,0.0,0.0,0.0,4.6054566752221607e-07,0.0,0.0007784025502181409,0.00012700384521114103,0.0,0.0,0.004064845856343053,0.0,0.003363478309597862,0.0,0.0,0.0034453330555359925
2018-10-05 13:00:00,0.0,0.0,0.0,0.0029469527581182744,0.0,0.0,0.09054528748592099,0.05187965006202246,0.0,0.0,0.0,4.936587200335381e-07,0.0,0.0008275548749966717,0.0001471088254807445,0.0,0.0,0.004357106676026096,0.0,0.003067053368010713,0.0,0.0,0.0036530673268074017
2018-10-05 14:00:00,0.0,0.0,0.0,0.0031754026800186763,0.0,0.0,0.0708276628962347,0.05604507729019144,0.0,0.0,0.0,5.319275031779023e-07,0.0005750598148319259,0.0009149827294940722,0.00019071617040085001,0.0,0.0,0.004694872755617228,0.0,0.002133902806063815,0.0,0.0,0.003593546928656766
2018-10-05 15:00:00,0.0,0.0,0.0,0.0032888154345191646,0.0,0.0,0.05804310904932405,0.05814980515788637,0.0,0.0,0.0,5.509258380062958e-07,0.011029404190685634,0.0010368658316128711,0.00030544048399449057,0.0,0.0,0.004862554937972983,0.0,0.0009860523460377168,0.0,0.0,0.0035454337569003967
2018-10-05 16:00:00,0.0,0.0,0.0,0.0031085080218856104,0.0,0.0,0.05012115264216751,0.05486439970450555,0.0,0.0,0.0,5.207216461379215e-07,0.03447784204673095,0.0010802464973891164,0.0004454344280663243,0.0,0.0,0.004595968163156718,0.0,0.00038565210781836155,0.0,0.0,0.00333380366449913
2018-10-05 17:00:00,0.0,0.0,0.0,0.002798536456374928,0.0,0.0,0.044286689605685894,0.04872600154383392,0.0,0.0,0.0,4.624616753912528e-07,0.10715532998715156,0.0009310391663639837,0.00042800998496461624,0.0,0.0,0.004081756832162403,0.0,5.708402343255283e-05,0.0,0.0,0.0032570582405085265
2018-10-05 18:00:00,0.0,0.0,0.0,0.0032706055949903337,0.0,0.0,0.050819455756784114,0.05666457252781654,0.0,0.0,0.0,5.404716953240924e-07,0.03344833817849545,0.001084759404044487,0.00040240006099034024,0.0,0.0,0.004770285090355051,0.0,0.0,0.0,0.0,0.0038601971952469316
2018-10-05 19:00:00,0.0,0.0,0.0,0.0036514536041932742,0.0,0.0,0.04927992902855413,0.05643012284346326,0.0,0.0,0.0,6.034073086887869e-07,5.9303244611641026e-05,0.0011227510177630406,0.00025626787762678723,0.0,0.0,0.005325764351680523,0.0,0.0,0.0,0.0,0.004476312757681044
2018-10-05 20:00:00,0.0,0.0,0.0,0.0037515055262780936,0.0,0.0,0.04126956031663641,0.04356276120690989,0.0,0.0,0.0,6.19941014872267e-07,0.0,0.0010388201754059606,0.00028460911748186897,0.0,0.0,0.00547169334810664,0.0,0.0,0.0,0.0,0.0046377665053572974
2018-10-05 21:00:00,0.0,0.0,0.0,0.003626284660495269,0.0,0.0,0.024924825567892914,0.031200916377656398,0.0,0.0,0.0,6.033246267799603e-07,0.0,0.0009911246565337084,0.00024132267067160804,0.0,0.0,0.005325034588622939,0.0,0.0,0.0,0.0,0.004784444907045246
2018-10-05 22:00:00,0.0,0.0,0.0,0.004042786134943851,0.0,0.0,0.016814793758975325,0.020571091589547286,0.0,0.0,0.0,6.591678290830615e-07,0.0,0.0009870059139613886,0.00015402391214437767,0.0,0.0,0.0058179151550778125,0.0,0.0,0.0,0.0,0.005399590502757123
2018-10-05 23:00:00,0.0,0.0,0.0,0.004039147182983392,0.0,0.0,0.017237487075551325,0.017632394152507405,0.0,0.0,0.0,6.629944686966798e-07,0.0,0.0009858285491982737,0.0001426945393540243,0.0,0.0,0.0058516896562273305,0.0,0.0,0.0,0.0,0.0054040869473688784
2018-10-06 00:00:00,0.0,0.0,0.0,0.004099042593591759,0.0,0.0,0.01592510573970082,0.018042912210867602,0.0,0.0,0.0,6.773719531201223e-07,0.0,0.0010234380123221082,9.840311924686676e-05,0.0,0.0,0.005978587512628178,0.0,0.0,0.0,0.0,0.00529932983322165
2018-10-06 01:00:00,0.0,0.0,0.0,0.0041923126461383695,0.0,0.0,0.014223227053299373,0.018467857715978662,0.0,0.0,0.0,6.927849468176955e-07,0.0,0.001033312784222323,0.00013787346425777952,0.0,0.0,0.006114624930811902,0.0,0.0,0.0,0.0,0.005223519267843056
2018-10-06 02:00:00,0.0,0.0,0.0,0.004253398133834584,0.0,0.0,0.014262571582886513,0.01873694978770762,0.0,0.0,0.0,7.028794006232666e-07,0.0,0.0010565460614019744,0.00017030360598335178,0.0,0.0,0.006203720109894535,0.0,0.0,0.0,0.0,0.005154718529192121
2018-10-06 03:00:00,0.0,0.0,0.0,0.004318519608546734,0.0,0.0,0.020276902925302275,0.019023821075884673,0.0,0.0,0.0,7.136408063683039e-07,0.0,0.0010762538560771322,0.00014435691159831775,0.0,0.0,0.006298701907870153,0.0,0.0,0.0,0.0,0.005005061997682088
2018-10-06 04:00:00,0.0,0.0,0.0,0.004156754448356499,0.0,0.0,0.020881849394917548,0.018268400743761643,0.0,0.0,0.0,6.869089098332073e-07,0.0,0.001142508737564805,0.0001793679492210945,0.0,0.0,0.006062762137884938,0.0,0.0,0.0,0.0,0.004645613895887093
2018-10-06 05:00:00,0.0,0.0,0.0,0.003981417386148305,0.0,0.0,0.02294575978706161,0.01752515684647953,0.0,0.0,0.0,6.579342393899225e-07,0.005198839787606987,0.0011837100250214954,0.0002970616935848373,0.0,0.0,0.0058070273054980715,0.0,0.000270707358302636,0.0,0.0,0.004321277379165084
2018-10-06 06:00:00,0.0,0.0,0.0,0.0038718733369874155,0.0,0.0,0.027062635475174006,0.016888975368578737,0.0,0.0,0.0,6.355377731050528e-07,0.011848860346761844,0.0011378429962316885,0.00031728159475324696,0.0,0.0,0.005609352699927304,0.0,0.0009413723574350259,0.0,0.0,0.003790453634183373
2018-10-06 07:00:00,0.0,0.0,0.0,0.0036084059966046667,0.0,0.0,0.029214879694657827,0.015920427068674654,0.0,0.0,0.0,5.962936372975626e-07,0.00993339640337157,0.0010548983446244575,0.0002955064651690427,0.0,0.0,0.0052629780099186394,0.0,0.0019382278937996394,0.0,0.0,0.0031985602311719245
2018-10-06 08:00:00,0.0,0.0,0.0,0.003609008460361937,0.0,0.0,0.03519883120335455,0.015751053840638945,0.0,0.0,0.0,5.90409316979883e-07,0.006992108167769889,0.0010148099889559618,0.0002456523911950715,0.0,0.0,0.005211042107037605,0.0,0.0026964585822171266,0.0,0.0,0.003445222501255917
2018-10-06 09:00:00,0.0,0.0,0.0,0.0033635617593303674,0.0,0.0,0.028755937619403427,0.014840164807061464,0.0,0.0,0.0,5.558328186000499e-07,0.0037310648515041754,0.0009229025161450027,0.00021927398790654362,0.0,0.0,0.004905864692336735,0.0,0.0029959396048160215,0.0,0.0,0.003544270659518672
2018-10-06 10:00:00,0.0,0.0,0.0,0.0033519069849378396,0.0,0.0,0.03908816458232099,0.014754216890250402,0.0,0.0,0.0,5.539068524474211e-07,0.0,0.0008660852676970093,0.00018244523402242182,0.0,0.0,0.004888865823197242,0.0,0.003600902792945971,0.0,0.0,0.0037542685262373613
2018-10-06 11:00:00,0.0,0.0,0.0,0.0034817016591377876,0.0,0.0,0.03780238723165094,0.01532553906086873,0.0,0.0,0.0,5.75355585891874e-07,0.0,0.0008731481992050397,0.00019537811065653804,0.0,0.0,0.0050781755950914395,0.0,0.003775848790951754,0.0,0.0,0.003952599209188922
2018-10-06 12:00:00,0.0,0.0,0.0,0.003500680032984755,0.0,0.0,0.03699750627278011,0.015240803772260413,0.0,0.0,0.0,5.784917860816114e-07,0.0,0.0008679633470663189,0.00017412860151964983,0.0,0.0,0.005105856173251044,0.0,0.0033917952998018656,0.0,0.0,0.004297868910477283
2018-10-06 13:00:00,0.0,0.0,0.0,0.003606319867104117,0.0,0.0,0.021720545972553042,0.015626430288601507,0.0,0.0,0.0,5.959489017692082e-07,0.0,0.0008859293574808568,0.00013013469442455788,0.0,0.0,0.005259935321901392,0.0,0.0028811406716163423,0.0,0.0,0.004732536531383247
2018-10-06 14:00:00,0.0,0.0,0.0,0.0036430963038291482,0.0,0.0,0.019709241385963774,0.015998430006755684,0.0,0.0,0.0,6.02026254273956e-07,0.0,0.0009121073263507527,0.00020026272872215813,0.0,0.0,0.00531357495611914,0.0,0.0018825503317259147,0.0,0.0,0.004643380408508209
2018-10-06 15:00:00,0.0,0.0,0.0,0.003943712960659273,0.0,0.0,0.019239177111301468,0.01926016234354255,0.0,0.0,0.0,6.47329686340686e-07,0.006495598138883345,0.0010518939411756536,0.0003044623382022259,0.0,0.0,0.0057134299131863095,0.0,0.0009055699735417562,0.0,0.0,0.00466153748314253
2018-10-06 16:00:00,0.0,0.0,0.0,0.003778195364246258,0.0,0.0,0.025221620366559522,0.02656853995085621,0.0,0.0,0.0,6.222493504723833e-07,0.013772117561261048,0.0011646709557925153,0.0002947002567779351,0.0,0.0,0.005492067067936996,0.0,0.0003072297523742281,0.0,0.0,0.00475354225924927
2018-10-06 17:00:00,0.0,0.0,0.0,0.0030595447433598923,0.0,0.0,0.02381128734089,0.022133878832129004,0.0,0.0,0.0,5.055936236691122e-07,0.13096807546029607,0.000929206227076785,0.0003880014221699332,0.0,0.0,0.004462445944224894,0.0,4.16053477821841e-05,0.0,0.0,0.003832593343357127
2018-10-06 18:00:00,0.0,0.0,0.0,0.0035082362599752354,0.0,0.0,0.024088989579882154,0.025030558541350487,0.0,0.0,0.0,5.797404621121467e-07,0.06629303299142461,0.0010484146545701107,0.0003499944036304196,0.0,0.0,0.005116877177130949,0.0,0.0,0.0,0.0,0.004063828414169963
2018-10-06 19:00:00,0.0,0.0,0.0,0.004135498946039342,0.0,0.0,0.019082476758197884,0.020972228983112847,0.0,0.0,0.0,6.833964112947364e-07,0.005312721595456074,0.001138624421126152,0.0002856820465844169,0.0,0.0,0.006031760293472135,0.0,0.0,0.0,0.0,0.0046092787088842044
2018-10-06 20:00:00,0.0,0.0,0.0,0.004234350478469384,0.0,0.0,0.013873204041603866,0.018580348524598826,0.0,0.0,0.0,6.99731751575351e-07,0.0,0.0010694926669827863,0.00013888999530580696,0.0,0.0,0.006175938482377596,0.0,0.0,0.0,0.0,0.0045700400167545
2018-10-06 21:00:00,0.0,0.0,0.0,0.004363995056338599,0.0,0.0,0.015050489495025342,0.019044342585560422,0.0,0.0,0.0,7.211556814120385e-07,0.0,0.0010815766079136863,0.00011202451770102755,0.0,0.0,0.006365029333870718,0.0,0.0,0.0,0.0,0.004208168314853938
2018-10-06 22:00:00,0.0,0.0,0.0,0.004242296166642459,0.0,0.0,0.014207717093696906,0.018542384764311644,0.0,0.0,0.0,7.010447865570059e-07,0.0,0.0009908555926873277,0.00011165049807901845,0.0,0.0,0.006187527528113556,0.0,0.0,0.0,0.0,0.003473966530743555
2018-10-06 23:00:00,0.0,0.0,0.0,0.0046332565385392545,0.0,0.0,0.015526694567050971,0.02021939155924725,0.0,0.0,0.0,7.656514805977842e-07,0.0,0.0010613646997587795,0.0001227408688346795,0.0,0.0,0.0067577560007351396,0.0,0.0,0.0,0.0,0.0032275384111058393
2018-10-07 00:00:00,0.0,0.0,0.0,0.004908278122247977,0.0,0.0,0.016291318821445164,0.021381048733840592,0.0,0.0,0.0,8.083681702668952e-07,0.0,0.0011247203083977746,0.0001352965667054335,0.0,0.0,0.00713477997738519,0.0,0.0,0.0,0.0,0.0032855878532414497
2018-10-07 01:00:00,0.0,0.0,0.0,0.005070856030084275,0.0,0.0,0.01686436921796028,0.021889795995603176,0.0,0.0,0.0,8.295576688465646e-07,0.0,0.0011606841879153406,0.000142856481399314,0.0,0.0,0.007321801703076273,0.0,0.0,0.0,0.0,0.0031518176700003216
2018-10-07 02:00:00,0.0,0.0,0.0,0.00513705801687212,0.0,0.0,0.017225675891531535,0.022453242905202973,0.0,0.0,0.0,8.489053096496337e-07,0.0,0.0011845117169370385,0.00014363527410738154,0.0,0.0,0.007492566912901151,0.0,0.0,0.0,0.0,0.002959675075403371
2018-10-07 03:00:00,0.0,0.0,0.0,0.005076337699374272,0.0,0.0,0.018920439327718707,0.02218784429892242,0.0,0.0,0.0,8.388712006794339e-07,0.0,0.0011876984813566085,0.00015992649515739505,0.0,0.0,0.007404004346480646,0.0,0.0,0.0,0.0,0.002242160574230938
2018-10-07 04:00:00,0.0,0.0,0.0,0.004727414138456896,0.0,0.0,0.02156821899596035,0.020630292480700214,0.0,0.0,0.0,7.812111426166729e-07,0.0,0.0011503502137542058,0.00016303052775682667,0.0,0.0,0.0068950879357500905,0.0,0.0,0.0,0.0,0.0021196820550174553
2018-10-07 05:00:00,0.0,0.0,0.0,0.004425184915103592,0.0,0.0,0.028693497435338593,0.019326566891029347,0.0,0.0,0.0,7.312673826682261e-07,0.0,0.001192290246118497,0.00018052851151132646,0.0,0.0,0.006454276741566308,0.0,0.000285836299507122,0.0,0.0,0.001685331515185574
2018-10-07 06:00:00,0.0,0.0,0.0,0.004188712883545246,0.0,0.0,0.05578832265449786,0.01818530618389391,0.0,0.0,0.0,6.875445104968429e-07,0.0,0.0011352688023718808,0.00015948579998543283,0.0,0.0,0.006068372045666219,0.0,0.0008203825037917572,0.0,0.0,0.001025157629790796
2018-10-07 07:00:00,0.0,0.0,0.0,0.004061515688597999,0.0,0.0,0.09369704292240445,0.017752222774176575,0.0,0.0,0.0,6.711705847884253e-07,0.0,0.0011173806094753097,0.0001799096162838732,0.0,0.0,0.005923853295927422,0.0,0.0015464593701995447,0.0,0.0,0.0006869300523077094
2018-10-07 08:00:00,0.0,0.0,0.0,0.004041232089383096,0.0,0.0,0.13187586159274897,0.017663565410981526,0.0,0.0,0.0,6.67818694462137e-07,0.0,0.0011048428546578575,0.00016407897711118082,0.0,0.0,0.005894269003935202,0.0,0.0022119332927608105,0.0,0.0,0.00040567413855575256
2018-10-07 09:00:00,0.0,0.0,0.0,0.003948157197085425,0.0,0.0,0.1491564888264101,0.017229638730623466,0.0,0.0,0.0,6.524379512415904e-07,0.0,0.0010800766324569023,9.827867317112393e-05,0.0,0.0,0.005758516233349211,0.0,0.0027381482606648215,0.0,0.0,0.00024500457452349963
2018-10-07 10:00:00,0.0,0.0,0.0,0.0038220370295328748,0.0,0.0,0.15045876283584197,0.016903060888588724,0.0,0.0,0.0,6.380632923429258e-07,0.0,0.0010211040425458068,0.00011647073052076273,0.0,0.0,0.005631643315458255,0.0,0.0035310479703711687,0.0,0.0,0.00019497398089208178
2018-10-07 11:00:00,0.0,0.0,0.0,0.0039048408463813102,0.0,0.0,0.16773182883832638,0.017301222896818506,0.0,0.0,0.0,6.54119319981956e-07,0.0,0.0010386211038081027,7.33002379962495e-05,0.0,0.0,0.005773356248659809,0.0,0.0037948416811477968,0.0,0.0,0.00016134911418811898
2018-10-07 12:00:00,0.0,0.0,0.0,0.0038902941656997984,0.0,0.0,0.15797164390523674,0.01722322965108785,0.0,0.0,0.0,6.516825331192586e-07,0.0,0.0010303388363925305,7.38792987868317e-05,0.0,0.0,0.005751848798519377,0.0,0.0034455359162612375,0.0,0.0,0.0001439534698031999
2018-10-07 13:00:00,0.0,0.0,0.0,0.004059298243354603,0.0,0.0,0.13760558602080158,0.017801908136188115,0.0,0.0,0.0,6.799932471019261e-07,0.0,0.001077637888649639,7.744445875656689e-05,0.0,0.0,0.006001723450563537,0.0,0.0030216623141222495,0.0,0.0,0.00014520026184843034
2018-10-07 14:00:00,0.0,0.0,0.0,0.004003724318250605,0.0,0.0,0.12805691043397346,0.017609365617594037,0.0,0.0,0.0,6.683947592335705e-07,0.0,0.0010764913791591081,9.998311609786371e-05,0.0,0.0,0.00589935343890936,0.0,0.0019663311110910647,0.0,0.0,0.00019193865397653761
2018-10-07 15:00:00,0.0,0.0,0.0,0.004456312807886612,0.0,0.0,0.09796268041073147,0.02192593175090788,0.0,0.0,0.0,7.36411306169756e-07,4.342497772008904e-05,0.001255852040560777,0.0002811712429703572,0.0,0.0,0.006499677789942319,0.0,0.0009695897121986405,0.0,0.0,0.00023858213792092432
2018-10-07 16:00:00,0.0,0.0,0.0,0.003957139473359527,0.0,0.0,0.09663297274415876,0.027581227191255227,0.0,0.0,0.0,6.539222837129738e-07,0.019492449552810553,0.001181885356964218,0.000361859026363365,0.0,0.0,0.005771617176689315,0.0,0.0002825094690762362,0.0,0.0,0.00025278438448426955
2018-10-07 17:00:00,0.0,0.0,0.0,0.0035184242234362296,0.0,0.0,0.09042974999682869,0.02534485916238619,0.0,0.0,0.0,5.814240359102523e-07,0.11038829948423448,0.0010231410506221289,0.00038552646742648133,0.0,0.0,0.005131736654615336,0.0,2.3922719839123814e-05,0.0,0.0,0.0002739919209701264
2018-10-07 18:00:00,0.0,0.0,0.0,0.0038376610366594845,0.0,0.0,0.09886591382954785,0.027552235911153175,0.0,0.0,0.0,6.341783215131738e-07,0.05383844090942571,0.001117405097824184,0.00039496586592420685,0.0,0.0,0.0055973539741551595,0.0,0.0,0.0,0.0,0.0002988520009788969
2018-10-07 19:00:00,0.0,0.0,0.0,0.004386077878007855,0.0,0.0,0.09291042956120861,0.03093235280969099,0.0,0.0,0.0,7.248048955158131e-07,0.002251003109336252,0.0012356183136553029,0.00028109937198833606,0.0,0.0,0.006397237850581866,0.0,0.0,0.0,0.0,0.00035223284888265786
2018-10-07 20:00:00,0.0,0.0,0.0,0.005022268390979656,0.0,0.0,0.04120456482512422,0.025124397188845262,0.0,0.0,0.0,8.299361793433848e-07,0.0015008261916759824,0.001336447787425891,0.00030472591055485736,0.0,0.0,0.007325142494083731,0.0,0.0,0.0,0.0,0.0004980433065072877
2018-10-07 21:00:00,0.0,0.0,0.0,0.005580337608044681,0.0,0.0,0.019083086036081207,0.02440990401078752,0.0,0.0,0.0,9.221578205945717e-07,0.0,0.0014535689003025197,0.00023633548085386425,0.0,0.0,0.00813910467577543,0.0,0.0,0.0,0.0,0.0007367154771905414
2018-10-07 22:00:00,0.0,0.0,0.0,0.005449775562509701,0.0,0.0,0.018240320330285525,0.023689097075724353,0.0,0.0,0.0,9.005822780701663e-07,0.0,0.0013272214134365365,0.0002225629158099325,0.0,0.0,0.007948675667723906,0.0,0.0,0.0,0.0,0.0009681464429230461
2018-10-07 23:00:00,0.0,0.0,0.0,0.005430849176492724,0.0,0.0,0.0178948980530722,0.023737354733515945,0.0,0.0,0.0,8.974546689348362e-07,0.0,0.0012799925116079058,0.00013706385698870167,0.0,0.0,0.007921070915512456,0.0,0.0,0.0,0.0,0.001592554727774016
2018-10-08 00:00:00,0.0,0.0,0.0,0.005227506636776579,0.0,0.0,0.016920778549559312,0.022830629369664953,0.0,0.0,0.0,8.638520580482684e-07,0.0,0.0012018426475622142,0.00014356630377813616,0.0,0.0,0.007624489179417882,0.0,0.0,0.0,0.0,0.001994076058515031
2018-10-08 01:00:00,0.0,0.0,0.0,0.00517392204495134,0.0,0.0,0.02205746089264752,0.029116221084857265,0.0,0.0,0.0,8.549971367360207e-07,0.0,0.0011767557629141802,0.0001404177217918046,0.0,0.0,0.00754633430197004,0.0,0.0,0.0,0.0,0.002209716602062741
2018-10-08 02:00:00,0.0,0.0,0.0,0.005110737577079898,0.0,0.0,0.0265130936391211,0.04980032123183191,0.0,0.0,0.0,8.445558238119138e-07,0.0,0.0011726502812357705,0.00017337864924831564,0.0,0.0,0.0074541776917413935,0.0,0.0,0.0,0.0,0.0022480266970092535
2018-10-08 03:00:00,0.0,0.0,0.0,0.005003124438968651,0.0,0.0,0.03815785765735548,0.049885473392557965,0.0,0.0,0.0,8.267726171534225e-07,0.0,0.0011453027560137802,0.00020507891443837466,0.0,0.0,0.007297220414763483,0.0,0.0,0.0,0.0,0.0025598639613931685
2018-10-08 04:00:00,0.0,0.0,0.0,0.004111018378725251,0.0,0.0,0.05863382775593445,0.049798260169136827,0.0,0.0,0.0,6.793509667021481e-07,0.022240099576673507,0.0010643521588789763,0.00037832882646525706,0.0,0.0,0.005996054586418763,0.0,0.0,0.0,0.0,0.002150935835440259
2018-10-08 05:00:00,0.0,0.0,0.0,0.00350782620468282,0.0,0.0,0.06688741354759722,0.04883881486435326,0.0,0.0,0.0,5.796726999584318e-07,0.09023572291855529,0.0010436117626747771,0.0004821429581010166,0.0,0.0,0.005116279098093042,0.0,0.00017887995778051972,0.0,0.0,0.001668877297198148
2018-10-08 06:00:00,0.0,0.0,0.0,0.003231507752991942,0.0,0.0,0.09003775210187916,0.04551316748231753,0.0,0.0,0.0,5.340107276731008e-07,0.0904437937493493,0.0009480985763681779,0.00039570433248754106,0.0,0.0,0.004713259610720434,0.0,0.0005163395794541606,0.0,0.0,0.0012562776860728928
2018-10-08 07:00:00,0.0,0.0,0.0,0.003221786090089174,0.0,0.0,0.12698958207113595,0.04605102385543704,0.0,0.0,0.0,5.324042106297506e-07,0.05252385370487563,0.0009468640990687471,0.00037933761608301684,0.0,0.0,0.00469908024783132,0.0,0.0010295724485313072,0.0,0.0,0.0009232029739472736
2018-10-08 08:00:00,0.0,0.0,0.0,0.0030219493597534045,0.0,0.0,0.14995208684734682,0.04407657784360264,0.0,0.0,0.0,4.993809391603836e-07,0.04889296710223595,0.0008698806828491462,0.00047563030177059327,0.0,0.0,0.004407611849230712,0.0,0.0013971995828559072,0.0,0.0,0.0008162998901505949
2018-10-08 09:00:00,0.0,0.0,0.0,0.0030285241028173986,0.0,0.0,0.15953388312681271,0.05253280015143825,0.0,0.0,0.0,5.004674237354603e-07,0.0575921799926252,0.0008461379722931636,0.0003510202768563122,0.0,0.0,0.004417201326744944,0.0,0.0017605951507395216,0.0,0.0,0.0009065165195818286
2018-10-08 10:00:00,0.0,0.0,0.0,0.003109841456499814,0.0,0.0,0.16275138879917359,0.05444518421037038,0.0,0.0,0.0,5.139052188860964e-07,0.04938566938191311,0.0008512783707547337,0.00031132422709488,0.0,0.0,0.004535805343215938,0.0,0.0023047673813607135,0.0,0.0,0.0008797733194913402
2018-10-08 11:00:00,0.0,0.0,0.0,0.0030361877439692058,0.0,0.0,0.15842999229431332,0.0528846536890753,0.0,0.0,0.0,5.017338500914897e-07,0.04209655716871367,0.0008280674615216081,0.00029896479068633745,0.0,0.0,0.004428378997687689,0.0,0.0024566197353357625,0.0,0.0,0.000761036391359248
2018-10-08 12:00:00,0.0,0.0,0.0,0.003068538484589797,0.0,0.0,0.16068545363257405,0.053458678913700854,0.0,0.0,0.0,5.070798507388874e-07,0.03359452881843771,0.0008499655818444006,0.00028537518892803596,0.0,0.0,0.004475563609577526,0.0,0.002336748374816627,0.0,0.0,0.0006216635347832044
2018-10-08 13:00:00,0.0,0.0,0.0,0.0031079802041572464,0.0,0.0,0.15301354978436307,0.0540924584311422,0.0,0.0,0.0,5.135976445914293e-07,0.03904877010647103,0.0008582153126841341,0.0002551290498323047,0.0,0.0,0.004533090645878925,0.0,0.0020075399729977167,0.0,0.0,0.00047271331811802133
2018-10-08 14:00:00,0.0,0.0,0.0,0.0032494421415051123,0.0,0.0,0.14632758384015634,0.04942523293203285,0.0,0.0,0.0,5.369744079710741e-07,0.04430392236262866,0.0009227782713701037,0.00032284208613076094,0.0,0.0,0.004739417502170278,0.0,0.001491334049207009,0.0,0.0,0.0004368986147417798
2018-10-08 15:00:00,0.0,0.0,0.0,0.0034780612470882125,0.0,0.0,0.13407045103280138,0.0500723835567524,0.0,0.0,0.0,5.747540032139976e-07,0.04746617664343185,0.0010658934789432371,0.00048098283798942234,0.0,0.0,0.005072865935207827,0.0,0.0007922174143033903,0.0,0.0,0.000529001397927047
2018-10-08 16:00:00,0.0,0.0,0.0,0.0032950564765624316,0.0,0.0,0.089768346779132,0.047335909099529984,0.0,0.0,0.0,5.445122343104139e-07,0.11398159362994456,0.0010566574560749629,0.0003476657888954296,0.0,0.0,0.0048059474997840775,0.0,0.00026884778390676807,0.0,0.0,0.0005813537071030276
2018-10-08 17:00:00,0.0,0.0,0.0,0.003120704468369793,0.0,0.0,0.08046697901481858,0.044681206111525616,0.0,0.0,0.0,5.157003452843041e-07,0.10830018441435868,0.000999806062320829,0.000622733061803861,0.0,0.0,0.004551649400854402,0.0,2.1218515436606644e-05,0.0,0.0,0.0005828685248067229
2018-10-08 18:00:00,0.0,0.0,0.0,0.003516345523507901,0.0,0.0,0.08036778244839958,0.050080247690653584,0.0,0.0,0.0,5.810805281280682e-07,0.10371557136005922,0.0011125363513929966,0.0004649266005023599,0.0,0.0,0.0051287048028718476,0.0,0.0,0.0,0.0,0.0006546249522440368
2018-10-08 19:00:00,0.0,0.0,0.0,0.004171211450290878,0.0,0.0,0.07055886684323998,0.05923507361843652,0.0,0.0,0.0,6.892979476177528e-07,0.027768523376959797,0.0012516872814386636,0.0003159995807345366,0.0,0.0,0.006083848147425324,0.0,0.0,0.0,0.0,0.0006166632467377285
2018-10-08 20:00:00,0.0,0.0,0.0,0.004538487927209506,0.0,0.0,0.05412293802008671,0.06407675256956381,0.0,0.0,0.0,7.499908481732102e-07,0.03344940006155177,0.0012838284339164,0.00029076910742699766,0.0,0.0,0.006619532885617743,0.0,0.0,0.0,0.0,0.0005632755982496639
2018-10-08 21:00:00,0.0,0.0,0.0,0.004726293346837565,0.0,0.0,0.03656694054625941,0.06281741224163273,0.0,0.0,0.0,7.810259303894531e-07,0.04892664289887843,0.0013138318132650463,0.0002553130790802012,0.0,0.0,0.006893453224564101,0.0,0.0,0.0,0.0,0.00036805288701191293
2018-10-08 22:00:00,0.0,0.0,0.0,0.004611896579529391,0.0,0.0,0.034525429224887626,0.05558941900781688,0.0,0.0,0.0,7.519600975197782e-07,0.09026525406831827,0.0011462518584319046,0.00028582976170210127,0.0,0.0,0.006636913778786427,0.0,0.0,0.0,0.0,0.000251924841514462
2018-10-08 23:00:00,0.0,0.0,0.0,0.005534975724722524,0.0,0.0,0.041038642568625196,0.07879132929648358,0.0,0.0,0.0,9.024662227262398e-07,0.009951572019705581,0.0013561668057524216,0.00020756990296760965,0.0,0.0,0.007965303648766527,0.0,0.0,0.0,0.0,0.0002491879433989973
2018-10-09 00:00:00,0.0,0.0,0.0,0.005594975290066614,0.0,0.0,0.03944201412208063,0.07964543340565908,0.0,0.0,0.0,9.122490264446809e-07,0.0,0.0013767286537079803,0.00020779215795248526,0.0,0.0,0.00805164815695019,0.0,0.0,0.0,0.0,0.0002619647263960843
2018-10-09 01:00:00,0.0,0.0,0.0,0.0054741118768661815,0.0,0.0,0.03821968151526143,0.07790637612405402,0.0,0.0,0.0,8.925424995506965e-07,0.0,0.0013387744833778389,0.00020703802064971083,0.0,0.0,0.007877715364098412,0.0,0.0,0.0,0.0,0.00026287767070090845
2018-10-09 02:00:00,0.0,0.0,0.0,0.005378428334024282,0.0,0.0,0.037507529051781716,0.0768361589211226,0.0,0.0,0.0,8.76941497887781e-07,0.0,0.0012987764278797858,0.00020146982780500303,0.0,0.0,0.007740018559120338,0.0,0.0,0.0,0.0,0.0003357675852391104
2018-10-09 03:00:00,0.0,0.0,0.0,0.004865895580446227,0.0,0.0,0.04262107591081394,0.07147574833131268,0.0,0.0,0.0,7.933741037113136e-07,0.060288955792130006,0.0012142029258969947,0.000344520053487122,0.0,0.0,0.007002440073644271,0.0,0.0,0.0,0.0,0.0002891665286501894
2018-10-09 04:00:00,0.0,0.0,0.0,0.0041634505282947985,0.0,0.0,0.049517633998610255,0.06861876534826565,0.0,0.0,0.0,6.788419062065781e-07,0.09403094657355164,0.0011696390333787623,0.0005257484121143788,0.0,0.0,0.005991561541337743,0.0,0.0,0.0,0.0,0.0001474536278508776
2018-10-09 05:00:00,0.0,0.0,0.0,0.0035258751156534464,0.0,0.0,0.0573801242602049,0.05942465338871622,0.0,0.0,0.0,5.748865678336334e-07,0.12065053973044537,0.0010924421587028357,0.0007531372884332342,0.0,0.0,0.005074035970630641,0.0,0.00023653735401613717,0.0,0.0,0.00011005766925891345
2018-10-09 06:00:00,0.0,0.0,0.0,0.0035842134023625393,0.0,0.0,0.06343583478706254,0.05270967006671488,0.0,0.0,0.0,5.843985035430379e-07,0.1100915017568359,0.0010971229724477526,0.0006790971111572117,0.0,0.0,0.005157989756717034,0.0,0.0007934884469329072,0.0,0.0,8.821201813138902e-05
2018-10-09 07:00:00,0.0,0.0,0.0,0.003618095199968033,0.0,0.0,0.07309866024808015,0.050401069847823894,0.0,0.0,0.0,5.899228598229813e-07,0.0925386598241431,0.0011103110242965477,0.0006234213625417965,0.0,0.0,0.005206748562449164,0.0,0.0017840217202075626,0.0,0.0,6.949923274759441e-05
2018-10-09 08:00:00,0.0,0.0,0.0,0.0035781678472841605,0.0,0.0,0.08228934579922925,0.05020852495037257,0.0,0.0,0.0,5.834127884239095e-07,0.07815192674143684,0.0010451788632342882,0.0003735714354428616,0.0,0.0,0.005149289685692414,0.0,0.002520477451450018,0.0,0.0,6.87322765942029e-05
2018-10-09 09:00:00,0.0,0.0,0.0,0.0033556959953413177,0.0,0.0,0.08672076273363603,0.04701861070132446,0.0,0.0,0.0,5.47139217974631e-07,0.0792078967196322,0.0009729273170274649,0.0003474114521896122,0.0,0.0,0.004829133655718677,0.0,0.00285903280885579,0.0,0.0,6.84875402326992e-05
2018-10-09 10:00:00,0.0,0.0,0.0,0.0035192571605573136,0.0,0.0,0.12237210222664308,0.04956072907931251,0.0,0.0,0.0,5.73807524088039e-07,0.05776454024685565,0.0010014187007700306,0.0003176762063392277,0.0,0.0,0.005064512167005063,0.0,0.003683056742813259,0.0,0.0,8.661336299101917e-05
2018-10-09 11:00:00,0.0,0.0,0.0,0.0035101931763543443,0.0,0.0,0.12118626801224512,0.049540106513300285,0.0,0.0,0.0,5.723296604092575e-07,0.057739510282821656,0.0009900446560831657,0.0003226204436399839,0.0,0.0,0.005051468318208799,0.0,0.0038384106056528933,0.0,0.0,0.00010113984807031487
2018-10-09 12:00:00,0.0,0.0,0.0,0.003518674308097484,0.0,0.0,0.0886028373635093,0.04927835641124888,0.0,0.0,0.0,5.737124912127403e-07,0.048440197081131973,0.0010080766651435979,0.0002990192916976896,0.0,0.0,0.005063673392445631,0.0,0.0035880250503373037,0.0,0.0,0.0001436276400342279
2018-10-09 13:00:00,0.0,0.0,0.0,0.0035253245184877443,0.0,0.0,0.0803369669665342,0.049455088661718584,0.0,0.0,0.0,5.747967941166223e-07,0.053508641027075476,0.0010070376311290818,0.0003325041355333773,0.0,0.0,0.00507324361419927,0.0,0.0030390303530173136,0.0,0.0,0.00024970724934520437
2018-10-09 14:00:00,0.0,0.0,0.0,0.0037434327184913806,0.0,0.0,0.07375090287272221,0.05255286758449987,0.0,0.0,0.0,6.103588802381053e-07,0.06419749519295535,0.0010840732467290591,0.0004365562353299424,0.0,0.0,0.005387119975671832,0.0,0.002122069236007145,0.0,0.0,0.00037301660221161336
2018-10-09 15:00:00,0.0,0.0,0.0,0.003870410235964506,0.0,0.0,0.06864394897131278,0.054440361901096274,0.0,0.0,0.0,6.310622990540697e-07,0.06210182101544663,0.0012196819723150876,0.0006262163518790197,0.0,0.0,0.005569851487704019,0.0,0.0009736908208698169,0.0,0.0,0.0004367821590748995
2018-10-09 16:00:00,0.0,0.0,0.0,0.0034131188495061474,0.0,0.0,0.07158807612467258,0.048066012484600906,0.0,0.0,0.0,5.565018943211277e-07,0.0718451850513952,0.0011392058644489904,0.0007664544552257576,0.0,0.0,0.0049117700560480804,0.0,0.0002747675655398809,0.0,0.0,0.00040976178107323774
2018-10-09 17:00:00,0.0,0.0,0.0,0.003232127779119371,0.0,0.0,0.06437314988483059,0.04558285956114325,0.0,0.0,0.0,5.2699167860156e-07,0.09007850322106611,0.0010567891464537543,0.0007307033330438815,0.0,0.0,0.004651308419891905,0.0,2.1683097887409508e-05,0.0,0.0,0.0004908616296965866
2018-10-09 18:00:00,0.0,0.0,0.0,0.0038005861183969224,0.0,0.0,0.06172611879280613,0.0562135433803696,0.0,0.0,0.0,6.196776226308377e-07,0.08478818069965444,0.0012415785250389727,0.0006878440125740534,0.0,0.0,0.005469368608267208,0.0,0.0,0.0,0.0,0.0007209210428785894
2018-10-09 19:00:00,0.0,0.0,0.0,0.0042894943974555975,0.0,0.0,0.03713264769322273,0.07306476802635176,0.0,0.0,0.0,6.993930956167265e-07,0.04829446507469637,0.0013700246902014115,0.0004626511464837309,0.0,0.0,0.00617294945356413,0.0,0.0,0.0,0.0,0.0007183901187387207
2018-10-09 20:00:00,0.0,0.0,0.0,0.0046861043795829865,0.0,0.0,0.0348215991795548,0.06961265566571251,0.0,0.0,0.0,7.640595242095945e-07,0.02172418527571764,0.001302869701055659,0.00031930195257994735,0.0,0.0,0.006743705152395111,0.0,0.0,0.0,0.0,0.000779187127003779
2018-10-09 21:00:00,0.0,0.0,0.0,0.004870874879427577,0.0,0.0,0.03644421344628371,0.06948624893803075,0.0,0.0,0.0,7.941859680025066e-07,0.020824563351247594,0.0013285229423268088,0.00023894967347370168,0.0,0.0,0.0070096057109147805,0.0,0.0,0.0,0.0,0.0009531793295204829
2018-10-09 22:00:00,0.0,0.0,0.0,0.005161059372147855,0.0,0.0,0.035457237609627865,0.0618178626662267,0.0,0.0,0.0,8.331682603938473e-07,0.022411732123290257,0.0013010729282498276,0.0002483906053009576,0.0,0.0,0.007353669331250655,0.0,0.0,0.0,0.0,0.0009018095989984803
2018-10-09 23:00:00,0.0,0.0,0.0,0.005335315624111791,0.0,0.0,0.03657253973775153,0.05693473669137392,0.0,0.0,0.0,8.699120606506071e-07,0.0,0.0013293751527743915,0.00010862913600060751,0.0,0.0,0.007677975680767624,0.0,0.0,0.0,0.0,0.0008999460562064955
2018-10-10 00:00:00,0.0,0.0,0.0,0.005405677843850572,0.0,0.0,0.03496055084673828,0.057795471261016834,0.0,0.0,0.0,8.813844735081134e-07,0.0,0.0013350463542087991,0.0001009571532476795,0.0,0.0,0.007779232935269625,0.0,0.0,0.0,0.0,0.0010513448994224905
2018-10-10 01:00:00,0.0,0.0,0.0,0.005458949872575895,0.0,0.0,0.035282699317744456,0.0559424048335151,0.0,0.0,0.0,8.900703664427413e-07,0.0,0.001351293975406916,7.401999903008634e-05,0.0,0.0,0.007855895942640677,0.0,0.0,0.0,0.0,0.0010322138975814783
2018-10-10 02:00:00,0.0,0.0,0.0,0.00534774793725328,0.0,0.0,0.03453108511617372,0.0545491942000409,0.0,0.0,0.0,8.719391233223429e-07,0.0,0.0013340626286601673,0.00012906253212677569,0.0,0.0,0.007695866843105735,0.0,0.0,0.0,0.0,0.0012423155914553982
2018-10-10 03:00:00,0.0,0.0,0.0,0.004920118580519062,0.0,0.0,0.03713540047334393,0.05870452562151953,0.0,0.0,0.0,8.022150505364359e-07,0.0,0.0012205597176711187,0.0002133582020165812,0.0,0.0,0.007080471610150941,0.0,0.0,0.0,0.0,0.001299505997706705
2018-10-10 04:00:00,0.0,0.0,0.0,0.0041945968526344865,0.0,0.0,0.048495123977634544,0.060833402388071854,0.0,0.0,0.0,6.8392024928821e-07,0.06101206056222709,0.0011823077484984942,0.0004425787038069914,0.0,0.0,0.006036383766989152,0.0,0.0,0.0,0.0,0.0011607566860921536
2018-10-10 05:00:00,0.0,0.0,0.0,0.0033827177071007164,0.0,0.0,0.053677410174302394,0.05726401083389086,0.0,0.0,0.0,5.515450515962994e-07,0.10134389115043271,0.001072842924304954,0.0006365928065053796,0.0,0.0,0.004868020210958961,0.0,0.00022693347596710017,0.0,0.0,0.0009320269796979509
2018-10-10 06:00:00,0.0,0.0,0.0,0.003356678477540282,0.0,0.0,0.053298620214104954,0.05698240805017962,0.0,0.0,0.0,5.472994096435908e-07,0.09814864971131386,0.0010681005744533612,0.0006713387352228769,0.0,0.0,0.004830547531665648,0.0,0.0008106717763789339,0.0,0.0,0.0008543299713954544
2018-10-10 07:00:00,0.0,0.0,0.0,0.0037241325940609747,0.0,0.0,0.046315662672565365,0.06340949159764422,0.0,0.0,0.0,6.072120352907903e-07,0.10462005491609336,0.0011677340061289117,0.00039413022397318974,0.0,0.0,0.005359345445268654,0.0,0.0020236852331321333,0.0,0.0,0.0006728862791867815
2018-10-10 08:00:00,0.0,0.0,0.0,0.003805922734869025,0.0,0.0,0.04568669694236552,0.055505979313427996,0.0,0.0,0.0,6.20547746792034e-07,0.051632284807567715,0.0011758707134291097,0.00043524279813392914,0.0,0.0,0.0054770484559795345,0.0,0.002974532382140861,0.0,0.0,0.0004340738368246611
2018-10-10 09:00:00,0.0,0.0,0.0,0.0036350189583984212,0.0,0.0,0.06319496450910177,0.04035429683366007,0.0,0.0,0.0,5.926822432610667e-07,0.05162042272281871,0.0009897472577364516,0.00041887574760923025,0.0,0.0,0.00523110329885285,0.0,0.003401838535202624,0.0,0.0,0.0004713141443261925
2018-10-10 10:00:00,0.0,0.0,0.0,0.0036454158205379127,0.0,0.0,0.08080198686939773,0.04102545104272036,0.0,0.0,0.0,5.943774299014205e-07,0.02802789352410431,0.0009641966371236823,0.00028188857983636647,0.0,0.0,0.005246065273042821,0.0,0.004181922623385785,0.0,0.0,0.0008118410841871891
2018-10-10 11:00:00,0.0,0.0,0.0,0.003536478479058251,0.0,0.0,0.07824236326421063,0.039691643852055,0.0,0.0,0.0,5.766154240736681e-07,0.028947097407084278,0.0009327299451568352,0.0002813814778459573,0.0,0.0,0.005089295117809958,0.0,0.004223026730863756,0.0,0.0,0.0011272379008921247
2018-10-10 12:00:00,0.0,0.0,0.0,0.0034458868376973607,0.0,0.0,0.07613212525430256,0.043099215417913554,0.0,0.0,0.0,5.618446463041539e-07,0.03372742607406943,0.0008991299868031834,0.00030877577896639574,0.0,0.0,0.004958925994733845,0.0,0.003791208486038883,0.0,0.0,0.0014313872602350684
2018-10-10 13:00:00,0.0,0.0,0.0,0.0035852497087477337,0.0,0.0,0.07394902814399898,0.046299783629835056,0.0,0.0,0.0,5.845674711330593e-07,0.022819797546856476,0.0009520892892260164,0.00025094186029448135,0.0,0.0,0.005159481090273268,0.0,0.0033071577869146353,0.0,0.0,0.0015775147393946836
2018-10-10 14:00:00,0.0,0.0,0.0,0.003577295129114598,0.0,0.0,0.07407094324118517,0.04851175591072348,0.0,0.0,0.0,5.832704935505152e-07,0.042528814939731444,0.0009677003418953687,0.00028790855152765446,0.0,0.0,0.005148033769575327,0.0,0.002159882318454968,0.0,0.0,0.001556835835373072
2018-10-10 15:00:00,0.0,0.0,0.0,0.003617365808318823,0.0,0.0,0.07919402662968836,0.04759685859045433,0.0,0.0,0.0,5.898039340391498e-07,0.05010027290609356,0.001044492830670111,0.000391391431149371,0.0,0.0,0.005205698905458099,0.0,0.0009100316681057538,0.0,0.0,0.001300676499615814
2018-10-10 16:00:00,0.0,0.0,0.0,0.0033748344134180977,0.0,0.0,0.08072007777299595,0.04439487418268003,0.0,0.0,0.0,5.484315917332082e-07,0.0701133789492477,0.001039075552320134,0.0003367581844209437,0.0,0.0,0.004840540342368584,0.0,0.00022565244141340327,0.0,0.0,0.0014295209607372223
2018-10-10 17:00:00,0.0,0.0,0.0,0.0034111362988446014,0.0,0.0,0.08028002958994179,0.04565756248063727,0.0,0.0,0.0,5.561786435796841e-07,0.07275456578468324,0.0010283064671615444,0.00033067919837996,0.0,0.0,0.004908916996016084,0.0,0.0,0.0,0.0,0.0016114760194899152
2018-10-10 18:00:00,0.0,0.0,0.0,0.0036698446700503696,0.0,0.0,0.06422168759592398,0.045005221097348856,0.0,0.0,0.0,5.98360502753318e-07,0.07342672016832637,0.0010888928274804476,0.00039675657803322746,0.0,0.0,0.005281220477660541,0.0,0.0,0.0,0.0,0.001566272508953154
2018-10-10 19:00:00,0.0,0.0,0.0,0.004174910892290657,0.0,0.0,0.08166112743156123,0.046545933772070204,0.0,0.0,0.0,6.80710494601684e-07,0.001853148047091515,0.0011629301061232176,0.000263464289881803,0.0,0.0,0.006008053985693851,0.0,0.0,0.0,0.0,0.001671564296446201
2018-10-10 20:00:00,0.0,0.0,0.0,0.004353505885462071,0.0,0.0,0.06912662572292168,0.04883205162369824,0.0,0.0,0.0,7.098300349395606e-07,0.00036974145498138247,0.0011323176839717975,0.0003118611318281273,0.0,0.0,0.006265067461725133,0.0,0.0,0.0,0.0,0.0017692037307244126
2018-10-10 21:00:00,0.0,0.0,0.0,0.004438070465625196,0.0,0.0,0.06015279196207844,0.04944981888514184,0.0,0.0,0.0,7.236181129785245e-07,0.0,0.0011192570221197386,0.00026427005045453263,0.0,0.0,0.006386763128053194,0.0,0.0,0.0,0.0,0.001784921159992398
2018-10-10 22:00:00,0.0,0.0,0.0,0.004767048664356726,0.0,0.0,0.04793687750175848,0.05249615432134403,0.0,0.0,0.0,7.670302506438651e-07,0.0,0.0011098238765600789,0.00018023044861224376,0.0,0.0,0.006769925234111744,0.0,0.0,0.0,0.0,0.0017056276865209368
2018-10-10 23:00:00,0.0,0.0,0.0,0.004893237974123483,0.0,0.0,0.03526862751321421,0.054327477237697507,0.0,0.0,0.0,7.873344314303293e-07,0.0,0.0011180122769634533,0.00022597550756848873,0.0,0.0,0.006949133010791824,0.0,0.0,0.0,0.0,0.0019246959382439642
2018-10-11 00:00:00,0.0,0.0,0.0,0.004939050401154468,0.0,0.0,0.033160961686299145,0.05457192069286415,0.0,0.0,0.0,7.94705767420859e-07,0.0,0.001128479465358884,0.00016428800400028056,0.0,0.0,0.007014193539355741,0.0,0.0,0.0,0.0,0.0017613175490897859
2018-10-11 01:00:00,0.0,0.0,0.0,0.0048721567611026756,0.0,0.0,0.029429811465719807,0.05386538665967559,0.0,0.0,0.0,7.839424106548482e-07,0.0,0.0011066617559210429,0.00015273481041696077,0.0,0.0,0.006919194521373338,0.0,0.0,0.0,0.0,0.0018500224379007064
2018-10-11 02:00:00,0.0,0.0,0.0,0.004703856846592057,0.0,0.0,0.03667264329060342,0.04617048897922905,0.0,0.0,0.0,7.568625264959899e-07,0.0,0.0010651486432027226,0.00013162435190257747,0.0,0.0,0.0066801833598839604,0.0,0.0,0.0,0.0,0.0018223406280579463
2018-10-11 03:00:00,0.0,0.0,0.0,0.004599885429077984,0.0,0.0,0.07148217178447053,0.05097824321137417,0.0,0.0,0.0,7.401332610635004e-07,0.0,0.0010497015543720542,0.00021475081145012862,0.0,0.0,0.006532528327889468,0.0,0.0,0.0,0.0,0.0016022196502051044
2018-10-11 04:00:00,0.0,0.0,0.0,0.004346352099675123,0.0,0.0,0.09648644064760371,0.05005741856602011,0.0,0.0,0.0,6.99339103736665e-07,0.0029554536803616496,0.0011481259737067752,0.00031913970647658255,0.0,0.0,0.006172472913048344,0.0,0.0,0.0,0.0,0.0015860005403544734
2018-10-11 05:00:00,0.0,0.0,0.0,0.0036806843315268316,0.0,0.0,0.10514803934675548,0.042489287932190416,0.0,0.0,0.0,5.922314673355531e-07,0.046598822297134974,0.0011110056326425802,0.00048724546240117163,0.0,0.0,0.0052271246822200605,0.0,0.0002436739212337716,0.0,0.0,0.0012209962002831876
2018-10-11 06:00:00,0.0,0.0,0.0,0.0038012101539756857,0.0,0.0,0.10117079290480673,0.04380437588572934,0.0,0.0,0.0,6.116243786127609e-07,0.021351365184530617,0.0011434565776305605,0.0004955229587903057,0.0,0.0,0.005398289456110337,0.0,0.000893368660768503,0.0,0.0,0.0010898455502690691
2018-10-11 07:00:00,0.0,0.0,0.0,0.0038139405603589316,0.0,0.0,0.08199774336634567,0.04398932854394461,0.0,0.0,0.0,6.136727333677583e-07,0.019100854497870155,0.0011369502010181495,0.0004312231927249759,0.0,0.0,0.005416368545602087,0.0,0.0020325923204185365,0.0,0.0,0.0007342686638243409
2018-10-11 08:00:00,0.0,0.0,0.0,0.0036067818969885523,0.0,0.0,0.07159024366313374,0.041575879059475546,0.0,0.0,0.0,5.803403777163249e-07,0.0494275802096417,0.0010475849362455822,0.0004169068819299291,0.0,0.0,0.005122172123169459,0.0,0.0027459852571384284,0.0,0.0,0.0005191870696443831
2018-10-11 09:00:00,0.0,0.0,0.0,0.003446989736563734,0.0,0.0,0.07118682426194393,0.039710887076134176,0.0,0.0,0.0,5.546294128214211e-07,0.049805165532563665,0.0009036178554699971,0.000507074680912598,0.0,0.0,0.004895243250560773,0.0,0.003160605149530668,0.0,0.0,0.0006003230705557755
2018-10-11 10:00:00,0.0,0.0,0.0,0.003325876910137707,0.0,0.0,0.09443346785627062,0.03840456188654621,0.0,0.0,0.0,5.351420511117881e-07,0.045646414381547214,0.0008298221899299134,0.0003001184678509454,0.0,0.0,0.004723244842840134,0.0,0.0037761633784143375,0.0,0.0,0.0007683666243465155
2018-10-11 11:00:00,0.0,0.0,0.0,0.0033617464365181533,0.0,0.0,0.0937314076245697,0.039493081395170285,0.0,0.0,0.0,5.409135491071381e-07,0.033784018321725305,0.0008373629759029022,0.0001978987964254303,0.0,0.0,0.004774184958806287,0.0,0.0039838085911377405,0.0,0.0,0.0011729458445092242
2018-10-11 12:00:00,0.0,0.0,0.0,0.0035535420784632357,0.0,0.0,0.06936177433167577,0.04565477271596948,0.0,0.0,0.0,5.717739555497037e-07,0.028434315315204652,0.0008739178281611807,0.00021165661668050254,0.0,0.0,0.005046563582902394,0.0,0.0038464465250584367,0.0,0.0,0.0017661237723113241
2018-10-11 13:00:00,0.0,0.0,0.0,0.003660162655857288,0.0,0.0,0.058455978476219,0.05324070437307171,0.0,0.0,0.0,5.889294775425526e-07,0.031330635122327595,0.0009010080639162039,0.0001909006513800573,0.0,0.0,0.005197980819896965,0.0,0.003319719828515083,0.0,0.0,0.0021746983836826764
2018-10-11 14:00:00,0.0,0.0,0.0,0.0037069721491820528,0.0,0.0,0.06398034691078777,0.05431816615220445,0.0,0.0,0.0,5.964612440348613e-07,0.04092889041766395,0.0009528704303770686,0.00020199917502287566,0.0,0.0,0.0052644573323825114,0.0,0.0021719162442326765,0.0,0.0,0.0020927142751352846
2018-10-11 15:00:00,0.0,0.0,0.0,0.004218999770049643,0.0,0.0,0.04521659552600598,0.061665740968479335,0.0,0.0,0.0,6.788477900978741e-07,0.015224953009201186,0.0011770750543234276,0.00023824429612587497,0.0,0.0,0.005991613473454014,0.0,0.0010055240955730894,0.0,0.0,0.0020768648612282488
2018-10-11 16:00:00,0.0,0.0,0.0,0.0036817859082662993,0.0,0.0,0.03315813635573971,0.05341983941727209,0.0,0.0,0.0,5.924087138337679e-07,0.07581707086050699,0.0010515744261768972,0.0003081440633893348,0.0,0.0,0.005228689086674663,0.0,0.000219372164451413,0.0,0.0,0.0021831839085647243
2018-10-11 17:00:00,0.0,0.0,0.0,0.0033277783309642074,0.0,0.0,0.030050727054807432,0.04149708007065131,0.0,0.0,0.0,5.354479945572652e-07,0.12776094079431552,0.0009285227472169687,0.00047224443847032046,0.0,0.0,0.0047259451460550436,0.0,0.0,0.0,0.0,0.0023990686782715998
2018-10-11 18:00:00,0.0,0.0,0.0,0.0038521118536303106,0.0,0.0,0.03473884585925488,0.04430080819703307,0.0,0.0,0.0,6.1981459150826e-07,0.0702115064223091,0.0010402764622793588,0.0003473614113309994,0.0,0.0,0.0054705775163367,0.0,0.0,0.0,0.0,0.0029071405590367426
2018-10-11 19:00:00,0.0,0.0,0.0,0.004271983152149855,0.0,0.0,0.034316725390707764,0.04831542797775188,0.0,0.0,0.0,6.873729509916887e-07,0.05025449348305408,0.0011176197057652113,0.00018074742695121623,0.0,0.0,0.006066857835474222,0.0,0.0,0.0,0.0,0.002922868174411701
2018-10-11 20:00:00,0.0,0.0,0.0,0.004495325208530057,0.0,0.0,0.033846511482829425,0.049488825592543396,0.0,0.0,0.0,7.233092557257919e-07,0.04004346527752323,0.00108216908583952,0.00011368314531012278,0.0,0.0,0.006384037107133865,0.0,0.0,0.0,0.0,0.003222138461882181
2018-10-11 21:00:00,0.0,0.0,0.0,0.004645647956460085,0.0,0.0,0.033352523782438796,0.05100394327822388,0.0,0.0,0.0,7.474965680736517e-07,0.028313189489007445,0.0010878553733385651,0.00011113152085425693,0.0,0.0,0.006597517991455789,0.0,0.0,0.0,0.0,0.004001367273058362
2018-10-11 22:00:00,0.0,0.0,0.0,0.004877521811220833,0.0,0.0,0.028751808879029114,0.05019057092972325,0.0,0.0,0.0,7.848056608598684e-07,0.0,0.0010384504613620313,0.0001855359883833292,0.0,0.0,0.006926813698506719,0.0,0.0,0.0,0.0,0.0034758622792871443
2018-10-11 23:00:00,0.0,0.0,0.0,0.004873251575117606,0.0,0.0,0.02185550940390165,0.04723037083926739,0.0,0.0,0.0,7.841185690134904e-07,0.0,0.0010177313012472065,0.00010437515450919765,0.0,0.0,0.006920749321743167,0.0,0.0,0.0,0.0,0.0030022709507185113
2018-10-12 00:00:00,0.0,0.0,0.0,0.0048762626154738985,0.0,0.0,0.018899878831726648,0.04712913894635912,0.0,0.0,0.0,7.846030530625951e-07,0.0,0.0010138642908212505,6.063244662506829e-05,0.0,0.0,0.006925025451383171,0.0,0.0,0.0,0.0,0.0033132043112240124
2018-10-12 01:00:00,0.0,0.0,0.0,0.004887585549713177,0.0,0.0,0.018004486806433063,0.04725491611768099,0.0,0.0,0.0,7.864249419710333e-07,0.0,0.0010059772334562833,5.943642963839616e-05,0.0,0.0,0.006941105718992736,0.0,0.0,0.0,0.0,0.0036480655243089884
2018-10-12 02:00:00,0.0,0.0,0.0,0.00474556871683954,0.0,0.0,0.017308539158638732,0.046230875957526105,0.0,0.0,0.0,7.635740724741068e-07,0.0,0.0009867569928336225,5.5912228457305566e-05,0.0,0.0,0.006739420481808441,0.0,0.0,0.0,0.0,0.003587043586390888
2018-10-12 03:00:00,0.0,0.0,0.0,0.004826799244808059,0.0,0.0,0.02049500725979689,0.050588418047319186,0.0,0.0,0.0,7.766442709584418e-07,0.0,0.0010029731752310067,8.459306524133728e-05,0.0,0.0,0.006854780034394108,0.0,0.0,0.0,0.0,0.0035483686258116444
2018-10-12 04:00:00,0.0,0.0,0.0,0.004355215878763958,0.0,0.0,0.028148610643293534,0.05559041479580763,0.0,0.0,0.0,7.00765308328826e-07,0.020303361346590956,0.000987601170519832,8.988954788808204e-05,0.0,0.0,0.006185060810917264,0.0,0.0,0.0,0.0,0.002984975417511375
2018-10-12 05:00:00,0.0,0.0,0.0,0.003996875503383724,0.0,0.0,0.029479065146967742,0.05466437969864125,0.0,0.0,0.0,6.431074308251134e-07,0.02553481888597441,0.0010777512863185752,0.00012142784966329271,0.0,0.0,0.0056761636461313296,0.0,0.0002646068608086005,0.0,0.0,0.0024410518210574226
2018-10-12 06:00:00,0.0,0.0,0.0,0.003837450093131175,0.0,0.0,0.03735465971593987,0.053664230933984584,0.0,0.0,0.0,6.174554769654154e-07,0.0333943534488498,0.001047199107336581,0.00011981387990314186,0.0,0.0,0.005449755613862375,0.0,0.0008764806147170377,0.0,0.0,0.00218228610014061
2018-10-12 07:00:00,0.0,0.0,0.0,0.0038892613662359077,0.0,0.0,0.03741054760233652,0.05423275204465371,0.0,0.0,0.0,6.257920425416895e-07,0.025124069512476907,0.0010573174117061255,0.0001796925145075701,0.0,0.0,0.005523335405028721,0.0,0.0020083630007685497,0.0,0.0,0.0015873915513585077
2018-10-12 08:00:00,0.0,0.0,0.0,0.003953152956951173,0.0,0.0,0.03730539828867443,0.05606200331429816,0.0,0.0,0.0,6.360723619365366e-07,0.024667861538710516,0.0010618198756076169,0.00013548624146208726,0.0,0.0,0.005614071061969868,0.0,0.00290500628958288,0.0,0.0,0.0012036617246161826
2018-10-12 09:00:00,0.0,0.0,0.0,0.0036919625660791966,0.0,0.0,0.04826148325268897,0.05240727790244548,0.0,0.0,0.0,5.940461639507151e-07,0.032624545696575885,0.0009623183487395573,0.00018510230103544102,0.0,0.0,0.00524314146955919,0.0,0.00327523575895241,0.0,0.0,0.0011525655041070284
2018-10-12 10:00:00,0.0,0.0,0.0,0.0037315728882938077,0.0,0.0,0.047684719112823105,0.05290716920623194,0.0,0.0,0.0,6.004195655070127e-07,0.023007845548850457,0.0009183262078551575,0.00012483016998614247,0.0,0.0,0.005299394077571569,0.0,0.004125616733154058,0.0,0.0,0.001529662910407729
2018-10-12 11:00:00,0.0,0.0,0.0,0.0037025281165061646,0.0,0.0,0.046399798047415994,0.05260676701246575,0.0,0.0,0.0,5.957461878780524e-07,0.016528750360213815,0.0008886795263536279,7.875534217370808e-05,0.0,0.0,0.005258146138377158,0.0,0.004289600957012548,0.0,0.0,0.0017590186596476618
2018-10-12 12:00:00,0.0,0.0,0.0,0.003786276229624885,0.0,0.0,0.036136545598260406,0.04767019573648632,0.0,0.0,0.0,6.09221472214188e-07,0.026590338740945862,0.0009099443701378044,9.232647298785735e-05,0.0,0.0,0.005377081040080784,0.0,0.004010631470215512,0.0,0.0,0.0015947022562524233
2018-10-12 13:00:00,0.0,0.0,0.0,0.003908669482798451,0.0,0.0,0.04936267528313878,0.044036537745276653,0.0,0.0,0.0,6.289148578430732e-07,0.018660481602948364,0.0009491323974438302,0.0001037812269862881,0.0,0.0,0.005550897846135263,0.0,0.003467482085979769,0.0,0.0,0.0013799804084594642
2018-10-12 14:00:00,0.0,0.0,0.0,0.004028873904337512,0.0,0.0,0.05150014616361046,0.04553896660683005,0.0,0.0,0.0,6.482560548967115e-07,0.01941911421992569,0.0009847372401747712,0.00013384319549195815,0.0,0.0,0.005721606182451126,0.0,0.0023071735392383268,0.0,0.0,0.0011861449844398442
2018-10-12 15:00:00,0.0,0.0,0.0,0.004188292390267617,0.0,0.0,0.041286665403514,0.05011329987415069,0.0,0.0,0.0,6.739068946153227e-07,0.026128519127825888,0.00105201985208867,0.0002722864192499844,0.0,0.0,0.005948004381142002,0.0,0.0009843415680890104,0.0,0.0,0.001091659961830567
2018-10-12 16:00:00,0.0,0.0,0.0,0.0040928702248753225,0.0,0.0,0.05584526329479862,0.05610042465002814,0.0,0.0,0.0,6.585532255862887e-07,0.034594453940485555,0.0010578966504602222,0.00035167719750042514,0.0,0.0,0.005812490571473341,0.0,0.0002438658364229634,0.0,0.0,0.001141948700301766
2018-10-12 17:00:00,0.0,0.0,0.0,0.0038821705116867528,0.0,0.0,0.03497850611201569,0.053770475427096245,0.0,0.0,0.0,6.246511060157456e-07,0.09018352324283098,0.0009663424270782198,0.000513999667788602,0.0,0.0,0.005513265326344049,0.0,0.0,0.0,0.0,0.001239541537264242
2018-10-12 18:00:00,0.0,0.0,0.0,0.004409712119774257,0.0,0.0,0.029883499887921064,0.06104776835896695,0.0,0.0,0.0,7.095338920678214e-07,0.043199860541668,0.0010685816494648134,0.00026645578564704554,0.0,0.0,0.0062624536598592925,0.0,0.0,0.0,0.0,0.0012852069162900372
2018-10-12 19:00:00,0.0,0.0,0.0,0.004683473326456212,0.0,0.0,0.031681864078116254,0.062160267598047436,0.0,0.0,0.0,7.535827662796317e-07,0.03416506805374086,0.0010842166450237792,0.00027590310690613366,0.0,0.0,0.00665123569917316,0.0,0.0,0.0,0.0,0.001204080418478284
2018-10-12 20:00:00,0.0,0.0,0.0,0.004808827109083858,0.0,0.0,0.03250065108176941,0.04605938205377479,0.0,0.0,0.0,7.737525086250275e-07,0.024676562434696212,0.001074072456631241,0.00023492643128760236,0.0,0.0,0.006829256901798488,0.0,0.0,0.0,0.0,0.0010312060368452773
2018-10-12 21:00:00,0.0,0.0,0.0,0.00516933420162335,0.0,0.0,0.034518865776553664,0.04337731333244494,0.0,0.0,0.0,8.317590164286924e-07,0.0,0.0011418840382908554,0.00022828508881327724,0.0,0.0,0.007341231130446038,0.0,0.0,0.0,0.0,0.0010319584806679984
2018-10-12 22:00:00,0.0,0.0,0.0,0.005067332681986778,0.0,0.0,0.02474532071174536,0.024784380637192984,0.0,0.0,0.0,8.153467125732936e-07,0.0,0.0010390800407057187,0.00014467375845820225,0.0,0.0,0.007196373649365852,0.0,0.0,0.0,0.0,0.0011046506420981765
2018-10-12 23:00:00,0.0,0.0,0.0,0.00537526651966098,0.0,0.0,0.01915941804584599,0.022498762867779933,0.0,0.0,0.0,8.648940499980193e-07,0.0,0.0010708362939939723,8.889002916908262e-05,0.0,0.0,0.007633685958278219,0.0,0.0,0.0,0.0,0.001391486997642973
2018-10-13 00:00:00,0.0,0.0,0.0,0.005657174231281438,0.0,0.0,0.019546267725351656,0.023697632136486773,0.0,0.0,0.0,9.102537175674832e-07,0.0,0.0011033677356644131,8.974317239814646e-05,0.0,0.0,0.008034037258414898,0.0,0.0,0.0,0.0,0.0014141963709527403
2018-10-13 01:00:00,0.0,0.0,0.0,0.005591060081301563,0.0,0.0,0.020539337554788175,0.023439374526832465,0.0,0.0,0.0,8.996157827359509e-07,0.0,0.0010882860952783045,0.00010939755513079348,0.0,0.0,0.00794014523343365,0.0,0.0,0.0,0.0,0.0015698935815850912
2018-10-13 02:00:00,0.0,0.0,0.0,0.005590504917647723,0.0,0.0,0.02043551530799254,0.023997740591252124,0.0,0.0,0.0,8.995264554925065e-07,0.0,0.001075136084454181,8.70388736128214e-05,0.0,0.0,0.007939356817645639,0.0,0.0,0.0,0.0,0.0019307111363410362
2018-10-13 03:00:00,0.0,0.0,0.0,0.005353652848895858,0.0,0.0,0.019169018973612468,0.023446381091679257,0.0,0.0,0.0,8.614163554176675e-07,0.0,0.0010251736264930262,0.00011060943891324494,0.0,0.0,0.007602991298874247,0.0,0.0,0.0,0.0,0.0020931090478283165
2018-10-13 04:00:00,0.0,0.0,0.0,0.005480481016950901,0.0,0.0,0.020521141987138898,0.023836929512175017,0.0,0.0,0.0,8.818233301270584e-07,0.0,0.0011094050393461756,0.00014009591248848074,0.0,0.0,0.007783106350296294,0.0,0.0,0.0,0.0,0.0020907507351607484
2018-10-13 05:00:00,0.0,0.0,0.0,0.004948838111734905,0.0,0.0,0.03160335327443016,0.021150421936113394,0.0,0.0,0.0,7.884993909495446e-07,0.016211788343842484,0.00109447467164774,0.00017939825410155348,0.0,0.0,0.006959415120055747,0.0,0.00030820702989687747,0.0,0.0,0.0019159320565760398
2018-10-13 06:00:00,0.0,0.0,0.0,0.004499487304797077,0.0,0.0,0.031167331983318808,0.019170396393411816,0.0,0.0,0.0,7.169042347545982e-07,0.021052787661822815,0.001026652965990241,0.0002605057326185948,0.0,0.0,0.006327505421373753,0.0,0.0009881514804325365,0.0,0.0,0.001549294764183626
2018-10-13 07:00:00,0.0,0.0,0.0,0.004214499644344008,0.0,0.0,0.046967260296070075,0.01806293644570188,0.0,0.0,0.0,6.781237084299585e-07,0.01891425282124761,0.0009923700420249783,0.00031947786793607043,0.0,0.0,0.005985222618919836,0.0,0.0020647060051540147,0.0,0.0,0.0010335799491014558
2018-10-13 08:00:00,0.0,0.0,0.0,0.004063728085836787,0.0,0.0,0.06065124701623288,0.017403159818368596,0.0,0.0,0.0,6.538641813190969e-07,0.038930026256500536,0.000973331081549907,0.00021673702745372917,0.0,0.0,0.005771104356155652,0.0,0.0028786502212467474,0.0,0.0,0.0007173624130206883
2018-10-13 09:00:00,0.0,0.0,0.0,0.004047918230156367,0.0,0.0,0.08005966453530014,0.01738958333373942,0.0,0.0,0.0,6.513203353424727e-07,0.014537163424018604,0.0009395747032030826,0.00017952827266481041,0.0,0.0,0.005748651986051101,0.0,0.003497218139254407,0.0,0.0,0.0008032934966904472
2018-10-13 10:00:00,0.0,0.0,0.0,0.0039035677443105695,0.0,0.0,0.09030509889165662,0.01662591176789819,0.0,0.0,0.0,6.280939751488522e-07,0.009277938853829965,0.0008772773139764121,0.00015555077882737646,0.0,0.0,0.005543652611072908,0.0,0.0042640878599723795,0.0,0.0,0.0010105105934299326
2018-10-13 11:00:00,0.0,0.0,0.0,0.003919752612243381,0.0,0.0,0.09564326188714839,0.01681278434634753,0.0,0.0,0.0,6.306981615503808e-07,0.0,0.0008403952129231142,0.00010869375366082748,0.0,0.0,0.005566637554912136,0.0,0.0045153184616570545,0.0,0.0,0.0013351320333712853
2018-10-13 12:00:00,0.0,0.0,0.0,0.0040354153327206805,0.0,0.0,0.07667768118922495,0.017362853220575392,0.0,0.0,0.0,6.493085873555946e-07,0.0,0.0008506493743258575,6.146916641318257e-05,0.0,0.0,0.0057308959934424565,0.0,0.004274533274188292,0.0,0.0,0.0018239397605757425
2018-10-13 13:00:00,0.0,0.0,0.0,0.0041333043440545565,0.0,0.0,0.06987538397771255,0.017756396312350247,0.0,0.0,0.0,6.650591781687544e-07,0.0,0.0008861807179993742,6.278632622877397e-05,0.0,0.0,0.00586991309493053,0.0,0.0036393976064723783,0.0,0.0,0.0021815883288671773
2018-10-13 14:00:00,0.0,0.0,0.0,0.004445634378810862,0.0,0.0,0.05472310599317232,0.01905355748530071,0.0,0.0,0.0,7.153138748816236e-07,0.0004428994089546033,0.0009943179978271818,7.566809154621606e-05,0.0,0.0,0.006313468664118962,0.0,0.0025164038249949556,0.0,0.0,0.0022700672389013264
2018-10-13 15:00:00,0.0,0.0,0.0,0.004612603367845947,0.0,0.0,0.03794868328104772,0.019815432548286854,0.0,0.0,0.0,7.421796097474994e-07,0.015915917457855703,0.001096032753645453,9.500781250872663e-05,0.0,0.0,0.006550589711494569,0.0,0.0010687955471734409,0.0,0.0,0.0019809879387256177
2018-10-13 16:00:00,0.0,0.0,0.0,0.004172647677078551,0.0,0.0,0.031940321715922274,0.01788356297586233,0.0,0.0,0.0,6.713896204854433e-07,0.04875601396989559,0.001097227649882237,0.0001868159077120032,0.0,0.0,0.005925786538183735,0.0,0.000234807044110762,0.0,0.0,0.0020540473598338574
2018-10-13 17:00:00,0.0,0.0,0.0,0.0042296108440091525,0.0,0.0,0.03156352312976499,0.018099421666049626,0.0,0.0,0.0,6.805551388773441e-07,0.05204351349429782,0.00107929641714529,0.00024106819418236744,0.0,0.0,0.006006682792526972,0.0,0.0,0.0,0.0,0.002312596291611886
2018-10-13 18:00:00,0.0,0.0,0.0,0.004541795282180995,0.0,0.0,0.033663512353247826,0.01945051132569378,0.0,0.0,0.0,7.30786408729584e-07,0.002549686026131205,0.0011483631213286762,0.00015298519762459094,0.0,0.0,0.006450031592693195,0.0,0.0,0.0,0.0,0.002744261163802982
2018-10-13 19:00:00,0.0,0.0,0.0,0.004536411953025724,0.0,0.0,0.0292646551922906,0.01939712334035872,0.0,0.0,0.0,7.299202173810164e-07,0.0,0.001096242329537601,6.261045709512855e-05,0.0,0.0,0.00644238645658114,0.0,0.0,0.0,0.0,0.0025287146377833613
2018-10-13 20:00:00,0.0,0.0,0.0,0.004789674921367361,0.0,0.0,0.020973351279150242,0.020375050407002732,0.0,0.0,0.0,7.631398871967741e-07,0.0,0.0010231658567013636,8.402022321126601e-05,0.0,0.0,0.006735588296750775,0.0,0.0,0.0,0.0,0.0026859433707542724
2018-10-13 21:00:00,0.0,0.0,0.0,0.004784019175073682,0.0,0.0,0.017183963511786998,0.02033227474686726,0.0,0.0,0.0,7.597639548244857e-07,0.0,0.0009933764455900924,7.77871869727748e-05,0.0,0.0,0.006705791806017033,0.0,0.0,0.0,0.0,0.0028446867161420366
2018-10-13 22:00:00,0.0,0.0,0.0,0.004708598513323501,0.0,0.0,0.01776046811684555,0.02094438319285946,0.0,0.0,0.0,7.887607661289186e-07,0.0,0.0009887639513844922,5.672514195101744e-05,0.0,0.0,0.006961722056999797,0.0,0.0,0.0,0.0,0.002959063536364654
2018-10-13 23:00:00,0.0,0.0,0.0,0.004852215320716035,0.0,0.0,0.01837371205947519,0.021667648471769333,0.0,0.0,0.0,8.128187321473395e-07,0.0,0.001008266552971173,3.4222929880336365e-05,0.0,0.0,0.007174061311015911,0.0,0.0,0.0,0.0,0.002908672164816486
2018-10-14 00:00:00,0.0,0.0,0.0,0.005040544006095781,0.0,0.0,0.019362854263805473,0.022438458085914256,0.0,0.0,0.0,8.443666073258777e-07,0.0,0.0010505524472557428,6.889429362583943e-05,0.0,0.0,0.0074525076383602515,0.0,0.0,0.0,0.0,0.0029718285329887865
2018-10-14 01:00:00,0.0,0.0,0.0,0.0052049970316278855,0.0,0.0,0.019950740544271678,0.023243001087856305,0.0,0.0,0.0,8.719149519222328e-07,0.0,0.0010720348426146592,3.819324281420959e-05,0.0,0.0,0.0076956535026652334,0.0,0.0,0.0,0.0,0.0029339663399440066
2018-10-14 02:00:00,0.0,0.0,0.0,0.0052173376195682125,0.0,0.0,0.020173849620012282,0.02335258600206708,0.0,0.0,0.0,8.739821852127228e-07,0.0,0.0010878550978681257,7.988171259913018e-05,0.0,0.0,0.007713899216972246,0.0,0.0,0.0,0.0,0.002738211225514398
2018-10-14 03:00:00,0.0,0.0,0.0,0.00520035799473484,0.0,0.0,0.020014914181117036,0.022956448409366875,0.0,0.0,0.0,8.652117359884998e-07,0.0,0.0010787412276246214,7.229210520357452e-05,0.0,0.0,0.00763648990297489,0.0,0.0,0.0,0.0,0.0025227974855527766
2018-10-14 04:00:00,0.0,0.0,0.0,0.005045440914896188,0.0,0.0,0.019161681197517492,0.02222603436232476,0.0,0.0,0.0,8.337654681164763e-07,0.0,0.0011102552918678353,7.631493625446792e-05,0.0,0.0,0.007358940377116234,0.0,0.0,0.0,0.0,0.002560028268250873
2018-10-14 05:00:00,0.0,0.0,0.0,0.004593421115786439,0.0,0.0,0.01848520040799898,0.020203266982176612,0.0,0.0,0.0,7.590686267978201e-07,0.0,0.0010834105382159366,9.895637748429196e-05,0.0,0.0,0.006699654735478086,0.0,0.0003123191504995792,0.0,0.0,0.002503939652498573
2018-10-14 06:00:00,0.0,0.0,0.0,0.0044583967249513835,0.0,0.0,0.021739527978033912,0.01967061909596501,0.0,0.0,0.0,7.367556760903103e-07,0.0,0.0010510517611829172,4.152105184640036e-05,0.0,0.0,0.006502717251049717,0.0,0.0010458277429970409,0.0,0.0,0.002574094632503448
2018-10-14 07:00:00,0.0,0.0,0.0,0.004482575212133804,0.0,0.0,0.03334956708166959,0.01966955974775148,0.0,0.0,0.0,7.407512015605384e-07,0.0,0.0010330212079451317,6.392693784473626e-05,0.0,0.0,0.006537982364363995,0.0,0.0023925421312488574,0.0,0.0,0.001892634015607268
2018-10-14 08:00:00,0.0,0.0,0.0,0.004432340211292125,0.0,0.0,0.04246984588794262,0.01954043740933338,0.0,0.0,0.0,7.324498043785926e-07,0.0,0.0010156576783073366,6.397671716197673e-05,0.0,0.0,0.00646471297477569,0.0,0.0034054451027295575,0.0,0.0,0.0016691805771063138
2018-10-14 09:00:00,0.0,0.0,0.0,0.004127550549244014,0.0,0.0,0.04310758073099809,0.01838854724801339,0.0,0.0,0.0,6.914265304729898e-07,0.0,0.000921854989549403,9.529151399822093e-05,0.0,0.0,0.0061026353422882,0.0,0.003897482552156213,0.0,0.0,0.002150985856712364
2018-10-14 10:00:00,0.0,0.0,0.0,0.0038635949516958486,0.0,0.0,0.03923633388756939,0.017358392650931254,0.0,0.0,0.0,6.516735322751919e-07,0.0,0.0008104095789997818,5.589867497251986e-05,0.0,0.0,0.0057517693557055825,0.0,0.00454482701571847,0.0,0.0,0.002627114538487653
2018-10-14 11:00:00,0.0,0.0,0.0,0.0037674946193564595,0.0,0.0,0.04166353183551267,0.01707076788466968,0.0,0.0,0.0,6.398772113333782e-07,0.0,0.000761408224607173,3.7651021107476704e-05,0.0,0.0,0.005647653239363851,0.0,0.004633689023914848,0.0,0.0,0.0034629704394166625
2018-10-14 12:00:00,0.0,0.0,0.0,0.0037266112035350372,0.0,0.0,0.04081354469403973,0.0168855224172351,0.0,0.0,0.0,6.329335076924522e-07,0.0,0.0007372651276731248,2.3669644139044044e-05,0.0,0.0,0.005586367058724379,0.0,0.004179753763872698,0.0,0.0,0.0038355065170671784
2018-10-14 13:00:00,0.0,0.0,0.0,0.0037320162580528377,0.0,0.0,0.03257706178021457,0.016883673894006048,0.0,0.0,0.0,6.338515106523465e-07,0.0,0.0007598511480118741,2.3869735557181873e-05,0.0,0.0,0.005594469491969952,0.0,0.0034686201565986147,0.0,0.0,0.004132766772163471
2018-10-14 14:00:00,0.0,0.0,0.0,0.003961163774123022,0.0,0.0,0.019555464354213563,0.017948295664126698,0.0,0.0,0.0,6.727702851646258e-07,0.0,0.0008468667056583301,8.770604916161006e-05,0.0,0.0,0.00593797249387922,0.0,0.0023390584970118967,0.0,0.0,0.004059574922889562
2018-10-14 15:00:00,0.0,0.0,0.0,0.0044052012302889625,0.0,0.0,0.018690508734951466,0.021405979038954078,0.0,0.0,0.0,7.481863050626349e-07,0.0,0.0010184467389561457,0.00016416074736301213,0.0,0.0,0.00660360571464884,0.0,0.001046661487610645,0.0,0.0,0.003561583130199436
2018-10-14 16:00:00,0.0,0.0,0.0,0.004348713128974886,0.0,0.0,0.03195236069932422,0.025980837037709863,0.0,0.0,0.0,7.385922770959691e-07,0.0009073663395806237,0.0011135628999894914,0.00038302317069679515,0.0,0.0,0.006518927369858941,0.0,0.0002583100246061988,0.0,0.0,0.0030074242368464074
2018-10-14 17:00:00,0.0,0.0,0.0,0.004081641876178404,0.0,0.0,0.030460679516788464,0.019747302749434207,0.0,0.0,0.0,6.932324754950009e-07,0.02978019939427153,0.0010113506999389985,0.00035469603665810455,0.0,0.0,0.006118574886739892,0.0,0.0,0.0,0.0,0.0036011459206321686
2018-10-14 18:00:00,0.0,0.0,0.0,0.00432591816684407,0.0,0.0,0.027037003077762106,0.019570491276278267,0.0,0.0,0.0,7.347207448777738e-07,0.0,0.0010273541770246298,0.00022326776058668565,0.0,0.0,0.00648475663977804,0.0,0.0,0.0,0.0,0.00458216279261222
2018-10-14 19:00:00,0.0,0.0,0.0,0.004284007536479197,0.0,0.0,0.017229163233041807,0.019328891634048394,0.0,0.0,0.0,7.250849215257561e-07,0.0,0.0009243019890367651,0.0001706589151890008,0.0,0.0,0.006399709402583015,0.0,0.0,0.0,0.0,0.004369908660235906
2018-10-14 20:00:00,0.0,0.0,0.0,0.00439240537587227,0.0,0.0,0.016244041399320987,0.019583784183883016,0.0,0.0,0.0,7.357936803527513e-07,0.0,0.0009286264078366375,0.0001675991447688004,0.0,0.0,0.006494226530881456,0.0,0.0,0.0,0.0,0.004182521244495937
2018-10-14 21:00:00,0.0,0.0,0.0,0.00443509462632188,0.0,0.0,0.01810707421269454,0.020111359593222515,0.0,0.0,0.0,7.532634464585515e-07,0.0,0.0009434155145781782,0.00017098744811853617,0.0,0.0,0.006648417334040015,0.0,0.0,0.0,0.0,0.004035010716274953
2018-10-14 22:00:00,0.0,0.0,0.0,0.0045396631405481575,0.0,0.0,0.02670562468869798,0.02061757474958313,0.0,0.0,0.0,7.710235273708407e-07,0.0,0.0009196050732417819,0.00020425593583553618,0.0,0.0,0.0068051704996772815,0.0,0.0,0.0,0.0,0.004121630480281549
2018-10-14 23:00:00,0.0,0.0,0.0,0.00478894444656076,0.0,0.0,0.01916314923754973,0.021631427588543042,0.0,0.0,0.0,8.133618564315823e-07,0.0,0.0009412915319733115,0.00014612957355947736,0.0,0.0,0.007178855008258055,0.0,0.0,0.0,0.0,0.004359934681668036
2018-10-15 00:00:00,0.0,0.0,0.0,0.0050323234783728205,0.0,0.0,0.01913771110905235,0.022784031806967128,0.0,0.0,0.0,8.546977339595293e-07,0.0,0.0009843799016302393,0.00015232669513649824,0.0,0.0,0.007543691727690823,0.0,0.0,0.0,0.0,0.003782263889153947
2018-10-15 01:00:00,0.0,0.0,0.0,0.00517632830840208,0.0,0.0,0.020492221401746502,0.02862372923180916,0.0,0.0,0.0,8.79155740769742e-07,0.0,0.0010135411730750998,0.00015783523634485948,0.0,0.0,0.007759561802360688,0.0,0.0,0.0,0.0,0.0037254260422002077
2018-10-15 02:00:00,0.0,0.0,0.0,0.004982927217660586,0.0,0.0,0.021833301095502595,0.04672093564458863,0.0,0.0,0.0,8.463081953540994e-07,0.0,0.0009688394407954105,0.00017473433897238812,0.0,0.0,0.00746964438854119,0.0,0.0,0.0,0.0,0.0039165045038838915
2018-10-15 03:00:00,0.0,0.0,0.0,0.004745439182610008,0.0,0.0,0.029334756675425528,0.04754197380375604,0.0,0.0,0.0,8.059728539809603e-07,0.0,0.0009392478747427582,0.00017230813160085793,0.0,0.0,0.0071136385528400466,0.0,0.0,0.0,0.0,0.003403444230959678
2018-10-15 04:00:00,0.0,0.0,0.0,0.004343353931446546,0.0,0.0,0.04998866010345707,0.04516903245131076,0.0,0.0,0.0,7.376820625592846e-07,0.005930488009914698,0.0010148434866167936,0.0003332612943288789,0.0,0.0,0.006510893678416937,0.0,0.0,0.0,0.0,0.003022728868858116
2018-10-15 05:00:00,0.0,0.0,0.0,0.0037191757967798686,0.0,0.0,0.05665488170378931,0.05018801243842055,0.0,0.0,0.0,6.31670666515405e-07,0.06678672664217115,0.0009598722028658212,0.00045287317391763264,0.0,0.0,0.0055752210311146595,0.0,0.00024690613871653796,0.0,0.0,0.002544150729806867
2018-10-15 06:00:00,0.0,0.0,0.0,0.003663215773401765,0.0,0.0,0.0601280194336888,0.05354365593164768,0.0,0.0,0.0,6.22166328135899e-07,0.052690278168562185,0.0009578531455290663,0.000369099023219167,0.0,0.0,0.005491334300213314,0.0,0.0008191700290080994,0.0,0.0,0.002551681707388099
2018-10-15 07:00:00,0.0,0.0,0.0,0.0038912235210110235,0.0,0.0,0.06370435520586126,0.05699993120750931,0.0,0.0,0.0,6.608915225802479e-07,0.021103173684666448,0.0009771933983380267,0.0003453212219144094,0.0,0.0,0.0058331287351063455,0.0,0.0019034689372260123,0.0,0.0,0.002012196998391609
2018-10-15 08:00:00,0.0,0.0,0.0,0.003851585148121955,0.0,0.0,0.06239748276620872,0.05632415138200688,0.0,0.0,0.0,6.541592789890462e-07,0.011958159430876057,0.0009007914700410575,0.0005318654959179715,0.0,0.0,0.005773708932912097,0.0,0.002718456905258062,0.0,0.0,0.001572647878845108
2018-10-15 09:00:00,0.0,0.0,0.0,0.003537040525935855,0.0,0.0,0.057248847971094786,0.05085064896622966,0.0,0.0,0.0,6.007365256690342e-07,0.012280477747134234,0.0008219074201450667,0.00039526857056180857,0.0,0.0,0.005302191615996261,0.0,0.003052590644810415,0.0,0.0,0.002072327716568568
2018-10-15 10:00:00,0.0,0.0,0.0,0.003631542692552224,0.0,0.0,0.05587051177607012,0.044058775652409364,0.0,0.0,0.0,6.167869222717965e-07,0.0006971093153456046,0.0007849104101989093,0.00026412776886914344,0.0,0.0,0.0054438548488183434,0.0,0.003908170034116146,0.0,0.0,0.002279836360247853
2018-10-15 11:00:00,0.0,0.0,0.0,0.0035914897060887554,0.0,0.0,0.053758872831428293,0.04205197572675425,0.0,0.0,0.0,6.099842600590512e-07,0.00021581866758272513,0.0007582478753846891,0.0003132980530341982,0.0,0.0,0.0053838135211985464,0.0,0.003965457397745804,0.0,0.0,0.0022434630604107318
2018-10-15 12:00:00,0.0,0.0,0.0,0.003671682373737221,0.0,0.0,0.0561587663071184,0.042926149905441593,0.0,0.0,0.0,6.23604308852392e-07,0.011706049698469438,0.0007799968508671844,0.0003131994733320907,0.0,0.0,0.005504026135940236,0.0,0.003579322972289596,0.0,0.0,0.0022246807174094805
2018-10-15 13:00:00,0.0,0.0,0.0,0.00371906123310863,0.0,0.0,0.05815403668755134,0.04353255825140795,0.0,0.0,0.0,6.316512088413064e-07,0.015141085437816199,0.0008335489716941769,0.0004276682102698189,0.0,0.0,0.005575049294734292,0.0,0.0029497877380490127,0.0,0.0,0.001799919568043305
2018-10-15 14:00:00,0.0,0.0,0.0,0.003877634834646111,0.0,0.0,0.06250487023679813,0.04662023632399284,0.0,0.0,0.0,6.585835987169487e-07,0.02154081354852332,0.0009115151742986647,0.000374858331300933,0.0,0.0,0.005812758649327536,0.0,0.0019645653969412257,0.0,0.0,0.0013480950332715922
2018-10-15 15:00:00,0.0,0.0,0.0,0.0036663922472657253,0.0,0.0,0.06011752844915506,0.05153290586174842,0.0,0.0,0.0,6.227058254526309e-07,0.10739973199544671,0.0009390050325484272,0.0006002551073928755,0.0,0.0,0.005496095985290547,0.0,0.0007942590925336035,0.0,0.0,0.000992671677889531
2018-10-15 16:00:00,0.0,0.0,0.0,0.0033396640782625414,0.0,0.0,0.05650732852434672,0.04834303003977662,0.0,0.0,0.0,5.67213799380002e-07,0.12270836556930712,0.000975334944782258,0.0007878827482290207,0.0,0.0,0.005006314953465891,0.0,0.00019837333129301877,0.0,0.0,0.0009647695097126374
2018-10-15 17:00:00,0.0,0.0,0.0,0.0032251202104934982,0.0,0.0,0.05381860040914308,0.04695810018977574,0.0,0.0,0.0,5.477594887336567e-07,0.1384021913007324,0.0009586223746588531,0.0008078451412053205,0.0,0.0,0.0048346082594386535,0.0,0.0,0.0,0.0,0.0009659624160401017
2018-10-15 18:00:00,0.0,0.0,0.0,0.003804446888401625,0.0,0.0,0.06385969185900402,0.055487138851937505,0.0,0.0,0.0,6.461532428232649e-07,0.09638689268278511,0.0011142703696202878,0.0004658755419114644,0.0,0.0,0.005703046444413846,0.0,0.0,0.0,0.0,0.0013464392572719842
2018-10-15 19:00:00,0.0,0.0,0.0,0.004331985122370231,0.0,0.0,0.07079069450978574,0.05553768245919551,0.0,0.0,0.0,7.357511661459073e-07,0.012444565384860483,0.0011973012636705162,0.0002941954993623915,0.0,0.0,0.006493851294048907,0.0,0.0,0.0,0.0,0.0017579659625754581
2018-10-15 20:00:00,0.0,0.0,0.0,0.004365302774474016,0.0,0.0,0.06670251340770572,0.05088131682300202,0.0,0.0,0.0,7.414098885782664e-07,0.0,0.0011152362530041356,0.00032573562066906786,0.0,0.0,0.006543796035805188,0.0,0.0,0.0,0.0,0.002164543746953986
2018-10-15 21:00:00,0.0,0.0,0.0,0.004473859187238177,0.0,0.0,0.06141624545194105,0.05227293830729857,0.0,0.0,0.0,7.598472804500435e-07,0.0,0.0010857093672024868,0.000357979504473076,0.0,0.0,0.006706527250616042,0.0,0.0,0.0,0.0,0.0023694335302353454
2018-10-15 22:00:00,0.0,0.0,0.0,0.004786184445671234,0.0,0.0,0.04571364250422488,0.05585461406524231,0.0,0.0,0.0,8.128930935398202e-07,0.0,0.0010839433405917093,0.00020269905385680433,0.0,0.0,0.007174717635935267,0.0,0.0,0.0,0.0,0.002591708373765224
2018-10-15 23:00:00,0.0,0.0,0.0,0.005068869539125916,0.0,0.0,0.02520798321967882,0.0548069051984878,0.0,0.0,0.0,8.60904774394243e-07,0.0,0.001144077343390767,0.00019271985961172061,0.0,0.0,0.007598476007232401,0.0,0.0,0.0,0.0,0.0026782223592597652
2018-10-16 00:00:00,0.0,0.0,0.0,0.004920564262688521,0.0,0.0,0.01983692792313702,0.05075503348670996,0.0,0.0,0.0,8.357163730027111e-07,0.0,0.001079405085911693,0.0001786669688303728,0.0,0.0,0.00737615935929795,0.0,0.0,0.0,0.0,0.0029567670144738504
2018-10-16 01:00:00,0.0,0.0,0.0,0.005059088119723365,0.0,0.0,0.019768824415189585,0.051987513512853446,0.0,0.0,0.0,8.592434827395635e-07,0.0,0.0010829372923867639,0.00018583150221497552,0.0,0.0,0.007583813195322711,0.0,0.0,0.0,0.0,0.0030969467978747846
2018-10-16 02:00:00,0.0,0.0,0.0,0.005073792884869139,0.0,0.0,0.020075466045746518,0.05226395056015173,0.0,0.0,0.0,8.61740963178274e-07,0.0,0.0010985042753669275,0.0002047383785403179,0.0,0.0,0.0076058563361630265,0.0,0.0,0.0,0.0,0.0032487141541744976
2018-10-16 03:00:00,0.0,0.0,0.0,0.004878126784816415,0.0,0.0,0.028155070555385898,0.057874362722576206,0.0,0.0,0.0,8.28508725019006e-07,0.0,0.0010736922181203835,0.0002276096930223576,0.0,0.0,0.007312543565888862,0.0,0.0,0.0,0.0,0.0031203802915220867
2018-10-16 04:00:00,0.0,0.0,0.0,0.004303073866722239,0.0,0.0,0.03418975219422866,0.06070954683902494,0.0,0.0,0.0,7.3084083301759e-07,0.028465233582172837,0.0010767499165522175,0.0002813378746659432,0.0,0.0,0.006450511949707031,0.0,0.0,0.0,0.0,0.0024888535523305264
2018-10-16 05:00:00,0.0,0.0,0.0,0.0032850265182721556,0.0,0.0,0.029439832876374437,0.04796945304539849,0.0,0.0,0.0,5.579340702621192e-07,0.12961137492869518,0.0008738353631418728,0.0005524824271628792,0.0,0.0,0.004924410657946725,0.0,0.0002066060166848464,0.0,0.0,0.001762401997798637
2018-10-16 06:00:00,0.0,0.0,0.0,0.0030776449971697977,0.0,0.0,0.03771484059803137,0.045114943953729,0.0,0.0,0.0,5.227120665668046e-07,0.13692816628052754,0.0008215297390435093,0.0006860840349050494,0.0,0.0,0.00461353591550635,0.0,0.0006344568848279446,0.0,0.0,0.0013586326055385455
2018-10-16 07:00:00,0.0,0.0,0.0,0.0030652108312350878,0.0,0.0,0.05543065457604258,0.044954307310955524,0.0,0.0,0.0,5.206002282690987e-07,0.13577632813820958,0.000804018600079021,0.0003795044105872442,0.0,0.0,0.004594896510645847,0.0,0.0013387575848115565,0.0,0.0,0.0011097310153477989
2018-10-16 08:00:00,0.0,0.0,0.0,0.0034089135012755766,0.0,0.0,0.0677240941580079,0.05009127766681973,0.0,0.0,0.0,5.789752302938956e-07,0.06134040428465148,0.0008476274979428265,0.00030433621772780355,0.0,0.0,0.005110123125133686,0.0,0.0021201547617001864,0.0,0.0,0.0011766136111923046
2018-10-16 09:00:00,0.0,0.0,0.0,0.003329865671521613,0.0,0.0,0.07049802379846781,0.04888273065386637,0.0,0.0,0.0,5.655496225690563e-07,0.030614877630163902,0.0008235040862357064,0.0002660721768982108,0.0,0.0,0.004991626676729755,0.0,0.002501478381653093,0.0,0.0,0.00145540109991371
2018-10-16 10:00:00,0.0,0.0,0.0,0.003403221206061143,0.0,0.0,0.07114997121892563,0.049731416450265145,0.0,0.0,0.0,5.780084419223381e-07,0.011866987850538847,0.0008016508340640293,0.00021071455413336338,0.0,0.0,0.00510159010445144,0.0,0.003139248428012369,0.0,0.0,0.0017109016153199089
2018-10-16 11:00:00,0.0,0.0,0.0,0.003258766883508523,0.0,0.0,0.07442728705817998,0.04768949853242813,0.0,0.0,0.0,5.53474092595036e-07,0.015948842526943403,0.0007672873437529763,0.00025489086158607616,0.0,0.0,0.004885046219156186,0.0,0.0031084760180712726,0.0,0.0,0.0017809164102354483
2018-10-16 12:00:00,0.0,0.0,0.0,0.0033317015056576545,0.0,0.0,0.07695385939385242,0.0485687246735285,0.0,0.0,0.0,5.658614235259588e-07,0.013330486681213095,0.000787358484909201,0.0002255979272688824,0.0,0.0,0.0049943786792282,0.0,0.0028870170303790747,0.0,0.0,0.0019166054612023368
2018-10-16 13:00:00,0.0,0.0,0.0,0.003493309899659142,0.0,0.0,0.08399105093928706,0.05054246100484144,0.0,0.0,0.0,5.933092473265411e-07,0.009020680717689711,0.0008190600597678451,0.00020488828642119708,0.0,0.0,0.005236637331755962,0.0,0.002489997218144601,0.0,0.0,0.002123157383772137
2018-10-16 14:00:00,0.0,0.0,0.0,0.0036435926184046007,0.0,0.0,0.06949219732434483,0.05281966578967162,0.0,0.0,0.0,6.188335006296205e-07,0.015369047114513576,0.0009450392715982055,0.000273500495968789,0.0,0.0,0.005461918259559432,0.0,0.0016932186149191733,0.0,0.0,0.0021484255826779504
2018-10-16 15:00:00,0.0,0.0,0.0,0.003662045441909482,0.0,0.0,0.0629394842688376,0.05339732094781508,0.0,0.0,0.0,6.21967557194656e-07,0.07464872580905843,0.0010075492931872455,0.0003828067112284547,0.0,0.0,0.005489579917762556,0.0,0.0007293402215479235,0.0,0.0,0.002060843664198823
2018-10-16 16:00:00,0.0,0.0,0.0,0.0030132024911299965,0.0,0.0,0.051022180568490366,0.043830026321424284,0.0,0.0,0.0,5.117670499915387e-07,0.12078772470917848,0.0008943886842186893,0.0007175567397387239,0.0,0.0,0.0045169335405172715,0.0,0.00016845343850534916,0.0,0.0,0.001684397722226265
2018-10-16 17:00:00,0.0,0.0,0.0,0.003098617363089503,0.0,0.0,0.05214429191958255,0.044930318610141684,0.0,0.0,0.0,5.262740461780872e-07,0.12301688342793896,0.0009094158552286131,0.0007970776452958909,0.0,0.0,0.004644974487366548,0.0,0.0,0.0,0.0,0.0018077085108295812
2018-10-16 18:00:00,0.0,0.0,0.0,0.0032759439815366127,0.0,0.0,0.053813309590536686,0.04770966441795027,0.0,0.0,0.0,5.563914779387453e-07,0.13880605164464563,0.0009535375899084908,0.0004947899050792717,0.0,0.0,0.004910795504323786,0.0,0.0,0.0,0.0,0.0016735447592420708
2018-10-16 19:00:00,0.0,0.0,0.0,0.004294512727260079,0.0,0.0,0.06596929648275386,0.062392183895856775,0.0,0.0,0.0,7.293867956271347e-07,0.012078852865222454,0.0011588285519540489,0.0002986129064791266,0.0,0.0,0.006437678395342359,0.0,0.0,0.0,0.0,0.0020274009919428386
2018-10-16 20:00:00,0.0,0.0,0.0,0.004426113698702418,0.0,0.0,0.05983459737278704,0.06422603301175622,0.0,0.0,0.0,7.517381115872544e-07,0.002681890977510244,0.0010923966140535277,0.00023335379803498318,0.0,0.0,0.006634954497304439,0.0,0.0,0.0,0.0,0.002106134157341723
2018-10-16 21:00:00,0.0,0.0,0.0,0.004581042070184068,0.0,0.0,0.048968027966027124,0.06584367924121506,0.0,0.0,0.0,7.780513898573196e-07,0.0,0.0010906450307079337,0.00018332878653600008,0.0,0.0,0.00686719947904171,0.0,0.0,0.0,0.0,0.0019449698043474246
2018-10-16 22:00:00,0.0,0.0,0.0,0.004622350100273813,0.0,0.0,0.050031400337101434,0.05599793827641741,0.0,0.0,0.0,7.850672106533733e-07,0.0,0.0010340254803758477,0.00010018997112515626,0.0,0.0,0.006929122176621552,0.0,0.0,0.0,0.0,0.0019075923871623905
2018-10-16 23:00:00,0.0,0.0,0.0,0.004752374497137236,0.0,0.0,0.039667408676627235,0.054956938016530885,0.0,0.0,0.0,8.071507587075132e-07,0.0,0.0010221180595550593,8.126676764561635e-05,0.0,0.0,0.007124034918465753,0.0,0.0,0.0,0.0,0.0022019511170629485
2018-10-17 00:00:00,0.0,0.0,0.0,0.004761871153693606,0.0,0.0,0.035882839391914535,0.04975668863151053,0.0,0.0,0.0,8.087636857925472e-07,0.0,0.0010111707220716417,9.295614979501478e-05,0.0,0.0,0.007138270857354198,0.0,0.0,0.0,0.0,0.002167643352757351
2018-10-17 01:00:00,0.0,0.0,0.0,0.004743280626290224,0.0,0.0,0.03563133955232797,0.04857487137326748,0.0,0.0,0.0,8.056062413808219e-07,0.0,0.001005264770718129,8.374474270216864e-05,0.0,0.0,0.007110402774471807,0.0,0.0,0.0,0.0,0.0017765786995213684
2018-10-17 02:00:00,0.0,0.0,0.0,0.004688417245549804,0.0,0.0,0.035229219726716464,0.0481288384251213,0.0,0.0,0.0,7.962881585116025e-07,0.0,0.00099930613567423,0.00010016429010629657,0.0,0.0,0.007028159962930907,0.0,0.0,0.0,0.0,0.0015009804116872516
2018-10-17 03:00:00,0.0,0.0,0.0,0.0047231450060662115,0.0,0.0,0.04590828345087539,0.055735634984437524,0.0,0.0,0.0,8.021863759744553e-07,0.0,0.001000509777269541,0.00017537962967015448,0.0,0.0,0.007080218524121325,0.0,0.0,0.0,0.0,0.001423498868338701
2018-10-17 04:00:00,0.0,0.0,0.0,0.0041609208920157644,0.0,0.0,0.05614296457742807,0.05883614749517177,0.0,0.0,0.0,7.066973482278331e-07,0.03972111818776259,0.000963934410718573,0.0003712880594354057,0.0,0.0,0.006237417894054904,0.0,0.0,0.0,0.0,0.0009470428978250655
2018-10-17 05:00:00,0.0,0.0,0.0,0.0035355798165158272,0.0,0.0,0.045817913841328474,0.05142852392945923,0.0,0.0,0.0,6.004884364838623e-07,0.10247603679784387,0.0009085262256079186,0.0005329839305497935,0.0,0.0,0.005300001943250505,0.0,0.00022236412963444986,0.0,0.0,0.0005991130032847397
2018-10-17 06:00:00,0.0,0.0,0.0,0.003411416550408948,0.0,0.0,0.04327646682494247,0.04976690849976097,0.0,0.0,0.0,5.794003520952813e-07,0.1325025832173833,0.0008937735800516506,0.000709427097380786,0.0,0.0,0.00511387531457909,0.0,0.0006555850199666112,0.0,0.0,0.00038822629646565246
2018-10-17 07:00:00,0.0,0.0,0.0,0.00343986764127718,0.0,0.0,0.05580826545779138,0.050206238174905334,0.0,0.0,0.0,5.842325301136977e-07,0.12322635381776235,0.0008787070615811193,0.0005374244718494469,0.0,0.0,0.005156524850076729,0.0,0.0013942199771325768,0.0,0.0,0.0002989753213017962
2018-10-17 08:00:00,0.0,0.0,0.0,0.0033477781253930887,0.0,0.0,0.05963983246923392,0.04888578058630802,0.0,0.0,0.0,5.685919019057088e-07,0.10585645099712462,0.0008201838550447932,0.0004640791366672501,0.0,0.0,0.005018478295206513,0.0,0.0019534608793579404,0.0,0.0,0.0002805047853029465
2018-10-17 09:00:00,0.0,0.0,0.0,0.0033113885306954886,0.0,0.0,0.07793419214968944,0.048249238356850944,0.0,0.0,0.0,5.624114359119366e-07,0.08230320161319034,0.0008037491967435865,0.000368360260151125,0.0,0.0,0.0049639285657079885,0.0,0.0023603254410472546,0.0,0.0,0.0002981614152609143
2018-10-17 10:00:00,0.0,0.0,0.0,0.0032166862392845755,0.0,0.0,0.07238784137382301,0.04680124825614935,0.0,0.0,0.0,5.463270497993302e-07,0.07785000594556873,0.0007682409864149432,0.0002727446344696108,0.0,0.0,0.004821965336320979,0.0,0.0028435495618125447,0.0,0.0,0.0003519861367074626
2018-10-17 11:00:00,0.0,0.0,0.0,0.003179701109729966,0.0,0.0,0.0736806713390147,0.04631923601539513,0.0,0.0,0.0,5.400454372288393e-07,0.07366418249949518,0.0007698164921575985,0.00027794124549712407,0.0,0.0,0.004766522871807769,0.0,0.002799744621925682,0.0,0.0,0.00036980948978630605
2018-10-17 12:00:00,0.0,0.0,0.0,0.0031371286656194366,0.0,0.0,0.08680831761115874,0.0457212185039236,0.0,0.0,0.0,5.328148663669373e-07,0.08565928394604348,0.0007606197606049392,0.0002774944034452372,0.0,0.0,0.0047027047576018,0.0,0.002389573561771447,0.0,0.0,0.0003883974145357392
2018-10-17 13:00:00,0.0,0.0,0.0,0.0032444386184158924,0.0,0.0,0.09058134602838852,0.04690735582520537,0.0,0.0,0.0,5.510405575174773e-07,0.08367195908449553,0.000809074889836168,0.0002588858829413524,0.0,0.0,0.004863567469764188,0.0,0.0019611790491552384,0.0,0.0,0.00044022844920523787
2018-10-17 14:00:00,0.0,0.0,0.0,0.003508993906503232,0.0,0.0,0.08890124988620937,0.050843680256784006,0.0,0.0,0.0,5.959730437153583e-07,0.0704159773869696,0.0009250816099919727,0.0002810088179856943,0.0,0.0,0.005260148402376778,0.0,0.001360934340193599,0.0,0.0,0.0004958723151579842
2018-10-17 15:00:00,0.0,0.0,0.0,0.0035004958186537444,0.0,0.0,0.0870116489806479,0.05070819339748049,0.0,0.0,0.0,5.945297151099614e-07,0.09813444329424187,0.0009548947263034401,0.00042274683138184216,0.0,0.0,0.005247409365371928,0.0,0.0005870868873183677,0.0,0.0,0.0005603357572301835
2018-10-17 16:00:00,0.0,0.0,0.0,0.003188110919514282,0.0,0.0,0.081761450810709,0.046687208946774174,0.0,0.0,0.0,5.452603024267752e-07,0.11739101882255357,0.0009223897977997619,0.0007045573286937561,0.0,0.0,0.004812550062347337,0.0,0.00015704332903525842,0.0,0.0,0.0005379891045011965
2018-10-17 17:00:00,0.0,0.0,0.0,0.0031191266760973767,0.0,0.0,0.07916372842337716,0.04545885346118127,0.0,0.0,0.0,5.297573801545757e-07,0.12471101906236777,0.0008956583108003023,0.0007222081393125384,0.0,0.0,0.004675718920935463,0.0,0.0,0.0,0.0,0.0005012391042142372
2018-10-17 18:00:00,0.0,0.0,0.0,0.0033666197148944457,0.0,0.0,0.07315241370311568,0.04910151227278692,0.0,0.0,0.0,5.717919870990025e-07,0.13833225433845006,0.0009716406423905022,0.00046856017137612214,0.0,0.0,0.005046722732089153,0.0,0.0,0.0,0.0,0.0005157496661724164
2018-10-17 19:00:00,0.0,0.0,0.0,0.004321052555704552,0.0,0.0,0.07578823101349201,0.06273201574759188,0.0,0.0,0.0,7.338943618296358e-07,0.004861399887680555,0.001127442283964813,0.00026754322073017326,0.0,0.0,0.006477462857758445,0.0,0.0,0.0,0.0,0.0006241375865830265
2018-10-17 20:00:00,0.0,0.0,0.0,0.0046573535396884575,0.0,0.0,0.0655164412500065,0.06717060662999716,0.0,0.0,0.0,7.910122498538661e-07,0.004470117539899965,0.0011504983782651894,0.0002673691887305612,0.0,0.0,0.006981593993564123,0.0,0.0,0.0,0.0,0.0006610645561719332
2018-10-17 21:00:00,0.0,0.0,0.0,0.004696832535742116,0.0,0.0,0.05784793074644363,0.061441681045463936,0.0,0.0,0.0,7.97717424632688e-07,0.0,0.0011505549278232603,0.00015312381641582805,0.0,0.0,0.007040774882318083,0.0,0.0,0.0,0.0,0.0008135114196808185
2018-10-17 22:00:00,0.0,0.0,0.0,0.004795460364908699,0.0,0.0,0.052529731532420985,0.05587825100262767,0.0,0.0,0.0,8.144685302514555e-07,0.0,0.0010769930982707453,0.0001357850932888424,0.0,0.0,0.007188622679106503,0.0,0.0,0.0,0.0,0.000983519462454559
2018-10-17 23:00:00,0.0,0.0,0.0,0.004873798096842487,0.0,0.0,0.05174354447631517,0.056756667444098324,0.0,0.0,0.0,8.277735338457367e-07,0.0,0.0010597317827806116,0.00011808748764632001,0.0,0.0,0.007306054657176809,0.0,0.0,0.0,0.0,0.0012525300810046793
2018-10-18 00:00:00,0.0,0.0,0.0,0.004820043309084261,0.0,0.0,0.038822200559773264,0.049990321623077504,0.0,0.0,0.0,8.186437361521104e-07,0.0,0.001033402600771295,0.00010404681636340084,0.0,0.0,0.007225473679129942,0.0,0.0,0.0,0.0,0.0013050214369990467
2018-10-18 01:00:00,0.0,0.0,0.0,0.004822456781054731,0.0,0.0,0.036596813299918034,0.049334640031966547,0.0,0.0,0.0,8.190536440272699e-07,0.0,0.0010465062414345165,0.00010591957923369066,0.0,0.0,0.007229091588156835,0.0,0.0,0.0,0.0,0.0012031507572120839
2018-10-18 02:00:00,0.0,0.0,0.0,0.004635373792337987,0.0,0.0,0.03884918678915432,0.04836949094972691,0.0,0.0,0.0,7.872791749960618e-07,0.0,0.001027506636917736,0.00010695766649754106,0.0,0.0,0.006948645309128976,0.0,0.0,0.0,0.0,0.0010115538254571834
2018-10-18 03:00:00,0.0,0.0,0.0,0.004407301107709441,0.0,0.0,0.050686997056403206,0.05157302741066033,0.0,0.0,0.0,7.485429515462304e-07,0.0,0.000984943946645173,0.00023216622189255596,0.0,0.0,0.006606753530562128,0.0,0.0,0.0,0.0,0.000664153665745441
2018-10-18 04:00:00,0.0,0.0,0.0,0.00403327132080573,0.0,0.0,0.09106558139641496,0.053615268581091134,0.0,0.0,0.0,6.850171442975802e-07,0.008476079843052483,0.0009643959338522291,0.00025402430890800426,0.0,0.0,0.006046065128574139,0.0,0.0,0.0,0.0,0.00040855568842034504
2018-10-18 05:00:00,0.0,0.0,0.0,0.003471006789431,0.0,0.0,0.07258196515484765,0.05070972059510879,0.0,0.0,0.0,5.895212520090371e-07,0.10205290058562058,0.000918956757833584,0.00035983046658354085,0.0,0.0,0.005203203911020416,0.0,0.00021830292165421844,0.0,0.0,0.0002474224615966575
2018-10-18 06:00:00,0.0,0.0,0.0,0.0032260880167938946,0.0,0.0,0.0794949482733403,0.0473137281916452,0.0,0.0,0.0,5.479238624777961e-07,0.10422185974811557,0.0008495948471991776,0.000721396683583371,0.0,0.0,0.004836059047014946,0.0,0.0006312419007098053,0.0,0.0,0.00016339548046355457
2018-10-18 07:00:00,0.0,0.0,0.0,0.003313643386718951,0.0,0.0,0.07325369109330664,0.04866797071787414,0.0,0.0,0.0,5.627944042051993e-07,0.10606587404768725,0.0008712845534823342,0.00038126851611968435,0.0,0.0,0.004967308701902419,0.0,0.001400950266329893,0.0,0.0,0.00010774271632783715
2018-10-18 08:00:00,0.0,0.0,0.0,0.003298378097539668,0.0,0.0,0.08468158202969704,0.04834085757546815,0.0,0.0,0.0,5.563382633211426e-07,0.07026575787228347,0.000820862280640763,0.0005169299800642499,0.0,0.0,0.004910325824044255,0.0,0.002037260242545421,0.0,0.0,8.602467232660377e-05
2018-10-18 09:00:00,0.0,0.0,0.0,0.0032425384177898063,0.0,0.0,0.0928962204092049,0.04779528236110849,0.0,0.0,0.0,5.507178244546755e-07,0.0714123804169655,0.000797891130346004,0.0003590450863334377,0.0,0.0,0.004860718978842338,0.0,0.0024925242425928975,0.0,0.0,7.299051702361231e-05
2018-10-18 10:00:00,0.0,0.0,0.0,0.0033287905858473943,0.0,0.0,0.10725176560949545,0.04916061986276595,0.0,0.0,0.0,5.653670283273475e-07,0.03868409069573447,0.0008139613647430979,0.0004694310414525953,0.0,0.0,0.004990015072280633,0.0,0.0033264736493742717,0.0,0.0,6.660629273008455e-05
2018-10-18 11:00:00,0.0,0.0,0.0,0.003469838787908272,0.0,0.0,0.10718037228789488,0.05125590914910879,0.0,0.0,0.0,5.893228767934875e-07,0.025107894263086565,0.0008617533134533772,0.0003577058555068062,0.0,0.0,0.005201453021304601,0.0,0.003685653139958898,0.0,0.0,6.94285483190847e-05
2018-10-18 12:00:00,0.0,0.0,0.0,0.0033005213238096994,0.0,0.0,0.10973787626475026,0.04845195296283736,0.0,0.0,0.0,5.605657324034736e-07,0.06338971440971192,0.000809725616538119,0.00020794740342224577,0.0,0.0,0.00494763810682955,0.0,0.003159837039930528,0.0,0.0,6.604064863383184e-05
2018-10-18 13:00:00,0.0,0.0,0.0,0.0034054649018610984,0.0,0.0,0.10962763385826298,0.049824290853123135,0.0,0.0,0.0,5.783895147456888e-07,0.0643195294634557,0.000844610747205837,0.00024571842119064526,0.0,0.0,0.00510495351094117,0.0,0.0027010576003529694,0.0,0.0,7.665804128298836e-05
2018-10-18 14:00:00,0.0,0.0,0.0,0.0033321417415274964,0.0,0.0,0.11205570363035627,0.04870448861333341,0.0,0.0,0.0,5.65936193878457e-07,0.06750667120313757,0.0008528592545706355,0.000333594565462942,0.0,0.0,0.004995038613690648,0.0,0.0016649112362755677,0.0,0.0,0.00012084544058470433
2018-10-18 15:00:00,0.0,0.0,0.0,0.0033493142225592266,0.0,0.0,0.10865681126739422,0.04913278072990732,0.0,0.0,0.0,5.688527950642432e-07,0.07168421626137256,0.0008589336385128213,0.00032013986283847086,0.0,0.0,0.005020780977761583,0.0,0.0007021642659502122,0.0,0.0,0.00015288242493190912
2018-10-18 16:00:00,0.0,0.0,0.0,0.003238105759994481,0.0,0.0,0.10700578408287129,0.04742141833620226,0.0,0.0,0.0,5.499649748834259e-07,0.07303357194526826,0.0008930581370066244,0.00034158299584509323,0.0,0.0,0.004854074214433613,0.0,0.0001810266821167029,0.0,0.0,0.00013768250239247322
2018-10-18 17:00:00,0.0,0.0,0.0,0.003165725760929091,0.0,0.0,0.09772573982618324,0.0464507976300719,0.0,0.0,0.0,5.376718420093076e-07,0.12513156609495188,0.0008657672511978256,0.0005079520835749241,0.0,0.0,0.004745573160686488,0.0,0.0,0.0,0.0,0.00010095370803773019
2018-10-18 18:00:00,0.0,0.0,0.0,0.0034817249655650184,0.0,0.0,0.09383829989731145,0.05084173333873404,0.0,0.0,0.0,5.913416439002368e-07,0.06370831690322373,0.000939301056020059,0.0003888550314146674,0.0,0.0,0.005219270965728964,0.0,0.0,0.0,0.0,0.0001001454222725936
2018-10-18 19:00:00,0.0,0.0,0.0,0.0040155676874578045,0.0,0.0,0.08685881629157453,0.05713508802623131,0.0,0.0,0.0,6.820103313670621e-07,0.019364503900363757,0.001011794703941428,0.00031693921015296927,0.0,0.0,0.006019526541972788,0.0,0.0,0.0,0.0,0.0001431200948618251
2018-10-18 20:00:00,0.0,0.0,0.0,0.004493922584960583,0.0,0.0,0.05955179427564936,0.05437865699129397,0.0,0.0,0.0,7.632548794731522e-07,0.0,0.0010773917049518335,0.00026078138081583077,0.0,0.0,0.006736603236008942,0.0,0.0,0.0,0.0,0.00029223870511310126
2018-10-18 21:00:00,0.0,0.0,0.0,0.004668138795309259,0.0,0.0,0.053547263866227476,0.05432876200040744,0.0,0.0,0.0,7.928440346305978e-07,0.0,0.001107595013036713,0.00022392836841137725,0.0,0.0,0.006997761603606945,0.0,0.0,0.0,0.0,0.0004203248446812302
2018-10-18 22:00:00,0.0,0.0,0.0,0.004639745978775747,0.0,0.0,0.04649638630235604,0.05167058403849802,0.0,0.0,0.0,7.991206519607381e-07,0.0,0.0010590570694533666,0.00024304667155186164,0.0,0.0,0.007053159979371799,0.0,0.0,0.0,0.0,0.0005354495385065225
2018-10-18 23:00:00,0.0,0.0,0.0,0.004579174214800793,0.0,0.0,0.020971485586573944,0.04781696385205701,0.0,0.0,0.0,7.886881524791933e-07,0.0,0.0010283869143458781,0.00016716907904484014,0.0,0.0,0.006961081157922865,0.0,0.0,0.0,0.0,0.000786881643306383
2018-10-19 00:00:00,0.0,0.0,0.0,0.0047820500001699755,0.0,0.0,0.019208333375755095,0.04981565996724012,0.0,0.0,0.0,8.236302011630836e-07,0.0,0.001053426306260434,0.00017339067641446065,0.0,0.0,0.007269484975005778,0.0,0.0,0.0,0.0,0.0011067765113709934
2018-10-19 01:00:00,0.0,0.0,0.0,0.0046441573958113675,0.0,0.0,0.018382930718512453,0.04841243841619173,0.0,0.0,0.0,7.998804466722807e-07,0.0,0.0009949949318376764,0.00016253379640126264,0.0,0.0,0.007059866042641273,0.0,0.0,0.0,0.0,0.001451800046241029
2018-10-19 02:00:00,0.0,0.0,0.0,0.004725041780351348,0.0,0.0,0.018774716144234007,0.05032087102388462,0.0,0.0,0.0,8.138114641035598e-07,0.0,0.0010179764204254359,0.00020718454209217043,0.0,0.0,0.0071828233137080895,0.0,0.0,0.0,0.0,0.0015579802689239608
2018-10-19 03:00:00,0.0,0.0,0.0,0.004500817745026742,0.0,0.0,0.026499170708703647,0.05340913176665732,0.0,0.0,0.0,7.751925271803909e-07,0.0,0.0009724955552698169,0.00024043177258642638,0.0,0.0,0.0068419667238001115,0.0,0.0,0.0,0.0,0.0018293736242420084
2018-10-19 04:00:00,0.0,0.0,0.0,0.0038675407381548277,0.0,0.0,0.03814652102189866,0.049312868453293794,0.0,0.0,0.0,6.661208803880467e-07,0.02616052102898043,0.0009136773389962751,0.0002798538965040559,0.0,0.0,0.005879283839616889,0.0,0.0,0.0,0.0,0.0018785234601689082
2018-10-19 05:00:00,0.0,0.0,0.0,0.003297039235015901,0.0,0.0,0.060384218202334916,0.04877577091307094,0.0,0.0,0.0,5.678612913462226e-07,0.09429616909431245,0.0008528516048519143,0.0004677152092328251,0.0,0.0,0.0050120298156858915,0.0,0.00021028212057284314,0.0,0.0,0.0015617002279753062
2018-10-19 06:00:00,0.0,0.0,0.0,0.0031518009976232502,0.0,0.0,0.08008230032609417,0.04673993348891726,0.0,0.0,0.0,5.428463712437501e-07,0.10125005820518158,0.0008138686786873336,0.0006200934643082202,0.0,0.0,0.004791244339899425,0.0,0.0006477277593175728,0.0,0.0,0.001564852857559845
2018-10-19 07:00:00,0.0,0.0,0.0,0.0030965694139747403,0.0,0.0,0.09233076162588053,0.04598735987720425,0.0,0.0,0.0,5.333336308187523e-07,0.09282937370439179,0.0007885864553277768,0.0005756833242414954,0.0,0.0,0.004707283451271254,0.0,0.0013824743823769871,0.0,0.0,0.0013999847540463748
2018-10-19 08:00:00,0.0,0.0,0.0,0.0030790047204505263,0.0,0.0,0.08367307670518337,0.04581465157195008,0.0,0.0,0.0,5.303083985313019e-07,0.09035356365562053,0.0007633031305703763,0.0005843446968868635,0.0,0.0,0.004680582292634202,0.0,0.0019528510216731952,0.0,0.0,0.0011460443186367718
2018-10-19 09:00:00,0.0,0.0,0.0,0.0032348841398554262,0.0,0.0,0.10047561487178454,0.05180376580773784,0.0,0.0,0.0,5.571560888643345e-07,0.03797442752604745,0.0008035428168773638,0.000281210665008509,0.0,0.0,0.004917544076228323,0.0,0.0024758151113708875,0.0,0.0,0.001243037731092858
2018-10-19 10:00:00,0.0,0.0,0.0,0.003320078656883605,0.0,0.0,0.12808263648543206,0.060130425413411244,0.0,0.0,0.0,5.718294563940376e-07,0.006766450431151739,0.000782556337184033,8.2098737203179e-05,0.0,0.0,0.005047053441765531,0.0,0.0030939254782352626,0.0,0.0,0.0013536684356442658
2018-10-19 11:00:00,0.0,0.0,0.0,0.0033841932098252073,0.0,0.0,0.12552902935892377,0.06106151320979771,0.0,0.0,0.0,5.828721435543343e-07,0.0,0.000801716711212346,8.574196342370846e-05,0.0,0.0,0.005144517872139874,0.0,0.0032855754147687465,0.0,0.0,0.0011738035878635245
2018-10-19 12:00:00,0.0,0.0,0.0,0.0034310505534545775,0.0,0.0,0.10182853479501591,0.054662796453636586,0.0,0.0,0.0,5.909425575730195e-07,0.011406558349352329,0.0008367251194116952,0.00013692305460459814,0.0,0.0,0.005215748569324194,0.0,0.0029906662639348916,0.0,0.0,0.0011835291891322004
2018-10-19 13:00:00,0.0,0.0,0.0,0.0033867660362318984,0.0,0.0,0.0914132472766464,0.05026073149903682,0.0,0.0,0.0,5.833152709852112e-07,0.027706905243778328,0.0008228363522163821,0.0002600910014954138,0.0,0.0,0.005148428981999887,0.0,0.002400053479697525,0.0,0.0,0.0011854335929174958
2018-10-19 14:00:00,0.0,0.0,0.0,0.003445186468001226,0.0,0.0,0.09314675136519943,0.05122633931938439,0.0,0.0,0.0,5.933772385448343e-07,0.03466391337597312,0.000879066909438836,0.0003053891346200011,0.0,0.0,0.005237237432552554,0.0,0.0015869447707572762,0.0,0.0,0.0009524719146124551
2018-10-19 15:00:00,0.0,0.0,0.0,0.0034368533746043824,0.0,0.0,0.0765935888656732,0.05104093977994866,0.0,0.0,0.0,5.919419989738325e-07,0.07292996729205098,0.0009128631646351041,0.0005866224474800133,0.0,0.0,0.005224569790591152,0.0,0.0006819534941450842,0.0,0.0,0.0008760724314439171
2018-10-19 16:00:00,0.0,0.0,0.0,0.003190863556205336,0.0,0.0,0.06125867610745512,0.04682821144112276,0.0,0.0,0.0,5.495742605342772e-07,0.10279658592495187,0.0008884634762513662,0.0007078320389271107,0.0,0.0,0.004850625710376034,0.0,0.00018089807443164667,0.0,0.0,0.001240285495589281
2018-10-19 17:00:00,0.0,0.0,0.0,0.0031823249565446467,0.0,0.0,0.06217662352013432,0.04674845336654609,0.0,0.0,0.0,5.481036258575308e-07,0.11970538776221727,0.0008717628243028678,0.0007093063574001305,0.0,0.0,0.004837645665847271,0.0,0.0,0.0,0.0,0.0014811312365077883
2018-10-19 18:00:00,0.0,0.0,0.0,0.003682055334751769,0.0,0.0,0.04192205279431351,0.05408950828723152,0.0,0.0,0.0,6.341740416656896e-07,0.07716708733767724,0.001005575227941878,0.0006015249266913751,0.0,0.0,0.005597316199572663,0.0,0.0,0.0,0.0,0.0018211170908004868
2018-10-19 19:00:00,0.0,0.0,0.0,0.004075241510738069,0.0,0.0,0.03597706525037859,0.059004997656180426,0.0,0.0,0.0,7.018939545086398e-07,0.04799117705722611,0.001014907213619537,0.00021797300800604697,0.0,0.0,0.006195022413144414,0.0,0.0,0.0,0.0,0.002196469786357359
2018-10-19 20:00:00,0.0,0.0,0.0,0.004573500725716071,0.0,0.0,0.03473091229639311,0.050474575388574396,0.0,0.0,0.0,7.877109864194531e-07,0.004157278158739494,0.0010386018270053987,0.0001324571766170734,0.0,0.0,0.006952456542192,0.0,0.0,0.0,0.0,0.0023896204189905916
2018-10-19 21:00:00,0.0,0.0,0.0,0.0049214028733746565,0.0,0.0,0.035060368339279065,0.04441642323918448,0.0,0.0,0.0,8.476314631712488e-07,0.0,0.0010826522211178945,0.00013255797001188966,0.0,0.0,0.007481323750833993,0.0,0.0,0.0,0.0,0.0028491325383526705
2018-10-19 22:00:00,0.0,0.0,0.0,0.005188961542569293,0.0,0.0,0.039844713523682566,0.02545944032185902,0.0,0.0,0.0,8.574824326661835e-07,0.00355635887248922,0.0009588513739730253,0.00012535297585159695,0.0,0.0,0.007568269900491378,0.0,0.0,0.0,0.0,0.0031695218521586646
2018-10-19 23:00:00,0.0,0.0,0.0,0.005201316368992875,0.0,0.0,0.02812844377303571,0.02271624590955505,0.0,0.0,0.0,8.595240832989645e-07,0.0,0.0009562839370249717,0.00011092841069815466,0.0,0.0,0.007586289818384449,0.0,0.0,0.0,0.0,0.0029017646898069718
2018-10-20 00:00:00,0.0,0.0,0.0,0.005541224370591016,0.0,0.0,0.02539624702290133,0.024124659350325914,0.0,0.0,0.0,9.156943088251992e-07,0.0,0.0010111455878766553,0.00011781841832709264,0.0,0.0,0.008082056741366426,0.0,0.0,0.0,0.0,0.0024980638182568846
2018-10-20 01:00:00,0.0,0.0,0.0,0.005249154021867681,0.0,0.0,0.027285687641917578,0.022889126910096796,0.0,0.0,0.0,8.674293157088811e-07,0.0,0.0009442939492258986,0.00011364999095882087,0.0,0.0,0.007656062597656826,0.0,0.0,0.0,0.0,0.0023727813242455467
2018-10-20 02:00:00,0.0,0.0,0.0,0.005256519477359762,0.0,0.0,0.027116478558297206,0.022939293571883984,0.0,0.0,0.0,8.686464665089459e-07,0.0,0.0009404153544111397,0.00013050606452925332,0.0,0.0,0.007666805355075015,0.0,0.0,0.0,0.0,0.0025935744414627895
2018-10-20 03:00:00,0.0,0.0,0.0,0.005198755402332663,0.0,0.0,0.02698050728587735,0.0227586113540012,0.0,0.0,0.0,8.591008803317118e-07,0.0,0.0009395534186226333,0.0001123341402448078,0.0,0.0,0.0075825545648598985,0.0,0.0,0.0,0.0,0.0026694477018872264
2018-10-20 04:00:00,0.0,0.0,0.0,0.0047164332119593606,0.0,0.0,0.03400176415558429,0.02051759643689783,0.0,0.0,0.0,7.793965306776964e-07,0.0,0.0009129457802498,0.00010955558803045808,0.0,0.0,0.006879071895775808,0.0,0.0,0.0,0.0,0.0025767341371247697
2018-10-20 05:00:00,0.0,0.0,0.0,0.004533695354340989,0.0,0.0,0.05010975198539448,0.0197537760224393,0.0,0.0,0.0,7.491988694683551e-07,0.0,0.0009677248258124038,0.0002069970796406452,0.0,0.0,0.006612542761545877,0.0,0.00027743241070208647,0.0,0.0,0.0021045364765110786
2018-10-20 06:00:00,0.0,0.0,0.0,0.004378633892388553,0.0,0.0,0.046076169901031375,0.021498633786089405,0.0,0.0,0.0,7.235747675132821e-07,0.01540315789414783,0.0009551057995067349,0.0003825205254375167,0.0,0.0,0.0063863805544080434,0.0,0.0008187167589596542,0.0,0.0,0.0016489552468951236
2018-10-20 07:00:00,0.0,0.0,0.0,0.004252655785969224,0.0,0.0,0.04758661886294306,0.024793287456010574,0.0,0.0,0.0,7.027567267032054e-07,0.03211632567539503,0.0009239046399227497,0.00041001730887273835,0.0,0.0,0.006202637371285083,0.0,0.001691525114380839,0.0,0.0,0.0011280446931723836
2018-10-20 08:00:00,0.0,0.0,0.0,0.004149729670160703,0.0,0.0,0.06876433144418886,0.01937737323205816,0.0,0.0,0.0,6.857480563855851e-07,0.02324479182324103,0.0009210711196597797,0.0003297052262653729,0.0,0.0,0.006052516269431163,0.0,0.002355963911471835,0.0,0.0,0.0009366412948547942
2018-10-20 09:00:00,0.0,0.0,0.0,0.0042145565233998785,0.0,0.0,0.06898046846562764,0.018479021028358387,0.0,0.0,0.0,6.964607755610094e-07,0.014819121263493568,0.0009077064140033202,0.00028886668609196274,0.0,0.0,0.006147068352365022,0.0,0.0029085750688651562,0.0,0.0,0.001058964789170496
2018-10-20 10:00:00,0.0,0.0,0.0,0.004093157164085825,0.0,0.0,0.0690514395069121,0.01800295355064057,0.0,0.0,0.0,6.763993784790056e-07,0.012384656082892471,0.0008622988033851596,0.00022438367854247265,0.0,0.0,0.0059700034214539045,0.0,0.0034231496382179823,0.0,0.0,0.0012600521591802612
2018-10-20 11:00:00,0.0,0.0,0.0,0.004287925858668848,0.0,0.0,0.05633748202125615,0.01887432688687411,0.0,0.0,0.0,7.085851506548332e-07,0.007848448993714726,0.0008572534082164909,0.0001979068878063005,0.0,0.0,0.006254079924368361,0.0,0.0036151914803932202,0.0,0.0,0.0015913169475768605
2018-10-20 12:00:00,0.0,0.0,0.0,0.004373844171558884,0.0,0.0,0.050369363425286605,0.019207463652715657,0.0,0.0,0.0,7.227832601114402e-07,0.0034310188061320124,0.0008648295418033834,0.0001653917094510065,0.0,0.0,0.006379394590127993,0.0,0.0030631120454547647,0.0,0.0,0.0017376250668425387
2018-10-20 13:00:00,0.0,0.0,0.0,0.004366809298895468,0.0,0.0,0.04616040724572665,0.01919156477365378,0.0,0.0,0.0,7.216207385403252e-07,0.0015957300111567527,0.0008825467213548664,0.00017267429727725996,0.0,0.0,0.0063691339985634705,0.0,0.0023604440314003274,0.0,0.0,0.0017746808968983577
2018-10-20 14:00:00,0.0,0.0,0.0,0.004332433188753676,0.0,0.0,0.046211072288015874,0.02067677797680507,0.0,0.0,0.0,7.159400430277141e-07,0.008049530916718005,0.0008835552627507536,0.00011907795183376263,0.0,0.0,0.00631899531907091,0.0,0.0015317841449325829,0.0,0.0,0.0021402647014779237
2018-10-20 15:00:00,0.0,0.0,0.0,0.004349765679799101,0.0,0.0,0.04676646067818082,0.029645758296273958,0.0,0.0,0.0,7.188042590107906e-07,0.012638305712795363,0.000956547074445731,0.0001985993152313162,0.0,0.0,0.006344275323403854,0.0,0.0007393808926630977,0.0,0.0,0.0018736078854898932
2018-10-20 16:00:00,0.0,0.0,0.0,0.0039289224146331165,0.0,0.0,0.040437820175707094,0.02799160131660478,0.0,0.0,0.0,6.492593792067619e-07,0.045100634781987795,0.0008659168279177581,0.0004198093720697175,0.0,0.0,0.005730461674863462,0.0,0.0002003535621902504,0.0,0.0,0.0021106379464832983
2018-10-20 17:00:00,0.0,0.0,0.0,0.0037779392963015203,0.0,0.0,0.036646890511164855,0.026643519439712292,0.0,0.0,0.0,6.243092286734823e-07,0.09243507114962428,0.0007671114047642622,0.0006950259416357261,0.0,0.0,0.005510247865110392,0.0,0.0,0.0,0.0,0.0025053076176426645
2018-10-20 18:00:00,0.0,0.0,0.0,0.004404475976697259,0.0,0.0,0.04414279481147977,0.029338112226436903,0.0,0.0,0.0,7.27845204504654e-07,0.016238008752627472,0.0008636194293745065,0.0002790426647999123,0.0,0.0,0.006424072078470237,0.0,0.0,0.0,0.0,0.0030520915408435087
2018-10-20 19:00:00,0.0,0.0,0.0,0.004619337550748387,0.0,0.0,0.046987182086310426,0.02055516232738662,0.0,0.0,0.0,7.633513503283172e-07,0.015042040170642331,0.0009110508044240384,0.00017148069976617638,0.0,0.0,0.006737454702396598,0.0,0.0,0.0,0.0,0.0037012213553872944
2018-10-20 20:00:00,0.0,0.0,0.0,0.004966213694730423,0.0,0.0,0.042251058754512835,0.021808818737406314,0.0,0.0,0.0,8.206730701629e-07,0.010654690999713886,0.0008933233080814181,0.00016697343974334867,0.0,0.0,0.007243384888650757,0.0,0.0,0.0,0.0,0.0040456244540565765
2018-10-20 21:00:00,0.0,0.0,0.0,0.00487009148273514,0.0,0.0,0.03783126508063168,0.021336539230362196,0.0,0.0,0.0,8.047887535228968e-07,0.002863244053540166,0.0008551416170367488,0.00027602458831104223,0.0,0.0,0.00710318750274908,0.0,0.0,0.0,0.0,0.004743599742522853
2018-10-20 22:00:00,0.0,0.0,0.0,0.004719614041762269,0.0,0.0,0.036995594805878246,0.02107551274168388,0.0,0.0,0.0,7.90606032109038e-07,0.0,0.000778845581177006,0.00013997367658273322,0.0,0.0,0.006978008654186767,0.0,0.0,0.0,0.0,0.00533528218917292
2018-10-20 23:00:00,0.0,0.0,0.0,0.004685927267852921,0.0,0.0,0.035396454296013596,0.020869922066215733,0.0,0.0,0.0,7.822839384084017e-07,0.0,0.0007830081138876851,8.009285857320047e-05,0.0,0.0,0.006904556593987987,0.0,0.0,0.0,0.0,0.004942156607317549
2018-10-21 00:00:00,0.0,0.0,0.0,0.004843563802695911,0.0,0.0,0.0345560103181991,0.02132009962921652,0.0,0.0,0.0,8.004050209732497e-07,0.0,0.0007969071209726051,8.686713505691062e-05,0.0,0.0,0.007064496014919831,0.0,0.0,0.0,0.0,0.0048208976336365835
2018-10-21 01:00:00,0.0,0.0,0.0,0.004892305941100661,0.0,0.0,0.034832609798556825,0.0215010548743022,0.0,0.0,0.0,8.084597207565831e-07,0.0,0.0008000133956942414,8.520420381235175e-05,0.0,0.0,0.007135588015881473,0.0,0.0,0.0,0.0,0.004887270154066629
2018-10-21 02:00:00,0.0,0.0,0.0,0.004954269210777771,0.0,0.0,0.03558256766813111,0.021773375468630965,0.0,0.0,0.0,8.186992291404454e-07,0.0,0.0008050993273059614,8.735386672140487e-05,0.0,0.0,0.007225963468654841,0.0,0.0,0.0,0.0,0.004584462257819264
2018-10-21 03:00:00,0.0,0.0,0.0,0.004909324357141091,0.0,0.0,0.03713647686769784,0.021508423838043595,0.0,0.0,0.0,8.112720354493697e-07,0.0,0.0007960346840581018,8.751612025077836e-05,0.0,0.0,0.007160409931560779,0.0,0.0,0.0,0.0,0.004330811830837954
2018-10-21 04:00:00,0.0,0.0,0.0,0.004857089521051441,0.0,0.0,0.03794217649725128,0.02114616234478625,0.0,0.0,0.0,8.026401629730333e-07,0.0,0.0008500711642396189,0.00010547621841768807,0.0,0.0,0.007084223716941303,0.0,0.0,0.0,0.0,0.0038503491158279725
2018-10-21 05:00:00,0.0,0.0,0.0,0.004930193229694762,0.0,0.0,0.04162707741612679,0.021599853233058734,0.0,0.0,0.0,8.147206429322963e-07,0.0,0.0010053915699908325,0.00013401609947905242,0.0,0.0,0.007190847863834785,0.0,0.00023465203945782618,0.0,0.0,0.003602355207981081
2018-10-21 06:00:00,0.0,0.0,0.0,0.004894027694958717,0.0,0.0,0.04134205786016041,0.021340585653377563,0.0,0.0,0.0,8.087442427509254e-07,0.0,0.001013042232406219,0.00016063366199473798,0.0,0.0,0.0071380992501222885,0.0,0.0006821543233350843,0.0,0.0,0.0034181246502773123
2018-10-21 07:00:00,0.0,0.0,0.0,0.0045487492864185585,0.0,0.0,0.03907741268142158,0.01975689610422477,0.0,0.0,0.0,7.516865507111562e-07,0.0025487296072557184,0.0009464002939949568,0.00035747666463330083,0.0,0.0,0.006634499413198048,0.0,0.0013299117045410048,0.0,0.0,0.00296111560966221
2018-10-21 08:00:00,0.0,0.0,0.0,0.004100970809640953,0.0,0.0,0.044440867446577804,0.017854271397724705,0.0,0.0,0.0,6.776905932516794e-07,0.0,0.000838351318763124,0.0003244134079567188,0.0,0.0,0.005981399878718588,0.0,0.001700900329395384,0.0,0.0,0.003033890056141746
2018-10-21 09:00:00,0.0,0.0,0.0,0.0037871936367568503,0.0,0.0,0.03944281730181331,0.016596270201755338,0.0,0.0,0.0,6.27960006602389e-07,0.014781053608930894,0.0007654912267851966,0.0003476565647117517,0.0,0.0,0.005542470184379154,0.0,0.00192488962157034,0.0,0.0,0.0033314306139102857
2018-10-21 10:00:00,0.0,0.0,0.0,0.003670006841184372,0.0,0.0,0.04006039424694319,0.016273514554507353,0.0,0.0,0.0,6.147811072785078e-07,0.0,0.000695037741551952,0.00017194869602268618,0.0,0.0,0.005426151221710252,0.0,0.002314510629826014,0.0,0.0,0.003809249638067664
2018-10-21 11:00:00,0.0,0.0,0.0,0.0035990118037489477,0.0,0.0,0.05386114801000002,0.0159712352034527,0.0,0.0,0.0,6.028883752988192e-07,0.0,0.0006583528466963317,0.00010208790232322748,0.0,0.0,0.005321184166937331,0.0,0.002418572433475272,0.0,0.0,0.0037666351813088745
2018-10-21 12:00:00,0.0,0.0,0.0,0.0037105063138650977,0.0,0.0,0.04073258679661611,0.016221861434319588,0.0,0.0,0.0,6.152443716472502e-07,0.0,0.0006668780093921557,8.430950634348999e-05,0.0,0.0,0.005430240063235579,0.0,0.0022529690665609643,0.0,0.0,0.003950289607026213
2018-10-21 13:00:00,0.0,0.0,0.0,0.003796959489934684,0.0,0.0,0.039813244030141214,0.016635000677151214,0.0,0.0,0.0,6.274523396355788e-07,0.0,0.0006915501004631902,8.532605839485864e-05,0.0,0.0,0.005537989438794154,0.0,0.0018975169103309898,0.0,0.0,0.0037815010786448966
2018-10-21 14:00:00,0.0,0.0,0.0,0.00394325856739696,0.0,0.0,0.044239203826742825,0.01724887809316655,0.0,0.0,0.0,6.516284465136142e-07,0.0,0.000746143073517605,0.00015115455435807135,0.0,0.0,0.0057513714219412405,0.0,0.0013271585421590116,0.0,0.0,0.003399418952543063
2018-10-21 15:00:00,0.0,0.0,0.0,0.004218897507023093,0.0,0.0,0.05309902199216728,0.020308748859150468,0.0,0.0,0.0,6.971781285741048e-07,0.0026859487314742723,0.0008194236233610028,0.00026564454020425724,0.0,0.0,0.006153399818772044,0.0,0.0006741075470172151,0.0,0.0,0.003036430219715072
2018-10-21 16:00:00,0.0,0.0,0.0,0.003998847366938612,0.0,0.0,0.053145864231650894,0.02686963931318078,0.0,0.0,0.0,6.608145656761717e-07,0.017814485517403136,0.0007948704239309272,0.0003218648016663855,0.0,0.0,0.005832449501808301,0.0,0.0002175139759474754,0.0,0.0,0.002943742267061987
2018-10-21 17:00:00,0.0,0.0,0.0,0.004068877653727989,0.0,0.0,0.052047764454019776,0.02803872023030565,0.0,0.0,0.0,6.72387158801757e-07,0.019448116340395782,0.000775341573291267,0.0003748023736410175,0.0,0.0,0.005934590962538492,0.0,0.0,0.0,0.0,0.0033789897025693575
2018-10-21 18:00:00,0.0,0.0,0.0,0.0043463701461936375,0.0,0.0,0.05711438777460995,0.028667530135810203,0.0,0.0,0.0,7.182431428043346e-07,0.014717886068816754,0.0008192396485305903,0.00026155576064415656,0.0,0.0,0.006339322826729613,0.0,0.0,0.0,0.0,0.0031810604483853283
2018-10-21 19:00:00,0.0,0.0,0.0,0.00476002174729361,0.0,0.0,0.06626845202982229,0.020985055881561306,0.0,0.0,0.0,7.86599591060422e-07,0.0,0.0008957056562196229,0.00023378721613346052,0.0,0.0,0.006942647198323408,0.0,0.0,0.0,0.0,0.002785887626892306
2018-10-21 20:00:00,0.0,0.0,0.0,0.005079340541482754,0.0,0.0,0.07851245425087613,0.022218407516591026,0.0,0.0,0.0,8.393674241212475e-07,3.29974209438134e-05,0.0009144013059617041,0.0001535456111854645,0.0,0.0,0.007408384089779782,0.0,0.0,0.0,0.0,0.002465981463546267
2018-10-21 21:00:00,0.0,0.0,0.0,0.004888606188619855,0.0,0.0,0.0999804198110188,0.0214847949383806,0.0,0.0,0.0,8.078483319976804e-07,0.0,0.0008865170794909933,0.00014355452005261772,0.0,0.0,0.007130191806040633,0.0,0.0,0.0,0.0,0.0016417374931997888
2018-10-21 22:00:00,0.0,0.0,0.0,0.005063435262249456,0.0,0.0,0.107995285849351,0.022166219860617828,0.0,0.0,0.0,8.367390566883198e-07,0.0,0.0008444148301477995,0.00020875458366426892,0.0,0.0,0.007385185720492838,0.0,0.0,0.0,0.0,0.0018144296830818307
2018-10-21 23:00:00,0.0,0.0,0.0,0.0051845640409359664,0.0,0.0,0.11557668993084028,0.022714286670777007,0.0,0.0,0.0,8.567557399807083e-07,0.0,0.0008368706530551892,0.0001308481174084284,0.0,0.0,0.007561856000720522,0.0,0.0,0.0,0.0,0.0018073674264489647
2018-10-22 00:00:00,0.0,0.0,0.0,0.005226356594689649,0.0,0.0,0.09672473036450296,0.02286149544404038,0.0,0.0,0.0,8.636620121444244e-07,0.0,0.0008345438913850433,0.00015290794941471365,0.0,0.0,0.0076228118054694725,0.0,0.0,0.0,0.0,0.0016343374893043397
2018-10-22 01:00:00,0.0,0.0,0.0,0.0053946335719246875,0.0,0.0,0.09748541962543349,0.023634630119136087,0.0,0.0,0.0,8.914699946506441e-07,0.0,0.000857467172920342,0.00018405874016595527,0.0,0.0,0.007868249273314535,0.0,0.0,0.0,0.0,0.0017952662342252744
2018-10-22 02:00:00,0.0,0.0,0.0,0.005503186729919208,0.0,0.0,0.10091052073114112,0.02531950655752715,0.0,0.0,0.0,9.094085407792108e-07,0.0,0.000875826862296392,0.00014507295622224645,0.0,0.0,0.008026577599996722,0.0,0.0,0.0,0.0,0.0016438997404412724
2018-10-22 03:00:00,0.0,0.0,0.0,0.004968031182168374,0.0,0.0,0.10020107070249515,0.02932218735586436,0.0,0.0,0.0,8.209734122519382e-07,0.0,0.0008059102258191057,0.00024378885073966886,0.0,0.0,0.007246035753444863,0.0,0.0,0.0,0.0,0.001423589597133584
2018-10-22 04:00:00,0.0,0.0,0.0,0.004246435142620561,0.0,0.0,0.10048621924777519,0.035735841024041294,0.0,0.0,0.0,7.017287575522297e-07,0.03070381434051221,0.0007669564730292481,0.00044767999616904307,0.0,0.0,0.006193564359771864,0.0,0.0,0.0,0.0,0.0013382394879679887
2018-10-22 05:00:00,0.0,0.0,0.0,0.003487669120487219,0.0,0.0,0.08814662254762692,0.04242702730995036,0.0,0.0,0.0,5.763417163984836e-07,0.08955860290553888,0.0007070211700613758,0.0005416961117935284,0.0,0.0,0.005086879332388919,0.0,0.00016599525291366253,0.0,0.0,0.0010821439551273655
2018-10-22 06:00:00,0.0,0.0,0.0,0.0034207602666346463,0.0,0.0,0.09133802705912493,0.04150738437554462,0.0,0.0,0.0,5.65284943998509e-07,0.07647915898517652,0.0006922304663084225,0.0005100163641491426,0.0,0.0,0.004989290583554588,0.0,0.0005000615367623512,0.0,0.0,0.0009989493347516342
2018-10-22 07:00:00,0.0,0.0,0.0,0.003439642772367166,0.0,0.0,0.099545754857834,0.04287026379723952,0.0,0.0,0.0,5.684053018615463e-07,0.06715318221134911,0.0006860339204793178,0.00044415677694769105,0.0,0.0,0.005016831334937864,0.0,0.0010991919799123158,0.0,0.0,0.0007993855421994466
2018-10-22 08:00:00,0.0,0.0,0.0,0.0032973049310317743,0.0,0.0,0.11049732550764704,0.04571530310358643,0.0,0.0,0.0,5.448837942443804e-07,0.07788532808009853,0.0006180498509475274,0.0003278824103207913,0.0,0.0,0.004809226944070445,0.0,0.0015917681588907366,0.0,0.0,0.0005075270788863351
2018-10-22 09:00:00,0.0,0.0,0.0,0.003133836515536496,0.0,0.0,0.10669254246207004,0.043556504299135164,0.0,0.0,0.0,5.178704326241335e-07,0.08466145121089239,0.0005861053156606368,0.0003314678519424898,0.0,0.0,0.004570802920588214,0.0,0.0019070484386920087,0.0,0.0,0.0005910410101998894
2018-10-22 10:00:00,0.0,0.0,0.0,0.003280160354756743,0.0,0.0,0.13844955403845385,0.045601490245488895,0.0,0.0,0.0,5.420506314138719e-07,0.041435794990441144,0.0006096126298489858,0.00033347792007625395,0.0,0.0,0.004784221019568111,0.0,0.0025648104106460123,0.0,0.0,0.0005906991853061718
2018-10-22 11:00:00,0.0,0.0,0.0,0.0032776373600167615,0.0,0.0,0.15367138580266487,0.04553265517053856,0.0,0.0,0.0,5.416337033542794e-07,0.03740619476137005,0.0006123883751850655,0.0002490839050031157,0.0,0.0,0.0047805411493295185,0.0,0.002741121997854431,0.0,0.0,0.0006700076543209223
2018-10-22 12:00:00,0.0,0.0,0.0,0.003153830315067433,0.0,0.0,0.13262596899331144,0.043866881667758394,0.0,0.0,0.0,5.211744331875177e-07,0.07661689273870652,0.0005945503902100844,0.00029582883033661916,0.0,0.0,0.004599964530275442,0.0,0.0024660309102771966,0.0,0.0,0.0004144495382060305
2018-10-22 13:00:00,0.0,0.0,0.0,0.003243851639348277,0.0,0.0,0.13647897071761214,0.04508558030214976,0.0,0.0,0.0,5.360505704459852e-07,0.0764962715257679,0.0006115209333692081,0.0002834552496139625,0.0,0.0,0.00473126357216808,0.0,0.002139415163395555,0.0,0.0,0.0004341734369748148
2018-10-22 14:00:00,0.0,0.0,0.0,0.0034159932703867594,0.0,0.0,0.129782981423114,0.04748986846704016,0.0,0.0,0.0,5.644971918624382e-07,0.07144047839100082,0.0006454917977166947,0.00037784574664626047,0.0,0.0,0.004982337763819335,0.0,0.0014400283698021517,0.0,0.0,0.00045097900683368646
2018-10-22 15:00:00,0.0,0.0,0.0,0.0034123581654616143,0.0,0.0,0.13033255618712042,0.04739246794257027,0.0,0.0,0.0,5.638964861935604e-07,0.07201287470215507,0.0006861241266454123,0.00039816286240037624,0.0,0.0,0.004977035844550055,0.0,0.0006264417950688986,0.0,0.0,0.00031555697378563154
2018-10-22 16:00:00,0.0,0.0,0.0,0.0031846722446795986,0.0,0.0,0.11257837699972044,0.04417558384598598,0.0,0.0,0.0,5.262711009147687e-07,0.08857952453499965,0.0007423229544610921,0.0005130087490218657,0.0,0.0,0.00464494849202615,0.0,0.00017322759747145526,0.0,0.0,0.00047662787239667316
2018-10-22 17:00:00,0.0,0.0,0.0,0.0031291480762855248,0.0,0.0,0.09965480260771617,0.04346985486348443,0.0,0.0,0.0,5.170956621307798e-07,0.12035306404696587,0.0007257443490921665,0.0007472731073694421,0.0,0.0,0.004563964678798925,0.0,0.0,0.0,0.0,0.0009937478537597906
2018-10-22 18:00:00,0.0,0.0,0.0,0.0035557080901541397,0.0,0.0,0.11250084396660988,0.04633125562044619,0.0,0.0,0.0,5.875852418606523e-07,0.030566143822089428,0.0008361034844197859,0.00041926870248117483,0.0,0.0,0.0051861163920522355,0.0,0.0,0.0,0.0,0.001858227355910701
2018-10-22 19:00:00,0.0,0.0,0.0,0.0037876871806627214,0.0,0.0,0.11377337103137287,0.04316358800522297,0.0,0.0,0.0,6.259200788458758e-07,0.015778806195608407,0.0007991957431482657,0.0003175544556546431,0.0,0.0,0.00552446547285312,0.0,0.0,0.0,0.0,0.0025394243765023473
2018-10-22 20:00:00,0.0,0.0,0.0,0.003990378639650528,0.0,0.0,0.12458724848377681,0.04517199384729625,0.0,0.0,0.0,6.59415097821766e-07,0.003881982818669574,0.0007944465071154182,0.00021555916707259256,0.0,0.0,0.005820097586438712,0.0,0.0,0.0,0.0,0.0028282618664828697
2018-10-22 21:00:00,0.0,0.0,0.0,0.003979533344916846,0.0,0.0,0.09702273858617552,0.0397750333670236,0.0,0.0,0.0,6.576228992026537e-07,0.0,0.0007595727435075528,0.0001929600484202201,0.0,0.0,0.005804279369822243,0.0,0.0,0.0,0.0,0.002832680515968788
2018-10-22 22:00:00,0.0,0.0,0.0,0.00401637323459177,0.0,0.0,0.07646069808687257,0.03959439392977275,0.0,0.0,0.0,6.548612608888203e-07,0.0,0.0007046460160611799,0.00013255248273753845,0.0,0.0,0.005779904731543483,0.0,0.0,0.0,0.0,0.003124561719243875
2018-10-22 23:00:00,0.0,0.0,0.0,0.004026755940420588,0.0,0.0,0.0644677608132295,0.04037145014181994,0.0,0.0,0.0,6.654264926070691e-07,0.0,0.0007074643080837055,8.500847774250946e-05,0.0,0.0,0.005873155067828877,0.0,0.0,0.0,0.0,0.003620839944151091
2018-10-23 00:00:00,0.0,0.0,0.0,0.0040591562171932985,0.0,0.0,0.06415159751393174,0.040682350904311264,0.0,0.0,0.0,6.70780679166017e-07,0.0,0.0007145544169987823,6.999242725034862e-05,0.0,0.0,0.005920411929814615,0.0,0.0,0.0,0.0,0.003580827113830676
2018-10-23 01:00:00,0.0,0.0,0.0,0.004104170624631831,0.0,0.0,0.06656836353714203,0.041218052500538095,0.0,0.0,0.0,6.782193667104824e-07,0.0,0.0007370812296047265,8.132182378844934e-05,0.0,0.0,0.005986066913400564,0.0,0.0,0.0,0.0,0.0030687172602064726
2018-10-23 02:00:00,0.0,0.0,0.0,0.00415563006515041,0.0,0.0,0.06680246184869548,0.041474033825243235,0.0,0.0,0.0,6.775667960371941e-07,0.0,0.0007294894489812035,9.47989429416136e-05,0.0,0.0,0.005980307225742316,0.0,0.0,0.0,0.0,0.0029659838105538447
2018-10-23 03:00:00,0.0,0.0,0.0,0.003891590558951459,0.0,0.0,0.0804829741766452,0.040473630543395915,0.0,0.0,0.0,6.345157064460443e-07,0.0,0.0006931652634472129,8.968827400441138e-05,0.0,0.0,0.0056003317847027,0.0,0.0,0.0,0.0,0.0025883138927214914
2018-10-23 04:00:00,0.0,0.0,0.0,0.0036611720319715273,0.0,0.0,0.12483014634794279,0.049736034440777094,0.0,0.0,0.0,5.96946447242085e-07,0.02026988629713639,0.0006624885518453902,0.00022198956299391567,0.0,0.0,0.005268739809421063,0.0,0.0,0.0,0.0,0.0028086720456664575
2018-10-23 05:00:00,0.0,0.0,0.0,0.003066430357875047,0.0,0.0,0.11765166512971299,0.04227992044220764,0.0,0.0,0.0,4.99975060407929e-07,0.09213348579022523,0.0006251458232699969,0.0004661283022325548,0.0,0.0,0.004412855653399458,0.0,0.00013371473593580828,0.0,0.0,0.0016621526181853352
2018-10-23 06:00:00,0.0,0.0,0.0,0.0029495459707364956,0.0,0.0,0.11956955235347391,0.04069405117629103,0.0,0.0,0.0,4.825257244779793e-07,0.10857953950044187,0.000603327976062692,0.000607595236383513,0.0,0.0,0.004258845170069109,0.0,0.0003672905653444932,0.0,0.0,0.0009717232722340601
2018-10-23 07:00:00,0.0,0.0,0.0,0.0029631923388048396,0.0,0.0,0.11847754447267948,0.04118475842771328,0.0,0.0,0.0,4.896712674185792e-07,0.1053845563784132,0.0006127726133504865,0.0004985886693508526,0.0,0.0,0.004321912814955853,0.0,0.0008159756850747526,0.0,0.0,0.0009248191049133079
2018-10-23 08:00:00,0.0,0.0,0.0,0.0032796803732165363,0.0,0.0,0.12910099176192857,0.045092753931258917,0.0,0.0,0.0,5.365334745901128e-07,0.09734640744389615,0.0006309836223423079,0.00027971170492605295,0.0,0.0,0.004735525757327325,0.0,0.0012914281891441477,0.0,0.0,0.0009836961506302017
2018-10-23 09:00:00,0.0,0.0,0.0,0.0030157406462047983,0.0,0.0,0.12571401741181748,0.04152531656778739,0.0,0.0,0.0,4.933547246203138e-07,0.10030064399014944,0.0005891128824762885,0.0003399675836671428,0.0,0.0,0.004354423566439071,0.0,0.001491984129507661,0.0,0.0,0.0014003883069437886
2018-10-23 10:00:00,0.0,0.0,0.0,0.0030812764946030963,0.0,0.0,0.13283906930714742,0.04273450850089323,0.0,0.0,0.0,5.074703959293806e-07,0.054936767602022055,0.0006062326834199727,0.00018645955082526172,0.0,0.0,0.004479010620615176,0.0,0.0019209502273680333,0.0,0.0,0.002677267146330446
2018-10-23 11:00:00,0.0,0.0,0.0,0.0032872408396277483,0.0,0.0,0.13937672862824013,0.04566606588000221,0.0,0.0,0.0,5.432206904597595e-07,0.01491662543645367,0.0006489405874869951,0.00014234480076095497,0.0,0.0,0.004794548138027266,0.0,0.002078628246346157,0.0,0.0,0.003107864844488911
2018-10-23 12:00:00,0.0,0.0,0.0,0.0032171722468731906,0.0,0.0,0.12950135475415878,0.04470372585330623,0.0,0.0,0.0,5.316417672251647e-07,0.03257792654975416,0.0006487704109831708,0.00018129852107586235,0.0,0.0,0.004692350806795643,0.0,0.0016624563765181661,0.0,0.0,0.003188416026581356
2018-10-23 13:00:00,0.0,0.0,0.0,0.0031570645483947725,0.0,0.0,0.1376091246542371,0.04385766808334651,0.0,0.0,0.0,5.217088943197858e-07,0.031533432366828304,0.0006214757654778622,0.00016024291918804518,0.0,0.0,0.004604681765225376,0.0,0.001245012773538712,0.0,0.0,0.0032825028339957996
2018-10-23 14:00:00,0.0,0.0,0.0,0.003114897574677245,0.0,0.0,0.1650092090855408,0.043293276126616466,0.0,0.0,0.0,5.147407487852993e-07,0.024485095409124906,0.0006057120317520067,0.00014921821441627825,0.0,0.0,0.00454317985672922,0.0,0.0008153927625165868,0.0,0.0,0.0031476974961187
2018-10-23 15:00:00,0.0,0.0,0.0,0.002991654422489028,0.0,0.0,0.1590336669452577,0.04160089157134967,0.0,0.0,0.0,4.943746626077798e-07,0.02465813012299038,0.0005919188298159903,8.364848160122866e-05,0.0,0.0,0.004363425693686045,0.0,0.0003661392456041344,0.0,0.0,0.0038440136793351323
2018-10-23 16:00:00,0.0,0.0,0.0,0.002823677587118377,0.0,0.0,0.12017368039036891,0.036598918541816496,0.0,0.0,0.0,4.6661627892280966e-07,0.039668326807919776,0.0005944544856360792,0.0001574763902733999,0.0,0.0,0.004118425992553935,0.0,0.00013439264420670637,0.0,0.0,0.0046382959572719915
2018-10-23 17:00:00,0.0,0.0,0.0,0.0029744430352303284,0.0,0.0,0.11185168162140142,0.03731731442557615,0.0,0.0,0.0,4.915304591780427e-07,0.02194145714549796,0.0006138189862931917,0.0001912075369494206,0.0,0.0,0.004338322323181739,0.0,0.0,0.0,0.0,0.005001764965609538
2018-10-23 18:00:00,0.0,0.0,0.0,0.0030910431418799933,0.0,0.0,0.1347891954054173,0.03933205871130733,0.0,0.0,0.0,5.107987737105079e-07,0.008042299426195325,0.0006192998666786132,0.0001351848248656022,0.0,0.0,0.0045083873873205255,0.0,0.0,0.0,0.0,0.005030468553679455
2018-10-23 19:00:00,0.0,0.0,0.0,0.003176684086332845,0.0,0.0,0.14130882515748555,0.03512093660631154,0.0,0.0,0.0,5.249510476834037e-07,0.0,0.0006000892222219642,0.00011195419867859986,0.0,0.0,0.004633297502154647,0.0,0.0,0.0,0.0,0.005289667945182056
2018-10-23 20:00:00,0.0,0.0,0.0,0.003145485658451974,0.0,0.0,0.11932921113092174,0.034657210829259516,0.0,0.0,0.0,5.197954681680844e-07,0.0,0.0005777692862174756,0.00011574833331364409,0.0,0.0,0.004587793576034484,0.0,0.0,0.0,0.0,0.0053314876440199695
2018-10-23 21:00:00,0.0,0.0,0.0,0.0031872429850404883,0.0,0.0,0.10691494145780885,0.030094286960219596,0.0,0.0,0.0,5.266959189983726e-07,0.0,0.0005728187356131535,0.00010695448953337069,0.0,0.0,0.004648698000812385,0.0,0.0,0.0,0.0,0.00542165560184204
2018-10-23 22:00:00,0.0,0.0,0.0,0.003348496459083167,0.0,0.0,0.06466183188001623,0.027316043680461182,0.0,0.0,0.0,5.477913197018616e-07,0.0,0.000628386429724474,0.00013172386424388773,0.0,0.0,0.00483488920438795,0.0,0.0,0.0,0.0,0.005614604678949239
2018-10-23 23:00:00,0.0,0.0,0.0,0.0034805156279616454,0.0,0.0,0.05016185370618956,0.01528446802912813,0.0,0.0,0.0,5.751595927456939e-07,0.0,0.0006567852702407808,9.99495700396429e-05,0.0,0.0,0.005076445729880876,0.0,0.0,0.0,0.0,0.005888764173801294
2018-10-24 00:00:00,0.0,0.0,0.0,0.003504824673596233,0.0,0.0,0.05058501592432258,0.01545138773206431,0.0,0.0,0.0,5.791766931646378e-07,0.0,0.0006666018548225505,8.398664458580737e-05,0.0,0.0,0.00511190126696216,0.0,0.0,0.0,0.0,0.005853130833749517
2018-10-24 01:00:00,0.0,0.0,0.0,0.0035663080422935053,0.0,0.0,0.05148722280747362,0.01571019984807046,0.0,0.0,0.0,5.89336897306938e-07,0.0,0.0006823889224632265,7.759981598802071e-05,0.0,0.0,0.005201576768481098,0.0,0.0,0.0,0.0,0.005851664050978917
2018-10-24 02:00:00,0.0,0.0,0.0,0.0035669253595334146,0.0,0.0,0.051309581730250894,0.015688628894578026,0.0,0.0,0.0,5.835248069851151e-07,0.0,0.0006746459350777246,9.011079418560022e-05,0.0,0.0,0.005150278378489808,0.0,0.0,0.0,0.0,0.005826178885970339
2018-10-24 03:00:00,0.0,0.0,0.0,0.003703767361559922,0.0,0.0,0.05691175880901465,0.016838478728066125,0.0,0.0,0.0,6.038915266988418e-07,0.0,0.0007189023869971737,0.00011023308833774913,0.0,0.0,0.0053300381332195565,0.0,0.0,0.0,0.0,0.006073995099202443
2018-10-24 04:00:00,0.0,0.0,0.0,0.0034228672723162082,0.0,0.0,0.08564836987393995,0.016171291368530884,0.0,0.0,0.0,5.656331293420784e-07,0.011435022213470014,0.0007379336438351833,0.00013475683596769872,0.0,0.0,0.004992363720163736,0.0,0.0,0.0,0.0,0.005697518414971431
2018-10-24 05:00:00,0.0,0.0,0.0,0.002964964386424749,0.0,0.0,0.08044289619977561,0.014058836137202685,0.0,0.0,0.0,4.89964100520435e-07,0.05811703449653518,0.0007066795746248736,0.000185601027342995,0.0,0.0,0.004324497404291113,0.0,9.071818385238848e-05,0.0,0.0,0.004928102835975696
2018-10-24 06:00:00,0.0,0.0,0.0,0.002965757132309048,0.0,0.0,0.08604065704842807,0.015203080327290132,0.0,0.0,0.0,4.900951027766241e-07,0.05818555567368331,0.0007224414871919145,0.00014309903121955794,0.0,0.0,0.004325653650057372,0.0,0.0001915673718046712,0.0,0.0,0.004934833448426054
2018-10-24 07:00:00,0.0,0.0,0.0,0.002912018006286131,0.0,0.0,0.1037930739920052,0.01748719047270522,0.0,0.0,0.0,4.81214644493507e-07,0.04980065968437807,0.0007145314420141886,0.0001208742565231932,0.0,0.0,0.004247273379434559,0.0,0.00033659319360532583,0.0,0.0,0.004806439005358371
2018-10-24 08:00:00,0.0,0.0,0.0,0.0029894583966617503,0.0,0.0,0.12550879054065547,0.02065174118649,0.0,0.0,0.0,4.940117665729714e-07,0.032893832894960326,0.0007444699800893674,0.0001649133124220292,0.0,0.0,0.004360222718286645,0.0,0.00046750116998592935,0.0,0.0,0.004403184555076934
2018-10-24 09:00:00,0.0,0.0,0.0,0.002989051754708217,0.0,0.0,0.1292263851774728,0.020428796196718457,0.0,0.0,0.0,4.906295042598355e-07,0.0427464733068333,0.0007564111557046449,0.00021241268645146822,0.0,0.0,0.0043303703585356925,0.0,0.0006257962088926566,0.0,0.0,0.004089449879876386
2018-10-24 10:00:00,0.0,0.0,0.0,0.003311767241756382,0.0,0.0,0.109678723502368,0.016324107486383438,0.0,0.0,0.0,5.39976726522357e-07,0.025351180249370577,0.0008946999365457845,0.0002609604022718984,0.0,0.0,0.004765916420699386,0.0,0.0008664773639650216,0.0,0.0,0.004019675540331433
2018-10-24 11:00:00,0.0,0.0,0.0,0.0033066406788929323,0.0,0.0,0.10002456380783041,0.014713914098347805,0.0,0.0,0.0,5.464265383408763e-07,0.025439177673172064,0.0009246472878779272,0.00018634036937102913,0.0,0.0,0.004822843437265958,0.0,0.0009442753371812271,0.0,0.0,0.004282942572256039
2018-10-24 12:00:00,0.0,0.0,0.0,0.0032456760304696917,0.0,0.0,0.09836246949309042,0.014464919128381855,0.0,0.0,0.0,5.36352053377414e-07,0.016066925573548572,0.0009129079618689126,0.00018844526757179586,0.0,0.0,0.004733924506210017,0.0,0.0008275586608660965,0.0,0.0,0.004697634201495234
2018-10-24 13:00:00,0.0,0.0,0.0,0.003173402559682391,0.0,0.0,0.09597438152161332,0.014153716370240873,0.0,0.0,0.0,5.244087712699045e-07,0.01166332549589195,0.000907103172793794,0.00021263721761512742,0.0,0.0,0.004628511288348176,0.0,0.0006688815452830235,0.0,0.0,0.005112375371908987
2018-10-24 14:00:00,0.0,0.0,0.0,0.003204262957985402,0.0,0.0,0.08675559471963125,0.015358534463991876,0.0,0.0,0.0,5.29508490971587e-07,0.0,0.0009671360903144452,0.00018853333600662756,0.0,0.0,0.004673522187287738,0.0,0.0004793063495674396,0.0,0.0,0.005249816073599328
2018-10-24 15:00:00,0.0,0.0,0.0,0.0031474755857601316,0.0,0.0,0.09022706138712683,0.021408342739789962,0.0,0.0,0.0,5.201243061629375e-07,0.002811497670309486,0.0009756448161028283,0.0002663963905686686,0.0,0.0,0.004590695950011808,0.0,0.00024610620446970224,0.0,0.0,0.004886778175960243
2018-10-24 16:00:00,0.0,0.0,0.0,0.0027351306977680696,0.0,0.0,0.0786168311147268,0.018913579399572132,0.0,0.0,0.0,4.519837938943063e-07,0.06826212908641338,0.000860658994988172,0.0006093251866897643,0.0,0.0,0.003989277462167978,0.0,9.298447437101482e-05,0.0,0.0,0.004133417376922858
2018-10-24 17:00:00,0.0,0.0,0.0,0.002667449767732594,0.0,0.0,0.06996027870966577,0.018207437443916178,0.0,0.0,0.0,4.4079943493234075e-07,0.095434132464612,0.0008364917479075629,0.0005773018325430486,0.0,0.0,0.0038905626150020213,0.0,0.0,0.0,0.0,0.0041788142659316945
2018-10-24 18:00:00,0.0,0.0,0.0,0.003255739649232872,0.0,0.0,0.08155436279265425,0.02225651345577446,0.0,0.0,0.0,5.380150790575396e-07,0.02494182480788002,0.001035828558071675,0.00025635418434926473,0.0,0.0,0.004748602622891083,0.0,0.0,0.0,0.0,0.004918197600884138
2018-10-24 19:00:00,0.0,0.0,0.0,0.003427340334798937,0.0,0.0,0.09330099519635157,0.020946594450346762,0.0,0.0,0.0,5.663723085531191e-07,0.0,0.001108469970954122,0.00015092937260631956,0.0,0.0,0.00499888782790154,0.0,0.0,0.0,0.0,0.0044976635289270565
2018-10-24 20:00:00,0.0,0.0,0.0,0.0036336189877125423,0.0,0.0,0.07441190710421605,0.015894430934424553,0.0,0.0,0.0,6.004601158448804e-07,0.0,0.0011849852017151079,0.00017681542436581902,0.0,0.0,0.005299751980998913,0.0,0.0,0.0,0.0,0.004184750653304923
2018-10-24 21:00:00,0.0,0.0,0.0,0.0036074835182094978,0.0,0.0,0.05538690287472423,0.01621362678427664,0.0,0.0,0.0,5.961411965804977e-07,0.0,0.0011646099427013103,0.0001753877492270517,0.0,0.0,0.005261632545047734,0.0,0.0,0.0,0.0,0.00445972053411292
2018-10-24 22:00:00,0.0,0.0,0.0,0.0036629590612761516,0.0,0.0,0.05523349365656698,0.01620622665311957,0.0,0.0,0.0,5.972378186349608e-07,0.0,0.0011601151969172416,0.00011628123260114088,0.0,0.0,0.005271311497491347,0.0,0.0,0.0,0.0,0.004151299782399489
2018-10-24 23:00:00,0.0,0.0,0.0,0.003856176173175649,0.0,0.0,0.059610454604318054,0.01707882566896252,0.0,0.0,0.0,6.308442791321159e-07,0.0,0.0012810945291318913,0.00012958835369803763,0.0,0.0,0.005567927210832364,0.0,0.0,0.0,0.0,0.002993711133663365
2018-10-25 00:00:00,0.0,0.0,0.0,0.003935849076244416,0.0,0.0,0.053960358690217654,0.017662419852579127,0.0,0.0,0.0,6.504040187651757e-07,0.0,0.001363843401007748,0.00014525754231932439,0.0,0.0,0.005740564437073901,0.0,0.0,0.0,0.0,0.0022316903451645984
2018-10-25 01:00:00,0.0,0.0,0.0,0.003965892301649416,0.0,0.0,0.053309361869266735,0.01767469014789286,0.0,0.0,0.0,6.553686996158769e-07,0.0,0.0014272826992034295,0.0001324838084493828,0.0,0.0,0.005784383462649828,0.0,0.0,0.0,0.0,0.0016551776658020967
2018-10-25 02:00:00,0.0,0.0,0.0,0.003818098934157607,0.0,0.0,0.06043707703516706,0.017029131467327725,0.0,0.0,0.0,6.309456594277521e-07,0.0,0.0014302403602209001,0.00015015193962025826,0.0,0.0,0.005568822008685634,0.0,0.0,0.0,0.0,0.0012868754857119067
2018-10-25 03:00:00,0.0,0.0,0.0,0.0037873852083040544,0.0,0.0,0.06628513367323739,0.01749032796413607,0.0,0.0,0.0,6.258701775331404e-07,0.0,0.001495458761153259,0.00010876190875378683,0.0,0.0,0.005524025036304471,0.0,0.0,0.0,0.0,0.0016083274965996183
2018-10-25 04:00:00,0.0,0.0,0.0,0.0034826373891449,0.0,0.0,0.08993685027660632,0.018450595296091093,0.0,0.0,0.0,5.755102164545088e-07,0.014541962273241175,0.0013901177117325958,0.00014591449443438083,0.0,0.0,0.005079540387871212,0.0,0.0,0.0,0.0,0.0021315023927957074
2018-10-25 05:00:00,0.0,0.0,0.0,0.003233377071992892,0.0,0.0,0.09471155333945164,0.022436694318166493,0.0,0.0,0.0,5.343196349932291e-07,0.03386055274925757,0.001377695203416258,0.0001909450251282802,0.0,0.0,0.004715986073542184,0.0,0.00015389224903184583,0.0,0.0,0.0020064858977308776
2018-10-25 06:00:00,0.0,0.0,0.0,0.0032385819422755756,0.0,0.0,0.10126274056360014,0.02267296370646883,0.0,0.0,0.0,5.351797463652431e-07,0.02585707755366897,0.0014201036610279087,0.0001800557673162057,0.0,0.0,0.00472357754685977,0.0,0.00046241992289213033,0.0,0.0,0.0017220505990781306
2018-10-25 07:00:00,0.0,0.0,0.0,0.0033358963240375634,0.0,0.0,0.1166627925177473,0.023056454060898686,0.0,0.0,0.0,5.512610705612511e-07,0.006783120488208799,0.0014934535226704424,0.00021934455643380046,0.0,0.0,0.0048655137513068545,0.0,0.0009753115168864121,0.0,0.0,0.0016804378970069948
2018-10-25 08:00:00,0.0,0.0,0.0,0.0031856366640673718,0.0,0.0,0.11777483931877228,0.014678610180767307,0.0,0.0,0.0,5.264304724337044e-07,0.0,0.0014326734018544982,0.00017490945946351815,0.0,0.0,0.004646355129204718,0.0,0.0013754104465777848,0.0,0.0,0.0016028073901709868
2018-10-25 09:00:00,0.0,0.0,0.0,0.002978286975393292,0.0,0.0,0.11424853147155917,0.013099414444414172,0.0,0.0,0.0,4.921656751330889e-07,0.0,0.0013698451626054785,0.0001418373150233231,0.0,0.0,0.0043439288354667075,0.0,0.0016503896948292843,0.0,0.0,0.0019786490285703027
2018-10-25 10:00:00,0.0,0.0,0.0,0.0028285833516067155,0.0,0.0,0.12469589614133318,0.012460395796906108,0.0,0.0,0.0,4.6742696268545415e-07,0.0,0.0012618697282754628,9.216853156799297e-05,0.0,0.0,0.004125581210300568,0.0,0.0020578566130303477,0.0,0.0,0.0030373390669141153
2018-10-25 11:00:00,0.0,0.0,0.0,0.0028190369581039525,0.0,0.0,0.11839484743768891,0.012428020550879437,0.0,0.0,0.0,4.65849409131283e-07,0.0,0.0012617362354426828,0.0001148218408294901,0.0,0.0,0.004111657483556308,0.0,0.0021467483831404577,0.0,0.0,0.003016797743857587
2018-10-25 12:00:00,0.0,0.0,0.0,0.0027878195822197724,0.0,0.0,0.11764558367557554,0.012290395470116375,0.0,0.0,0.0,4.606906984345437e-07,0.0,0.0012762814246177114,0.00011029743278900558,0.0,0.0,0.0040661259211544065,0.0,0.0018860365174646547,0.0,0.0,0.0030088314878558516
2018-10-25 13:00:00,0.0,0.0,0.0,0.0028262334429315743,0.0,0.0,0.10809860926109212,0.012508266276549591,0.0,0.0,0.0,4.6703863731615395e-07,0.0,0.0013017336888348646,8.354230830781972e-05,0.0,0.0,0.004122153791741176,0.0,0.0015373061702987636,0.0,0.0,0.0036813260495455534
2018-10-25 14:00:00,0.0,0.0,0.0,0.002932697089833466,0.0,0.0,0.09600005030246983,0.01782282999838252,0.0,0.0,0.0,4.846318891040145e-07,0.0,0.0013629294182010148,9.765224796124731e-05,0.0,0.0,0.004277434498243612,0.0,0.0010169503181778378,0.0,0.0,0.0038556851311791953
2018-10-25 15:00:00,0.0,0.0,0.0,0.002933889258451618,0.0,0.0,0.0921624041476827,0.020791680231502237,0.0,0.0,0.0,4.848288964702198e-07,0.0,0.0013884018555054898,0.00019982153082634662,0.0,0.0,0.0042791733151138186,0.0,0.000458811088479073,0.0,0.0,0.003991122904551802
2018-10-25 16:00:00,0.0,0.0,0.0,0.002758878950558634,0.0,0.0,0.08127690612742855,0.019778772556769072,0.0,0.0,0.0,4.5590822258921265e-07,0.05947673714074842,0.0012939846047269495,0.00042468698563888596,0.0,0.0,0.0040239150645686875,0.0,0.00013130855976732804,0.0,0.0,0.0036170915886986543
2018-10-25 17:00:00,0.0,0.0,0.0,0.002892803213578167,0.0,0.0,0.08502296096388216,0.020403574422537745,0.0,0.0,0.0,4.7166551744526254e-07,0.06947774503447413,0.0013214273548484128,0.0005657967858710281,0.0,0.0,0.004162991336955292,0.0,0.0,0.0,0.0,0.0027974637885647903
2018-10-25 18:00:00,0.0,0.0,0.0,0.0032711500011044256,0.0,0.0,0.10300942187693593,0.017830484059582968,0.0,0.0,0.0,5.33354170332091e-07,0.0,0.001471427210560458,0.00021500908175744977,0.0,0.0,0.004707464736128705,0.0,0.0,0.0,0.0,0.0040764099273448325
2018-10-25 19:00:00,0.0,0.0,0.0,0.0032581435921932916,0.0,0.0,0.09282875512077648,0.014084049283640368,0.0,0.0,0.0,5.312335025450877e-07,0.0,0.0013988400790926143,0.0001523321934788281,0.0,0.0,0.004688747400857573,0.0,0.0,0.0,0.0,0.004089538444733427
2018-10-25 20:00:00,0.0,0.0,0.0,0.0034563074690368333,0.0,0.0,0.09180060757707754,4.6835915527055665e-05,0.0,0.0,0.0,5.635437084628823e-07,0.0,0.001460092237657491,0.00016351307939616502,0.0,0.0,0.004973922174836318,0.0,0.0,0.0,0.0,0.004064403790711182
2018-10-25 21:00:00,0.0,0.0,0.0,0.0036774209081332355,0.0,0.0,0.07424190772348808,0.0,0.0,0.0,0.0,6.036199253727174e-07,0.0,0.0015052847821843648,0.00015872423872687855,0.0,0.0,0.005327640938754535,0.0,0.0,0.0,0.0,0.004157882009743404
2018-10-25 22:00:00,0.0,0.0,0.0,0.00379308720117755,0.0,0.0,0.05886654467635477,0.0,0.0,0.0,0.0,6.353989108072948e-07,0.0,0.001557227789238199,0.0001238772994147429,0.0,0.0,0.005608127080242983,0.0,0.0,0.0,0.0,0.004098409731002936
2018-10-25 23:00:00,0.0,0.0,0.0,0.003944775749308298,0.0,0.0,0.06038987764799689,0.0,0.0,0.0,0.0,6.608090142803431e-07,0.0,0.0016066516937302635,0.00011794409755834059,0.0,0.0,0.005832400504347414,0.0,0.0,0.0,0.0,0.003527595395771878
2018-10-26 00:00:00,0.0,0.0,0.0,0.004030587238401702,0.0,0.0,0.062051580680376056,0.0,0.0,0.0,0.0,6.751837238013302e-07,0.0,0.0016384361833387225,0.00011441806219021802,0.0,0.0,0.0059592738690386615,0.0,0.0,0.0,0.0,0.0029406376631509576
2018-10-26 01:00:00,0.0,0.0,0.0,0.004197541766960864,0.0,0.0,0.06406494260834382,0.0,0.0,0.0,0.0,7.031511076167889e-07,0.0,0.001663082539198552,0.00014039618126810124,0.0,0.0,0.006206118236996025,0.0,0.0,0.0,0.0,0.002692258834042625
2018-10-26 02:00:00,0.0,0.0,0.0,0.0043443654225567485,0.0,0.0,0.06647052571827027,0.0,0.0,0.0,0.0,7.277462687344685e-07,0.0,0.0017060910794559616,0.00010543562128267946,0.0,0.0,0.006423198856369058,0.0,0.0,0.0,0.0,0.002432767706116356
2018-10-26 03:00:00,0.0,0.0,0.0,0.00466717534980003,0.0,0.0,0.07147845259648626,0.0,0.0,0.0,0.0,7.8182176589269e-07,0.0,0.0018209845584617427,0.00015007260572949655,0.0,0.0,0.006900477389322979,0.0,0.0,0.0,0.0,0.0018306262215587268
2018-10-26 04:00:00,0.0,0.0,0.0,0.004584085085653559,0.0,0.0,0.07474342424264775,0.0,0.0,0.0,0.0,7.67902902302903e-07,0.024422083915698174,0.0018184993255707662,0.00032462323318577653,0.0,0.0,0.006777627389903059,0.0,0.0,0.0,0.0,0.0012552322398409845
2018-10-26 05:00:00,0.0,0.0,0.0,0.003613718158561304,0.0,0.0,0.06880022445222543,0.0,0.0,0.0,0.0,6.053519099696846e-07,0.11308688473445826,0.0014877409322996595,0.0004879873900236131,0.0,0.0,0.005342927697286234,0.0,0.00017435063355315163,0.0,0.0,0.0007867149959936262
2018-10-26 06:00:00,0.0,0.0,0.0,0.00313077311090961,0.0,0.0,0.08408743753320544,0.0,0.0,0.0,0.0,5.244513819875178e-07,0.12718851653277183,0.001285683235435001,0.0006026468322440647,0.0,0.0,0.004628887376999401,0.0,0.00048551798838166653,0.0,0.0,0.0005753820436158712
2018-10-26 07:00:00,0.0,0.0,0.0,0.0032801821484140597,0.0,0.0,0.06299533155412974,0.004653282672912739,0.0,0.0,0.0,5.571112948666244e-07,0.13233310924092473,0.0013449021802109814,0.0004913506321511208,0.0,0.0,0.0049171487176160895,0.0,0.001111734990735066,0.0,0.0,0.000605060477216512
2018-10-26 08:00:00,0.0,0.0,0.0,0.0035019585855328938,0.0,0.0,0.07846359619488753,0.011183944373686515,0.0,0.0,0.0,5.947781537372263e-07,0.08578880719809966,0.0014228713157326731,0.00042012371759951996,0.0,0.0,0.005249602122346554,0.0,0.0017375244716823406,0.0,0.0,0.0003525459181275241
2018-10-26 09:00:00,0.0,0.0,0.0,0.0037036522036818873,0.0,0.0,0.13067812663560097,0.012520772748578119,0.0,0.0,0.0,6.290341150495116e-07,0.017996344707674153,0.0014760951820616006,0.0001807057001982784,0.0,0.0,0.0055519504283124835,0.0,0.0023034658557277254,0.0,0.0,0.00032421793955807394
2018-10-26 10:00:00,0.0,0.0,0.0,0.003505738575115934,0.0,0.0,0.1539824868687512,0.013200164631702748,0.0,0.0,0.0,5.954201531128427e-07,0.0019311026462289496,0.0013199868137781653,0.0001335227462389417,0.0,0.0,0.0052552685061294895,0.0,0.002743842164290519,0.0,0.0,0.0006466664835309699
2018-10-26 11:00:00,0.0,0.0,0.0,0.003262922430630618,0.0,0.0,0.16839954359569714,0.014853605085230726,0.0,0.0,0.0,5.541798772537291e-07,0.0,0.0011689013387564424,7.355029112373548e-05,0.0,0.0,0.004891275581514091,0.0,0.00273621091496824,0.0,0.0,0.0012914847082881973
2018-10-26 12:00:00,0.0,0.0,0.0,0.0032141403581897963,0.0,0.0,0.16410435461732054,0.014427376064461553,0.0,0.0,0.0,5.458946533502567e-07,0.0,0.0011609992381842373,8.394285934998985e-05,0.0,0.0,0.004818148939732623,0.0,0.002493155647580843,0.0,0.0,0.0013384984606525888
2018-10-26 13:00:00,0.0,0.0,0.0,0.003232411558511022,0.0,0.0,0.16740464994196144,0.014520796946169673,0.0,0.0,0.0,5.489978627481394e-07,0.0,0.001154158163232168,9.403933537857689e-05,0.0,0.0,0.004845538336163628,0.0,0.002066851720130523,0.0,0.0,0.0016169457415378856
2018-10-26 14:00:00,0.0,0.0,0.0,0.003471726494515081,0.0,0.0,0.1843547712737694,0.01688056389219699,0.0,0.0,0.0,5.81566179799633e-07,0.0006058608819092575,0.0012195465661020025,0.00015383764884008554,0.0,0.0,0.005132991238124637,0.0,0.001375892680485453,0.0,0.0,0.0012653813516392463
2018-10-26 15:00:00,0.0,0.0,0.0,0.0033856814535262354,0.0,0.0,0.18598194728654846,0.023108340134462498,0.0,0.0,0.0,5.671523468385272e-07,0.006387814020568027,0.0012872573048904195,0.00016448597860409286,0.0,0.0,0.0050057725640218235,0.0,0.0005717200074431433,0.0,0.0,0.0014052370893635415
2018-10-26 16:00:00,0.0,0.0,0.0,0.003066659092405433,0.0,0.0,0.16909682644847754,0.02180614473472564,0.0,0.0,0.0,5.137113237277482e-07,0.036492630062027645,0.0012147102063191982,0.0002774865530052499,0.0,0.0,0.004534093995163926,0.0,0.00015852507786960488,0.0,0.0,0.0017494264074616238
2018-10-26 17:00:00,0.0,0.0,0.0,0.0033651938769285942,0.0,0.0,0.16953391274786522,0.023191045606107522,0.0,0.0,0.0,5.637203709400609e-07,0.017551602483074868,0.0012823064089085403,0.00019326981827497142,0.0,0.0,0.004975481424632748,0.0,0.0,0.0,0.0,0.002168776634293357
2018-10-26 18:00:00,0.0,0.0,0.0,0.0035678357876021633,0.0,0.0,0.1648649900720717,0.016702142758771472,0.0,0.0,0.0,5.976659257076714e-07,0.0,0.001314743387676163,0.0001628635136181775,0.0,0.0,0.005275090035393877,0.0,0.0,0.0,0.0,0.0022531663635359006
2018-10-26 19:00:00,0.0,0.0,0.0,0.003508857148013551,0.0,0.0,0.15959018298033098,0.01566886013821688,0.0,0.0,0.0,5.877861203227948e-07,0.0,0.0012647389988955577,0.00011997474855179981,0.0,0.0,0.005187889375801841,0.0,0.0,0.0,0.0,0.001917290210061242
2018-10-26 20:00:00,0.0,0.0,0.0,0.003698998704489361,0.0,0.0,0.1574019761634621,0.01637632051792068,0.0,0.0,0.0,6.196376785591642e-07,0.0,0.0013143917435718777,7.12187427287078e-05,0.0,0.0,0.00546901605583717,0.0,0.0,0.0,0.0,0.0014143741616518604
2018-10-26 21:00:00,0.0,0.0,0.0,0.0038174046135832774,0.0,0.0,0.1370754637826364,0.01713968965612656,0.0,0.0,0.0,6.394724415585662e-07,0.0,0.0013072215274353698,5.652442718043852e-05,0.0,0.0,0.005644080679989295,0.0,0.0,0.0,0.0,0.0009746686119088162
2018-10-26 22:00:00,0.0,0.0,0.0,0.0042298143838135505,0.0,0.0,0.14117582248101593,0.018516874561473506,0.0,0.0,0.0,6.98982156218288e-07,0.0,0.0014692274535706323,6.34297749937724e-05,0.0,0.0,0.0061693224401564535,0.0,0.0,0.0,0.0,0.0005970200000828118
2018-10-26 23:00:00,0.0,0.0,0.0,0.0042000946500143415,0.0,0.0,0.13922316112553382,0.018608267979903444,0.0,0.0,0.0,6.96423715585948e-07,0.0,0.001454115263374973,8.2229740284967e-05,0.0,0.0,0.006146741255408763,0.0,0.0,0.0,0.0,0.0004102308725159082
2018-10-27 00:00:00,0.0,0.0,0.0,0.004050849176108024,0.0,0.0,0.13395785341590638,0.01800453917416748,0.0,0.0,0.0,6.785779018063719e-07,0.0,0.0014108445712049692,8.234084219996771e-05,0.0,0.0,0.005989231398492173,0.0,0.0,0.0,0.0,0.0004122099426701172
2018-10-27 01:00:00,0.0,0.0,0.0,0.004059763057031607,0.0,0.0,0.13264411202611118,0.018024820050604434,0.0,0.0,0.0,6.777500485437115e-07,0.0,0.001395295739454937,0.00010262324186662491,0.0,0.0,0.005981924640136397,0.0,0.0,0.0,0.0,0.0003393464200148306
2018-10-27 02:00:00,0.0,0.0,0.0,0.004071557680648542,0.0,0.0,0.13369942847807417,0.01808241101279063,0.0,0.0,0.0,6.820468864438482e-07,0.0,0.0013935423203915746,9.53365677828553e-05,0.0,0.0,0.006019849182620352,0.0,0.0,0.0,0.0,0.0002636564109731378
2018-10-27 03:00:00,0.0,0.0,0.0,0.003990274731651027,0.0,0.0,0.13293795000332395,0.017749196029098135,0.0,0.0,0.0,6.684307752075468e-07,0.0,0.0013577720013993122,0.0001089035597192996,0.0,0.0,0.0058996713213538225,0.0,0.0,0.0,0.0,0.0002756190718310265
2018-10-27 04:00:00,0.0,0.0,0.0,0.0039475776940505174,0.0,0.0,0.1513105538270106,0.01772415120176717,0.0,0.0,0.0,6.61278381986099e-07,0.0,0.0013310147726747802,0.00011560678516944189,0.0,0.0,0.00583654321485017,0.0,0.0,0.0,0.0,0.0003043190534849872
2018-10-27 05:00:00,0.0,0.0,0.0,0.0038911608668320595,0.0,0.0,0.1680292560996749,0.017511476691020697,0.0,0.0,0.0,6.518277185384771e-07,0.0,0.0013550012979935868,0.00011497736628849944,0.0,0.0,0.005753130227031963,0.0,0.00013409741368499448,0.0,0.0,0.000520747704985546
2018-10-27 06:00:00,0.0,0.0,0.0,0.0036892249250597324,0.0,0.0,0.1882430053819431,0.016691343705536613,0.0,0.0,0.0,6.222624960248725e-07,0.0,0.0013098031050904559,0.00011765477013462802,0.0,0.0,0.005492183092575448,0.0,0.00029443473274742534,0.0,0.0,0.0005750189461016721
2018-10-27 07:00:00,0.0,0.0,0.0,0.003419423864452395,0.0,0.0,0.21652516438593358,0.015517771082886515,0.0,0.0,0.0,5.807603269056146e-07,0.0,0.001243974532640074,0.00012795711744176928,0.0,0.0,0.005125878658356607,0.0,0.0005018036415063107,0.0,0.0,0.0005644632527444771
2018-10-27 08:00:00,0.0,0.0,0.0,0.003316896455607485,0.0,0.0,0.22405262270490092,0.014908891802715091,0.0,0.0,0.0,5.575392104326927e-07,0.0008767247913843003,0.001214323326282633,0.0002146252500129349,0.0,0.0,0.004920925565251973,0.0,0.0006308493826106226,0.0,0.0,0.0005316306189973905
2018-10-27 09:00:00,0.0,0.0,0.0,0.0032712903690345677,0.0,0.0,0.22776610281071513,0.01480156024019939,0.0,0.0,0.0,5.479901270853124e-07,0.00017234179337296605,0.0012087020119182646,0.00020614851755048613,0.0,0.0,0.004836643908483155,0.0,0.0006989594817742128,0.0,0.0,0.0006133115222430679
2018-10-27 10:00:00,0.0,0.0,0.0,0.0033813867467868994,0.0,0.0,0.23145793393379777,0.015240866683856555,0.0,0.0,0.0,5.664329191429119e-07,0.0,0.0012166788316492058,0.00020745753107479802,0.0,0.0,0.004999422786152467,0.0,0.000815706836729676,0.0,0.0,0.0005651354909249316
2018-10-27 11:00:00,0.0,0.0,0.0,0.0036690252213513385,0.0,0.0,0.19857161902446294,0.01655010558552037,0.0,0.0,0.0,6.146166712559077e-07,0.0,0.0013167075185125739,0.00019633395276154802,0.0,0.0,0.005424699884454829,0.0,0.0009103835668370319,0.0,0.0,0.0005136472881105432
2018-10-27 12:00:00,0.0,0.0,0.0,0.0038913814825303735,0.0,0.0,0.15245110731180808,0.017458292054121426,0.0,0.0,0.0,6.518646749718467e-07,0.0,0.001406691634539345,0.00021462523301286318,0.0,0.0,0.005753456410113557,0.0,0.0008448616043034959,0.0,0.0,0.0005327767049611743
2018-10-27 13:00:00,0.0,0.0,0.0,0.0038285885594254265,0.0,0.0,0.1530470374864817,0.017229881162037414,0.0,0.0,0.0,6.413459199759416e-07,0.0008698399452509745,0.0013734690012408009,0.00020982018445846876,0.0,0.0,0.005660616284423027,0.0,0.0006597052158124855,0.0,0.0,0.0006729332730357103
2018-10-27 14:00:00,0.0,0.0,0.0,0.004053856288711558,0.0,0.0,0.11477087949089859,0.019414752186012164,0.0,0.0,0.0,6.790816382014558e-07,0.007801972110528918,0.0014674879710132114,0.00026327782837731154,0.0,0.0,0.005993677452255448,0.0,0.00047499439166392326,0.0,0.0,0.0007725298571357968
2018-10-27 15:00:00,0.0,0.0,0.0,0.004036436028912205,0.0,0.0,0.09955410961534578,0.027044182469812928,0.0,0.0,0.0,6.761634838023024e-07,0.025398630419055396,0.0015548721222531786,0.000283188906688216,0.0,0.0,0.005967921379287947,0.0,0.0002503870106919821,0.0,0.0,0.0008389120257737843
2018-10-27 16:00:00,0.0,0.0,0.0,0.003472969733733981,0.0,0.0,0.06525749067149554,0.024586515534663674,0.0,0.0,0.0,5.817744409873317e-07,0.11160980256689441,0.0013683774136955687,0.0005121136531020994,0.0,0.0,0.005134829382928839,0.0,9.574854909129426e-05,0.0,0.0,0.0007946270655026138
2018-10-27 17:00:00,0.0,0.0,0.0,0.0035739160178299514,0.0,0.0,0.08607670361814213,0.02513944694805501,0.0,0.0,0.0,5.986844553272895e-07,0.09618424063662256,0.0013861649011176532,0.0003920395601556652,0.0,0.0,0.005284079732172791,0.0,0.0,0.0,0.0,0.0007493965772130137
2018-10-27 18:00:00,0.0,0.0,0.0,0.00437110501093322,0.0,0.0,0.09542662867421975,0.029666813475805725,0.0,0.0,0.0,7.32225550234923e-07,0.018156411781871086,0.001676924042498468,0.00026090294862952094,0.0,0.0,0.006462733673718388,0.0,0.0,0.0,0.0,0.0008599443912662402
2018-10-27 19:00:00,0.0,0.0,0.0,0.004536266953165465,0.0,0.0,0.09966285152516915,0.021061992978478224,0.0,0.0,0.0,7.598926489951641e-07,0.0,0.0017280816189613434,0.00023449406103951114,0.0,0.0,0.006706927680270789,0.0,0.0,0.0,0.0,0.0011582102140174839
2018-10-27 20:00:00,0.0,0.0,0.0,0.004397976175376191,0.0,0.0,0.11885415079367903,0.01963923598947078,0.0,0.0,0.0,7.367268726969764e-07,0.0,0.0016546766584442413,0.0002203130748679968,0.0,0.0,0.006502463027935057,0.0,0.0,0.0,0.0,0.0010822166548035597
2018-10-27 21:00:00,0.0,0.0,0.0,0.004831210528007984,0.0,0.0,0.06812273989833571,0.02128231015836574,0.0,0.0,0.0,7.983636267667411e-07,0.0,0.0018518193824582142,0.00024177248926888418,0.0,0.0,0.007046478360283901,0.0,0.0,0.0,0.0,0.0010728238333060198
2018-10-27 22:00:00,0.0,0.0,0.0,0.004803022989319648,0.0,0.0,0.04380639073584777,0.021075686003554046,0.0,0.0,0.0,7.937056004840143e-07,0.0,0.0019432745762594501,0.0002563444975431561,0.0,0.0,0.007005365914397813,0.0,0.0,0.0,0.0,0.0009555248884995572
2018-10-27 23:00:00,0.0,0.0,0.0,0.004719306530865529,0.0,0.0,0.04099365555178531,0.020756949430594918,0.0,0.0,0.0,7.798713502471372e-07,0.0,0.0019383818311262005,0.0002686002290914697,0.0,0.0,0.0068832627252536655,0.0,0.0,0.0,0.0,0.0008900603734806452
2018-10-28 00:00:00,0.0,0.0,0.0,0.004724757949624442,0.0,0.0,0.04123733009953345,0.0207971473719121,0.0,0.0,0.0,7.807722040654832e-07,0.0,0.0019529579458864796,0.00029320839423976647,0.0,0.0,0.006891213797577015,0.0,0.0,0.0,0.0,0.0010118166308122093
2018-10-28 01:00:00,0.0,0.0,0.0,0.004619217762761849,0.0,0.0,0.0405848927309464,0.02036430672523119,0.0,0.0,0.0,7.633315552126166e-07,0.0,0.001919075175442096,0.0002633028674763626,0.0,0.0,0.0067372799877055125,0.0,0.0,0.0,0.0,0.0011690722523584026
2018-10-28 02:00:00,0.0,0.0,0.0,0.004526176108428353,0.0,0.0,0.04025059475788333,0.020142732967258943,0.0,0.0,0.0,7.55614560286103e-07,0.0,0.001939559492633146,0.00028257514086912867,0.0,0.0,0.006669168620988669,0.0,0.0,0.0,0.0,0.0011071799083932437
2018-10-28 03:00:00,0.0,0.0,0.0,0.004422759787999412,0.0,0.0,0.03866983346070623,0.019630841930744103,0.0,0.0,0.0,7.35838509177524e-07,0.0,0.001874614674602698,0.0002864369010693066,0.0,0.0,0.00649462219688262,0.0,0.0,0.0,0.0,0.0008072974535357341
2018-10-28 04:00:00,0.0,0.0,0.0,0.004475994755506926,0.0,0.0,0.03883366253876644,0.019656052738127424,0.0,0.0,0.0,7.396637728119962e-07,0.0,0.0018875065646676906,0.00026413360566910894,0.0,0.0,0.006528384553431669,0.0,0.0,0.0,0.0,0.0007570314993885361
2018-10-28 05:00:00,0.0,0.0,0.0,0.004433574031836647,0.0,0.0,0.04156976539017156,0.019469763605632823,0.0,0.0,0.0,7.326536947781091e-07,0.0,0.0018885730320912736,0.0003070395915470486,0.0,0.0,0.006466512542341014,0.0,6.029014281061157e-05,0.0,0.0,0.0006176878127601192
2018-10-28 06:00:00,0.0,0.0,0.0,0.0041030897433900464,0.0,0.0,0.04349203888621604,0.018131166357991783,0.0,0.0,0.0,6.780407497234367e-07,0.0,0.0017764052653109904,0.0003541045041999595,0.0,0.0,0.005984490412803844,0.0,0.0003905722682697253,0.0,0.0,0.0004493276110537845
2018-10-28 07:00:00,0.0,0.0,0.0,0.004035899981600365,0.0,0.0,0.04462452045129705,0.01773726091873599,0.0,0.0,0.0,6.66937556932929e-07,0.0,0.0017479527471068945,0.0004335074025134155,0.0,0.0,0.005886491950567749,0.0,0.0007409117995825187,0.0,0.0,0.00045179123748482786
2018-10-28 08:00:00,0.0,0.0,0.0,0.0039442241951447255,0.0,0.0,0.04629864998314305,0.017320815377493116,0.0,0.0,0.0,6.51788017715561e-07,0.0,0.0017543663953826236,0.0006620384055116715,0.0,0.0,0.005752779821552326,0.0,0.0010593050451670801,0.0,0.0,0.00023516205902604056
2018-10-28 09:00:00,0.0,0.0,0.0,0.003841435928274604,0.0,0.0,0.06292141924992091,0.01694856415620314,0.0,0.0,0.0,6.34802127108692e-07,0.0,0.0017600666207671957,0.0005832784566736392,0.0,0.0,0.0056028597768777175,0.0,0.0014104240539034782,0.0,0.0,0.0003271908991169151
2018-10-28 10:00:00,0.0,0.0,0.0,0.0037009667541832493,0.0,0.0,0.0775749676875248,0.01626527249678902,0.0,0.0,0.0,6.115894191080032e-07,0.0,0.0016828039434707528,0.0005322808751816053,0.0,0.0,0.005397980898223301,0.0,0.0018621268223235636,0.0,0.0,0.0004908527890310246
2018-10-28 11:00:00,0.0,0.0,0.0,0.003601049384482509,0.0,0.0,0.09505216947014518,0.01583851156485763,0.0,0.0,0.0,5.950779478755196e-07,0.0,0.0016135552709694236,0.00042469287991697815,0.0,0.0,0.005252248150844344,0.0,0.0018608228133287557,0.0,0.0,0.0006923022537995412
2018-10-28 12:00:00,0.0,0.0,0.0,0.0037881199985013705,0.0,0.0,0.06483414621616967,0.01667431235870668,0.0,0.0,0.0,6.259916025390351e-07,0.0,0.001740366559225955,0.0004871907572553248,0.0,0.0,0.005525096751808221,0.0,0.0015196308158101795,0.0,0.0,0.000785882634760957
2018-10-28 13:00:00,0.0,0.0,0.0,0.003770828358060516,0.0,0.0,0.06760137550227162,0.016598199085098842,0.0,0.0,0.0,6.23134137169833e-07,0.0,0.0017431880141337425,0.00038808755475427286,0.0,0.0,0.005499876329416374,0.0,0.0010640136841580067,0.0,0.0,0.0011562370629455581
2018-10-28 14:00:00,0.0,0.0,0.0,0.0038761958962502943,0.0,0.0,0.05952864124380992,0.017035382020706653,0.0,0.0,0.0,6.405462556119907e-07,0.0,0.0017968470449853519,0.0005367949069462426,0.0,0.0,0.005653558325559233,0.0,0.000685237966501337,0.0,0.0,0.0006862435759535815
2018-10-28 15:00:00,0.0,0.0,0.0,0.0038214769922813654,0.0,0.0,0.07902912676852154,0.016834262927252347,0.0,0.0,0.0,6.315038877888383e-07,0.001452311472059504,0.0017307457352567115,0.0004430923774146577,0.0,0.0,0.005573749016798993,0.0,0.00031179909295435724,0.0,0.0,0.0008718506636802263
2018-10-28 16:00:00,0.0,0.0,0.0,0.0036675615550313526,0.0,0.0,0.0687369677218308,0.01611846094642831,0.0,0.0,0.0,6.060691678597577e-07,0.0005063012571487355,0.0016517242917041487,0.0003296728050335107,0.0,0.0,0.0053492583241230435,0.0,0.00012468372487509186,0.0,0.0,0.0012629129843301622
2018-10-28 17:00:00,0.0,0.0,0.0,0.003673880844574767,0.0,0.0,0.04600283047648373,0.016221919649578056,0.0,0.0,0.0,6.071134384187038e-07,0.0,0.0016400226721072783,0.0002948352053464508,0.0,0.0,0.005358475214333457,0.0,9.991884614897257e-05,0.0,0.0,0.0025681753957081314
2018-10-28 18:00:00,0.0,0.0,0.0,0.003432329254198565,0.0,0.0,0.06987615465179105,0.0150492902663503,0.0,0.0,0.0,5.671967337696243e-07,0.0,0.0014464127262757023,0.0002844984655648758,0.0,0.0,0.0050061643298024375,0.0,0.0,0.0,0.0,0.0035123235764528034
2018-10-28 19:00:00,0.0,0.0,0.0,0.003318824281748812,0.0,0.0,0.08409991411683145,0.0146313854665012,0.0,0.0,0.0,5.484398940633636e-07,0.0,0.0013931050983348682,0.00029854035033774045,0.0,0.0,0.004840613619992739,0.0,0.0,0.0,0.0,0.0032568534122284663
2018-10-28 20:00:00,0.0,0.0,0.0,0.0035353318726539474,0.0,0.0,0.06140372995244454,0.0155373285129631,0.0,0.0,0.0,5.842180462460268e-07,0.0,0.0014842396292286258,0.0002804316074805148,0.0,0.0,0.005156397013265664,0.0,0.0,0.0,0.0,0.003411245353860744
2018-10-28 21:00:00,0.0,0.0,0.0,0.0035271436898727335,0.0,0.0,0.0844104522091094,0.01554978345978344,0.0,0.0,0.0,5.828649387248494e-07,0.0,0.0014555509018464965,0.0002861078638113265,0.0,0.0,0.005144454281222963,0.0,0.0,0.0,0.0,0.0033539896340534143
2018-10-28 22:00:00,0.0,0.0,0.0,0.003317289244886946,0.0,0.0,0.11283124230256615,0.015007445292316785,0.0,0.0,0.0,5.634136224903344e-07,0.0,0.0013677959521469073,0.00028569506338075077,0.0,0.0,0.004972774016328336,0.0,0.0,0.0,0.0,0.002957887656541063
2018-10-28 23:00:00,0.0,0.0,0.0,0.003451052216827706,0.0,0.0,0.13781342138482885,0.015140072168376864,0.0,0.0,0.0,5.626868505746965e-07,0.0,0.0013385282131864833,0.0003058541694230466,0.0,0.0,0.004966359417260059,0.0,0.0,0.0,0.0,0.00239681730353899
2018-10-29 00:00:00,0.0,0.0,0.0,0.003395075376595405,0.0,0.0,0.1363227286217413,0.015331555749894315,0.0,0.0,0.0,5.535599437774445e-07,0.0,0.0013397411118926158,0.00027259167041472783,0.0,0.0,0.004885803954702702,0.0,0.0,0.0,0.0,0.002439459504422654
2018-10-29 01:00:00,0.0,0.0,0.0,0.003468993137514714,0.0,0.0,0.11857633601597253,0.015665355193716448,0.0,0.0,0.0,5.656120801926544e-07,0.0,0.0013833961067950778,0.0002494609682124568,0.0,0.0,0.004992177937180963,0.0,0.0,0.0,0.0,0.002702888777489213
2018-10-29 02:00:00,0.0,0.0,0.0,0.0035931324406433497,0.0,0.0,0.10348521180467117,0.015739046078661518,0.0,0.0,0.0,5.858527340921768e-07,0.0,0.0014364618711415786,0.00025884766202419174,0.0,0.0,0.005170825015929518,0.0,0.0,0.0,0.0,0.0029247109881164863
2018-10-29 03:00:00,0.0,0.0,0.0,0.003563294647999822,0.0,0.0,0.1067962351721893,0.015721394050741314,0.0,0.0,0.0,5.888389301032246e-07,0.0,0.001447771304504872,0.00025339147932524513,0.0,0.0,0.00519718163447517,0.0,0.0,0.0,0.0,0.0028117149961289006
2018-10-29 04:00:00,0.0,0.0,0.0,0.003465415610498004,0.0,0.0,0.12679368544714967,0.015218157241063237,0.0,0.0,0.0,5.726642958347796e-07,0.0,0.0014242109145682963,0.00022329313202355428,0.0,0.0,0.005054421861187799,0.0,0.0,0.0,0.0,0.0025805740799497955
2018-10-29 05:00:00,0.0,0.0,0.0,0.0032385892515369406,0.0,0.0,0.15883819682784764,0.015300672285243672,0.0,0.0,0.0,5.351809542298928e-07,0.0031295760122539043,0.0013307578667236062,0.00029881068718693815,0.0,0.0,0.0047235882076562185,0.0,7.707016109045968e-05,0.0,0.0,0.002181137660861354
2018-10-29 06:00:00,0.0,0.0,0.0,0.0027235107221419107,0.0,0.0,0.1513656790575405,0.017337041746457685,0.0,0.0,0.0,4.500635782816643e-07,0.04948292653679714,0.0011293849683646038,0.0004184186859138221,0.0,0.0,0.003972329348165893,0.0,0.0003333219751932988,0.0,0.0,0.001986679717737301
2018-10-29 07:00:00,0.0,0.0,0.0,0.0025362832451881275,0.0,0.0,0.14007480900407748,0.016476124608349258,0.0,0.0,0.0,4.1912400182051575e-07,0.059699229773018704,0.0010915535351326954,0.0005243621344666697,0.0,0.0,0.003699251957487709,0.0,0.0006208155775284856,0.0,0.0,0.0018393043319442726
2018-10-29 08:00:00,0.0,0.0,0.0,0.0025293905351997255,0.0,0.0,0.13698780174201003,0.011811117433175432,0.0,0.0,0.0,4.179849728105626e-07,0.05887971147737115,0.0011099610655681074,0.0005757336245732859,0.0,0.0,0.003689198714828252,0.0,0.0009200936286428449,0.0,0.0,0.001862005009227019
2018-10-29 09:00:00,0.0,0.0,0.0,0.0025334163422340026,0.0,0.0,0.13934275830473936,0.011099244719435642,0.0,0.0,0.0,4.1865024249523394e-07,0.05550899578296233,0.0011240491793307946,0.0005680554686005036,0.0,0.0,0.0036950704858854763,0.0,0.0012057769012388177,0.0,0.0,0.002108493422957118
2018-10-29 10:00:00,0.0,0.0,0.0,0.0026466036398420313,0.0,0.0,0.12216650917746562,0.011658743890729531,0.0,0.0,0.0,4.3735458603364965e-07,0.04679611260010809,0.0011900268171699674,0.0005684439792092009,0.0,0.0,0.0038601578565620846,0.0,0.001601552811957028,0.0,0.0,0.002333118925107207
2018-10-29 11:00:00,0.0,0.0,0.0,0.002649914957529373,0.0,0.0,0.12155960846643178,0.011664231793959555,0.0,0.0,0.0,4.379017854535294e-07,0.04482330537293432,0.0012228423533790656,0.0005753391650560371,0.0,0.0,0.0038649875215689415,0.0,0.0015134691567759832,0.0,0.0,0.0020797025887244313
2018-10-29 12:00:00,0.0,0.0,0.0,0.002672716559520366,0.0,0.0,0.13087924286542835,0.011755422561649798,0.0,0.0,0.0,4.4166977891108775e-07,0.043069001260914376,0.001221822629376938,0.0003863593291393107,0.0,0.0,0.0038982444028573646,0.0,0.0011085239782203425,0.0,0.0,0.0022390636025341405
2018-10-29 13:00:00,0.0,0.0,0.0,0.0026670355513612135,0.0,0.0,0.13354332097390986,0.011739592165181055,0.0,0.0,0.0,4.407309851550842e-07,0.019141037266729017,0.0012268017530536787,0.00029050786095902154,0.0,0.0,0.003889958466894525,0.0,0.000770690644557955,0.0,0.0,0.0031348409587496754
2018-10-29 14:00:00,0.0,0.0,0.0,0.0025803178677651613,0.0,0.0,0.13528044540495973,0.011522452489991813,0.0,0.0,0.0,4.3224188523944247e-07,0.01538661894146857,0.0011939403797761251,0.0002487401116953548,0.0,0.0,0.0038150323845326417,0.0,0.0005068614732330218,0.0,0.0,0.003629835470083818
2018-10-29 15:00:00,0.0,0.0,0.0,0.0024882465032974622,0.0,0.0,0.13848680813577735,0.011102645337215396,0.0,0.0,0.0,4.168185528464631e-07,0.021986013293862978,0.0011342213328380951,0.00035824345717052144,0.0,0.0,0.0036789037154564535,0.0,0.000265825299847131,0.0,0.0,0.003569369908338673
2018-10-29 16:00:00,0.0,0.0,0.0,0.002511071417600454,0.0,0.0,0.13527468917591784,0.011148830559968312,0.0,0.0,0.0,4.1920642935743236e-07,0.0440838586797477,0.0011719457471405991,0.0004422982948637205,0.0,0.0,0.0036999794754202673,0.0,9.486547751190515e-05,0.0,0.0,0.003145335094211462
2018-10-29 17:00:00,0.0,0.0,0.0,0.0025270385469420334,0.0,0.0,0.13630915799549367,0.011132039107509494,0.0,0.0,0.0,4.1759630378762557e-07,0.04253964305334174,0.0011670455936052526,0.0003737641990212834,0.0,0.0,0.003685768263129783,0.0,6.872807977898632e-05,0.0,0.0,0.003577567490659885
2018-10-29 18:00:00,0.0,0.0,0.0,0.0025352186680445703,0.0,0.0,0.13632376649586864,0.011168072618613533,0.0,0.0,0.0,4.189480791062444e-07,0.035039480013842675,0.0011412526920249197,0.00033394330893874537,0.0,0.0,0.003697699236950808,0.0,0.0,0.0,0.0,0.003940813789353548
2018-10-29 19:00:00,0.0,0.0,0.0,0.0027064380362166796,0.0,0.0,0.13596610293045486,0.01193161637597174,0.0,0.0,0.0,4.4724229542203754e-07,0.00788557229429633,0.0012060588935840495,0.00023696266158872712,0.0,0.0,0.003947428278086947,0.0,0.0,0.0,0.0,0.004206961895472333
2018-10-29 20:00:00,0.0,0.0,0.0,0.00287886482297263,0.0,0.0,0.10352052332804226,0.012681894319873169,0.0,0.0,0.0,4.7573603918008e-07,0.0,0.001280501171431764,0.00026362985696959645,0.0,0.0,0.00419891837866637,0.0,0.0,0.0,0.0,0.004686913816345979
2018-10-29 21:00:00,0.0,0.0,0.0,0.003140260669424611,0.0,0.0,0.07237240734501897,0.013779476807476631,0.0,0.0,0.0,5.189320321481637e-07,0.0,0.0013686104902852832,0.0002326049104398084,0.0,0.0,0.004580172758870628,0.0,0.0,0.0,0.0,0.005297795071706307
2018-10-29 22:00:00,0.0,0.0,0.0,0.003203218855669474,0.0,0.0,0.0687589563571713,0.014550658783624727,0.0,0.0,0.0,5.293359517483782e-07,0.0,0.0013783563354060088,0.0002192032926873391,0.0,0.0,0.004671999329955716,0.0,0.0,0.0,0.0,0.0054098554324434785
2018-10-29 23:00:00,0.0,0.0,0.0,0.0032983838459502146,0.0,0.0,0.05383343821057356,0.014794347186137563,0.0,0.0,0.0,5.377945918100956e-07,0.0,0.001403416952365716,0.0002569523346458329,0.0,0.0,0.0047466565690307315,0.0,0.0,0.0,0.0,0.005456704677409005
2018-10-30 00:00:00,0.0,0.0,0.0,0.0033043778829362634,0.0,0.0,0.05082896768657913,0.014810039173119006,0.0,0.0,0.0,5.387719070119527e-07,0.0,0.0013870701055294914,0.0002123321626998788,0.0,0.0,0.0047552825011125234,0.0,0.0,0.0,0.0,0.005333724146540189
2018-10-30 01:00:00,0.0,0.0,0.0,0.0032870516031121536,0.0,0.0,0.04944392802899302,0.014721247475838986,0.0,0.0,0.0,5.359468933019698e-07,0.0,0.0013889170005944667,0.00017449729803237888,0.0,0.0,0.004730348501982932,0.0,0.0,0.0,0.0,0.005270240717460158
2018-10-30 02:00:00,0.0,0.0,0.0,0.0032832626553131253,0.0,0.0,0.04735069019996368,0.014753456646538364,0.0,0.0,0.0,5.371195116551697e-07,0.0,0.0013747953806310474,0.00017494932408161268,0.0,0.0,0.0047406982092762845,0.0,0.0,0.0,0.0,0.005362847167057757
2018-10-30 03:00:00,0.0,0.0,0.0,0.003313916952114133,0.0,0.0,0.04910336439994377,0.015042127164181624,0.0,0.0,0.0,5.476289516583144e-07,0.0,0.0014301264286941406,0.0001881109577939631,0.0,0.0,0.004833456119429045,0.0,0.0,0.0,0.0,0.005270196271989076
2018-10-30 04:00:00,0.0,0.0,0.0,0.0034063238864880515,0.0,0.0,0.053076892759097744,0.016467390878537456,0.0,0.0,0.0,5.628993139903772e-07,0.0,0.0015039204179341432,0.00022081042609484696,0.0,0.0,0.004968234651565271,0.0,0.0,0.0,0.0,0.004758142114817536
2018-10-30 05:00:00,0.0,0.0,0.0,0.0031299244637364295,0.0,0.0,0.07375335277571045,0.015937170050482924,0.0,0.0,0.0,5.172239611352398e-07,0.01887432634687373,0.0013870069331930078,0.00020769498949721707,0.0,0.0,0.004565097065255752,0.0,0.00010640602341928418,0.0,0.0,0.0043244469757685484
2018-10-30 06:00:00,0.0,0.0,0.0,0.002668019012031858,0.0,0.0,0.09655957768164468,0.013566886335576933,0.0,0.0,0.0,4.408935032700051e-07,0.044618224110525836,0.0011983545974293074,0.0001915141843377253,0.0,0.0,0.0038913928764061196,0.0,0.00045351460836606306,0.0,0.0,0.004069329338146256
2018-10-30 07:00:00,0.0,0.0,0.0,0.0025713321914385655,0.0,0.0,0.10408654673831556,0.012898660471562967,0.0,0.0,0.0,4.2491588434781054e-07,0.04541090883463465,0.0011592065302313066,0.00012067863323117644,0.0,0.0,0.0037503719904220423,0.0,0.0008916424063328188,0.0,0.0,0.004004771464974235
2018-10-30 08:00:00,0.0,0.0,0.0,0.0026018568116354087,0.0,0.0,0.09608945162310266,0.011622428932198042,0.0,0.0,0.0,4.299601162943901e-07,0.03743525315292149,0.0012505358765887724,0.00010934914182664034,0.0,0.0,0.0037948931460260035,0.0,0.0013002686258375092,0.0,0.0,0.004133042295633836
2018-10-30 09:00:00,0.0,0.0,0.0,0.0026041432542385705,0.0,0.0,0.10608019836704882,0.011632642413794707,0.0,0.0,0.0,4.3033795381533265e-07,0.02607840602531657,0.0012182339210244568,0.00011000793538248323,0.0,0.0,0.003798227997246378,0.0,0.0016289773686457459,0.0,0.0,0.004154101885619555
2018-10-30 10:00:00,0.0,0.0,0.0,0.002618261556141681,0.0,0.0,0.11090367852120638,0.011803585637524316,0.0,0.0,0.0,4.326710209929707e-07,0.02209929526478542,0.0012302852798624076,9.04635980813402e-05,0.0,0.0,0.003818820001727964,0.0,0.0020650633092181704,0.0,0.0,0.004144764951153852
2018-10-30 11:00:00,0.0,0.0,0.0,0.002457919285417746,0.0,0.0,0.1091061291084426,0.011241079573244968,0.0,0.0,0.0,4.0617425873492917e-07,0.02011521435718666,0.0011687658258819399,0.00012799618953472923,0.0,0.0,0.003584955562506175,0.0,0.0020138031520751643,0.0,0.0,0.004076364907828991
2018-10-30 12:00:00,0.0,0.0,0.0,0.0024637864121380367,0.0,0.0,0.11855978166052347,0.011276372275993034,0.0,0.0,0.0,4.071438088176581e-07,0.02301625236258937,0.0011904312925709699,0.000117441328931982,0.0,0.0,0.0035935129584697524,0.0,0.001809210766100602,0.0,0.0,0.004110078263782829
2018-10-30 13:00:00,0.0,0.0,0.0,0.0024470012568653205,0.0,0.0,0.13642503661563377,0.01118274592854052,0.0,0.0,0.0,4.043700407606295e-07,0.01424741323439551,0.0011975223734803282,0.00010199497771569791,0.0,0.0,0.003569031261239313,0.0,0.0013975772763329055,0.0,0.0,0.004058257776029412
2018-10-30 14:00:00,0.0,0.0,0.0,0.002317230851410365,0.0,0.0,0.13353252703140836,0.01061356543525128,0.0,0.0,0.0,3.829253177568636e-07,0.03582017187056904,0.0011589152152444895,0.00015677065006572242,0.0,0.0,0.0033797568861023957,0.0,0.0008035295086568548,0.0,0.0,0.0036104261497525614
2018-10-30 15:00:00,0.0,0.0,0.0,0.002405769429151934,0.0,0.0,0.1374000936358396,0.011564270124386995,0.0,0.0,0.0,3.9755642928155093e-07,0.02800687780272948,0.0012243191755550765,0.0001544432896986235,0.0,0.0,0.00350889329373552,0.0,0.0003762220019856552,0.0,0.0,0.003618112394612358
2018-10-30 16:00:00,0.0,0.0,0.0,0.0023916274148843546,0.0,0.0,0.1381476422728857,0.01460028983441831,0.0,0.0,0.0,3.9521944360580824e-07,0.04116907351761633,0.0012318764125297027,0.00019120869092450004,0.0,0.0,0.0034882667039958224,0.0,0.00012195992219629652,0.0,0.0,0.0033611282840196734
2018-10-30 17:00:00,0.0,0.0,0.0,0.0024165082252778232,0.0,0.0,0.12186248482709404,0.015133845195089392,0.0,0.0,0.0,3.9933102887154406e-07,0.04673865448913144,0.0012479162371100913,0.00023815556648125813,0.0,0.0,0.0035245561786538832,0.0,6.572197732972712e-05,0.0,0.0,0.0035651647694072393
2018-10-30 18:00:00,0.0,0.0,0.0,0.0025382276067634304,0.0,0.0,0.1028044916359579,0.015852561178449343,0.0,0.0,0.0,4.194453100206046e-07,0.04450472254140564,0.0013001039655553047,0.00022552569564194421,0.0,0.0,0.003702087872355321,0.0,0.0,0.0,0.0,0.0038482048880198448
2018-10-30 19:00:00,0.0,0.0,0.0,0.002677224422318883,0.0,0.0,0.1090738540072876,0.016739054697578026,0.0,0.0,0.0,4.4241470891815887e-07,0.029632159773281607,0.0013697246997621463,0.0001230451904613731,0.0,0.0,0.0039048192679924545,0.0,0.0,0.0,0.0,0.003992157573645137
2018-10-30 20:00:00,0.0,0.0,0.0,0.002962302515504845,0.0,0.0,0.11068738733707208,0.013975015905375416,0.0,0.0,0.0,4.895242229971354e-07,0.007832428585464327,0.0015202940766396846,0.00013569931312385034,0.0,0.0,0.004320614978607896,0.0,0.0,0.0,0.0,0.003770254553301492
2018-10-30 21:00:00,0.0,0.0,0.0,0.003218098338161507,0.0,0.0,0.11281728631985784,0.014297817750818159,0.0,0.0,0.0,5.317948049773743e-07,0.0007839768498488327,0.0016486632884508661,0.0001600030724843446,0.0,0.0,0.0046937015411892165,0.0,0.0,0.0,0.0,0.003199123078445226
2018-10-30 22:00:00,0.0,0.0,0.0,0.00337613336764261,0.0,0.0,0.11752284961864529,0.014976774392706404,0.0,0.0,0.0,5.579102927130628e-07,0.0033337715533869588,0.001721488791683308,0.00012124476241053849,0.0,0.0,0.004924200793695312,0.0,0.0,0.0,0.0,0.002530520661534257
2018-10-30 23:00:00,0.0,0.0,0.0,0.0038785827642199276,0.0,0.0,0.07556283529410478,0.016963129296511066,0.0,0.0,0.0,6.323948127039222e-07,0.0,0.0019666913922027256,0.0001505795035500556,0.0,0.0,0.005581612455117444,0.0,0.0,0.0,0.0,0.002228101868650137
2018-10-31 00:00:00,0.0,0.0,0.0,0.004024356209880149,0.0,0.0,0.06649883945107982,0.01747797347478053,0.0,0.0,0.0,6.561628683235994e-07,0.0,0.0020533114085101974,0.00016687791223073632,0.0,0.0,0.005791392916018895,0.0,0.0,0.0,0.0,0.0018431937729685508
2018-10-31 01:00:00,0.0,0.0,0.0,0.003983168677284276,0.0,0.0,0.06683888074261567,0.017285601432530648,0.0,0.0,0.0,6.494473272239002e-07,0.0,0.002035285028272775,0.0001537057485830618,0.0,0.0,0.005732120532545877,0.0,0.0,0.0,0.0,0.0014561161965968106
2018-10-31 02:00:00,0.0,0.0,0.0,0.0038727863016756944,0.0,0.0,0.06916241502737101,0.01681969803965168,0.0,0.0,0.0,6.314497116018335e-07,0.0,0.001961339996672379,0.00015481307714679135,0.0,0.0,0.005573270849562195,0.0,0.0,0.0,0.0,0.001550598677830733
2018-10-31 03:00:00,0.0,0.0,0.0,0.0038938509766598068,0.0,0.0,0.06880426114807107,0.017016713348773017,0.0,0.0,0.0,6.348842628286723e-07,0.0,0.001918046150145815,7.421636680728657e-05,0.0,0.0,0.00560358471918977,0.0,0.0,0.0,0.0,0.0020989674559257674
2018-10-31 04:00:00,0.0,0.0,0.0,0.0038524053127582626,0.0,0.0,0.06678471135558646,0.017396776292775962,0.0,0.0,0.0,6.281266339591287e-07,0.0,0.0018784896573070134,0.00014323899852967096,0.0,0.0,0.005543940862681786,0.0,0.0,0.0,0.0,0.0023448764772381714
2018-10-31 05:00:00,0.0,0.0,0.0,0.003612115407981178,0.0,0.0,0.06769110189819393,0.017523113452464406,0.0,0.0,0.0,5.889478672384679e-07,0.014881504135669209,0.0017270117105035153,0.0001780460237391201,0.0,0.0,0.0051981431301400365,0.0,9.692915295968362e-05,0.0,0.0,0.002027324507642948
2018-10-31 06:00:00,0.0,0.0,0.0,0.003406314639686304,0.0,0.0,0.07603987322410687,0.01653627199388697,0.0,0.0,0.0,5.553924821321414e-07,0.018252995496512155,0.0016602941406428408,0.0002506181763409057,0.0,0.0,0.004901978215938848,0.0,0.0004913104816780471,0.0,0.0,0.0018238942632180111
2018-10-31 07:00:00,0.0,0.0,0.0,0.0031366127914754646,0.0,0.0,0.10205194680361744,0.015226979227062835,0.0,0.0,0.0,5.114181595113636e-07,0.03959679213328615,0.0015006428846816493,0.00033195217162591606,0.0,0.0,0.0045138541802655805,0.0,0.0009784680984398486,0.0,0.0,0.0012219562243760973
2018-10-31 08:00:00,0.0,0.0,0.0,0.003131566171817426,0.0,0.0,0.11011850382638749,0.015200102708946053,0.0,0.0,0.0,5.123029953758024e-07,0.0294695360899905,0.0014882948679797202,0.00024202623435671858,0.0,0.0,0.004521663875700256,0.0,0.0014544324605076375,0.0,0.0,0.0010618669312429723
2018-10-31 09:00:00,0.0,0.0,0.0,0.0031068984088373137,0.0,0.0,0.10911619751047626,0.015040625898636025,0.0,0.0,0.0,5.065732915311271e-07,0.02795502841417027,0.0014796098397080039,0.0002861499253285004,0.0,0.0,0.004471092641241779,0.0,0.0018446039399444456,0.0,0.0,0.000980986066120103
2018-10-31 10:00:00,0.0,0.0,0.0,0.0031237470076196576,0.0,0.0,0.08104030263841931,0.01377823137661441,0.0,0.0,0.0,5.093204203456974e-07,0.03523464969886249,0.0014804261188668907,0.00036189146789718485,0.0,0.0,0.004495339216481157,0.0,0.0024308975218115254,0.0,0.0,0.0013238250539981064
2018-10-31 11:00:00,0.0,0.0,0.0,0.0032262811471925955,0.0,0.0,0.05764321073289257,0.014000966200025883,0.0,0.0,0.0,5.260383974865119e-07,0.03156247150475074,0.0015487490175396918,0.0002874467565410794,0.0,0.0,0.004642894616302607,0.0,0.0026621966360967186,0.0,0.0,0.00201024784745136
2018-10-31 12:00:00,0.0,0.0,0.0,0.0028909855618286084,0.0,0.0,0.039954290419236066,0.013525280070319255,0.0,0.0,0.0,4.713691531267472e-07,0.05321983121032819,0.0013899211985889135,0.00035076586824049903,0.0,0.0,0.004160375580566644,0.0,0.002191579224265236,0.0,0.0,0.0028043829694913637
2018-10-31 13:00:00,0.0,0.0,0.0,0.0026772484800228393,0.0,0.0,0.042806727365185336,0.01697857352928786,0.0,0.0,0.0,4.3651976869092816e-07,0.06317665538955805,0.0012594200114891194,0.0002976636692037125,0.0,0.0,0.003852789632180295,0.0,0.0015984957865927093,0.0,0.0,0.0033266649926600353
2018-10-31 14:00:00,0.0,0.0,0.0,0.002872267748711079,0.0,0.0,0.04783255646678594,0.019713830686464307,0.0,0.0,0.0,4.683172528218514e-07,0.05292128358355392,0.00136368296785745,0.00018474942140034903,0.0,0.0,0.004133439045966132,0.0,0.0010501570024641985,0.0,0.0,0.0035379551253101006
2018-10-31 15:00:00,0.0,0.0,0.0,0.002687950815939518,0.0,0.0,0.04502204923578146,0.018448770071228294,0.0,0.0,0.0,4.3826476219215194e-07,0.07463677988315644,0.001283479213123266,0.000419942286544398,0.0,0.0,0.003868191209272436,0.0,0.00044179440409492345,0.0,0.0,0.0034593630366531163
2018-10-31 16:00:00,0.0,0.0,0.0,0.002765217984604974,0.0,0.0,0.032088635664599664,0.018960357173208865,0.0,0.0,0.0,4.508630125394489e-07,0.08115577334554164,0.001331059864183702,0.00047446061927073507,0.0,0.0,0.003979385276077792,0.0,0.00014840624217289143,0.0,0.0,0.003870864426316737
2018-10-31 17:00:00,0.0,0.0,0.0,0.0027391135491574366,0.0,0.0,0.028630160736504155,0.01878136606919975,0.0,0.0,0.0,4.46606738903141e-07,0.08268523494272877,0.001306590826364285,0.0004466810706085185,0.0,0.0,0.003941818759933823,0.0,7.350262275496111e-05,0.0,0.0,0.003988879111427772
2018-10-31 18:00:00,0.0,0.0,0.0,0.0029878470512471416,0.0,0.0,0.028731119200902374,0.020011132660140988,0.0,0.0,0.0,4.871622165168425e-07,0.06467442175875965,0.0014191070626373642,0.00028002634331117957,0.0,0.0,0.004299767551455384,0.0,0.0,0.0,0.0,0.004202238453474322
2018-10-31 19:00:00,0.0,0.0,0.0,0.0031125211935634028,0.0,0.0,0.03511078696678278,0.015152200992837858,0.0,0.0,0.0,5.07490074827988e-07,0.03921285723928713,0.0014918925519552039,0.0002308604701847165,0.0,0.0,0.004479184309556584,0.0,0.0,0.0,0.0,0.00444297847757565
2018-10-31 20:00:00,0.0,0.0,0.0,0.0032284657276951192,0.0,0.0,0.041137312183339964,0.014108879917035789,0.0,0.0,0.0,5.263945887712447e-07,0.03025426872501265,0.0015352192697650933,8.500529433439395e-05,0.0,0.0,0.00464603841456175,0.0,0.0,0.0,0.0,0.004370114023237562
2018-10-31 21:00:00,0.0,0.0,0.0,0.0034815792955457422,0.0,0.0,0.05335490031576762,0.01522681952057722,0.0,0.0,0.0,5.676642269520635e-07,0.000251056765646678,0.0016455274320584172,7.630486985863226e-05,0.0,0.0,0.00501029049547832,0.0,0.0,0.0,0.0,0.00462704741019999
2018-10-31 22:00:00,0.0,0.0,0.0,0.0033976904503823066,0.0,0.0,0.0442617017826316,0.014790865355478433,0.0,0.0,0.0,5.539863260923795e-07,0.0,0.0015727402388976785,0.00012582486056277975,0.0,0.0,0.004889567269631721,0.0,0.0,0.0,0.0,0.004835767425174243
2018-10-31 23:00:00,0.0,0.0,0.0,0.0035202262069853555,0.0,0.0,0.04040264536980347,0.015288512512849768,0.0,0.0,0.0,5.739655250826332e-07,0.0,0.0015981665799044344,5.013371542926487e-05,0.0,0.0,0.0050659067077280925,0.0,0.0,0.0,0.0,0.00469742739684138
2018-11-01 00:00:00,0.0,0.0,0.0,0.0036421348909331675,0.0,0.0,0.0262726589981006,0.01583030707962838,0.0,0.0,0.0,5.93842481187156e-07,0.0,0.001644180955460904,7.120462196092436e-05,0.0,0.0,0.005241343734620295,0.0,0.0,0.0,0.0,0.0044622004225677294
2018-11-01 01:00:00,0.0,0.0,0.0,0.0036353847742852624,0.0,0.0,0.025493661158752803,0.01577633722130734,0.0,0.0,0.0,5.927418887767887e-07,0.0,0.0016551310175463429,4.937108356407031e-05,0.0,0.0,0.005231629739213774,0.0,0.0,0.0,0.0,0.0043055388379467695
2018-11-01 02:00:00,0.0,0.0,0.0,0.0036876620250125345,0.0,0.0,0.026336496018833196,0.016015694360973092,0.0,0.0,0.0,6.012655852381167e-07,0.0,0.0016786187364021031,4.8508642127020566e-05,0.0,0.0,0.005306861175930923,0.0,0.0,0.0,0.0,0.004349744099275065
2018-11-01 03:00:00,0.0,0.0,0.0,0.003693069381063515,0.0,0.0,0.026453054214890474,0.016146824264681645,0.0,0.0,0.0,6.061885000064997e-07,0.0,0.0016667327037370781,3.8442978914059685e-05,0.0,0.0,0.005350311567734743,0.0,0.0,0.0,0.0,0.004865180897679626
2018-11-01 04:00:00,0.0,0.0,0.0,0.0036687462572151937,0.0,0.0,0.027645441668964,0.01677869117023971,0.0,0.0,0.0,6.062649413882855e-07,0.0,0.0016514683131745253,4.003330402500405e-05,0.0,0.0,0.005350986250954926,0.0,0.0,0.0,0.0,0.005091227999110798
2018-11-01 05:00:00,0.0,0.0,0.0,0.0036083512119509534,0.0,0.0,0.02693545347575386,0.0173573390321956,0.0,0.0,0.0,5.962845840645113e-07,0.0,0.0016354636506503734,8.6623402047417e-05,0.0,0.0,0.00526289810471173,0.0,9.813663122221291e-05,0.0,0.0,0.005121570160458797
2018-11-01 06:00:00,0.0,0.0,0.0,0.00348273090670944,0.0,0.0,0.027206085080802873,0.016705231816072506,0.0,0.0,0.0,5.755256703498751e-07,0.0,0.0016536759889691748,8.977858492558843e-05,0.0,0.0,0.005079676786293723,0.0,0.00047360062610583983,0.0,0.0,0.004979289391777408
2018-11-01 07:00:00,0.0,0.0,0.0,0.003425742397776841,0.0,0.0,0.02666126611364894,0.016126063544994098,0.0,0.0,0.0,5.661082474469202e-07,0.0,0.0016466690768734485,9.585987363098504e-05,0.0,0.0,0.004996557184560287,0.0,0.0009549945905222273,0.0,0.0,0.004874886515190781
2018-11-01 08:00:00,0.0,0.0,0.0,0.003477293385867475,0.0,0.0,0.027756007475072297,0.015903098153774907,0.0,0.0,0.0,5.746271131798152e-07,0.0,0.0016806278230846532,0.0001221727284957447,0.0,0.0,0.005071745984536198,0.0,0.0014895127880287502,0.0,0.0,0.0043833956379195045
2018-11-01 09:00:00,0.0,0.0,0.0,0.003506255792186184,0.0,0.0,0.029203703646076818,0.015529929935741125,0.0,0.0,0.0,5.794131873147445e-07,0.0,0.0016571998767824934,0.00016660237738966784,0.0,0.0,0.005113988600171225,0.0,0.00207407855381931,0.0,0.0,0.004208722259110647
2018-11-01 10:00:00,0.0,0.0,0.0,0.0035471031121264737,0.0,0.0,0.029529184679361307,0.015649956367109256,0.0,0.0,0.0,5.861632583998637e-07,0.0022352095355119453,0.0016496872113681293,0.0001775874300834502,0.0,0.0,0.005173565750528512,0.0,0.0027373606951446123,0.0,0.0,0.004234015094137018
2018-11-01 11:00:00,0.0,0.0,0.0,0.003580358495536686,0.0,0.0,0.029679576296137516,0.015759800622563675,0.0,0.0,0.0,5.916587524080379e-07,0.011763459775113241,0.0016549317106432752,0.00020988851233730185,0.0,0.0,0.005222069813475987,0.0,0.002823884017865588,0.0,0.0,0.003938261281229121
2018-11-01 12:00:00,0.0,0.0,0.0,0.003743549517298394,0.0,0.0,0.030869028468239426,0.016478124770707796,0.0,0.0,0.0,6.186262743643139e-07,0.012372591208809632,0.0017162912474736915,0.00021597686083160944,0.0,0.0,0.005460089249137101,0.0,0.002545340772431157,0.0,0.0,0.0037829691537826877
2018-11-01 13:00:00,0.0,0.0,0.0,0.003853051462592861,0.0,0.0,0.03210737829899868,0.016846297328794082,0.0,0.0,0.0,6.324483094017579e-07,0.006221956864054447,0.0017770958302872242,0.00019111404062170417,0.0,0.0,0.005582084625079863,0.0,0.0019256365853874105,0.0,0.0,0.0035880830020047793
2018-11-01 14:00:00,0.0,0.0,0.0,0.0038243552190106002,0.0,0.0,0.03200073702537391,0.016622314140283093,0.0,0.0,0.0,6.235531248037946e-07,0.009284402969356806,0.0017532925005652648,0.0002013085129863966,0.0,0.0,0.005503574377770473,0.0,0.001128869421763868,0.0,0.0,0.003829167043485364
2018-11-01 15:00:00,0.0,0.0,0.0,0.0038103798019389185,0.0,0.0,0.03223528092178267,0.019014182965648378,0.0,0.0,0.0,6.212744622616321e-07,0.0,0.0017606395630449666,0.00021080866889597655,0.0,0.0,0.00548346255684651,0.0,0.0005240285346179265,0.0,0.0,0.004334385377983887
2018-11-01 16:00:00,0.0,0.0,0.0,0.003622881304072819,0.0,0.0,0.030760469241646687,0.024558840232364768,0.0,0.0,0.0,5.907032240933661e-07,0.019819867157601853,0.0016875934322679487,0.00020715515079236315,0.0,0.0,0.005213636175762254,0.0,0.00017013158737324421,0.0,0.0,0.004447310581195715
2018-11-01 17:00:00,0.0,0.0,0.0,0.003462072301278151,0.0,0.0,0.029352521387349853,0.020935387326243067,0.0,0.0,0.0,5.644836523101939e-07,0.03399125089215186,0.0015966607507919106,0.00019855062148310549,0.0,0.0,0.0049822182616793345,0.0,9.290282777416239e-05,0.0,0.0,0.004324722596580151
2018-11-01 18:00:00,0.0,0.0,0.0,0.0036582054457260393,0.0,0.0,0.029920560915470237,0.016482625047867544,0.0,0.0,0.0,5.96462751555508e-07,0.01390483679413753,0.001621711788503498,0.00017345455149227922,0.0,0.0,0.005264470637988202,0.0,0.0,0.0,0.0,0.004677327043084727
2018-11-01 19:00:00,0.0,0.0,0.0,0.003870716209604,0.0,0.0,0.03084143868838789,0.0167975958535776,0.0,0.0,0.0,6.311121874164441e-07,0.0,0.0017209603458182925,0.00014771588460005966,0.0,0.0,0.005570291809950819,0.0,0.0,0.0,0.0,0.004207845868305975
2018-11-01 20:00:00,0.0,0.0,0.0,0.003828344432299128,0.0,0.0,0.031834170782410375,0.01669530401280191,0.0,0.0,0.0,6.262911950089439e-07,0.0,0.001713088456605155,0.00013962664123511823,0.0,0.0,0.005527741000350285,0.0,0.0,0.0,0.0,0.00350703682588967
2018-11-01 21:00:00,0.0,0.0,0.0,0.003887724785364545,0.0,0.0,0.033196754153607524,0.017086050004367033,0.0,0.0,0.0,6.424514190637771e-07,0.0,0.0016928696225701678,0.0001503699050212586,0.0,0.0,0.005670373586908479,0.0,0.0,0.0,0.0,0.00390737543542572
2018-11-01 22:00:00,0.0,0.0,0.0,0.0037876519597191466,0.0,0.0,0.047230696770381,0.016672252174537786,0.0,0.0,0.0,6.259142585405741e-07,0.0,0.0015670220790210115,9.911207861351722e-05,0.0,0.0,0.005524414101956472,0.0,0.0,0.0,0.0,0.0043897989594670235
2018-11-01 23:00:00,0.0,0.0,0.0,0.0036292804045837085,0.0,0.0,0.052280986305462705,0.016206612199640816,0.0,0.0,0.0,6.079588192359101e-07,0.0,0.001531358976706751,0.00010191304537055452,0.0,0.0,0.005365936673541922,0.0,0.0,0.0,0.0,0.004053474258030701
2018-11-02 00:00:00,0.0,0.0,0.0,0.0037840534888589545,0.0,0.0,0.04880447132052948,0.016845071782318616,0.0,0.0,0.0,6.338856287066353e-07,0.0,0.0016033787689205576,0.00010252934815212038,0.0,0.0,0.005594770623087631,0.0,0.0,0.0,0.0,0.003710588857981728
2018-11-02 01:00:00,0.0,0.0,0.0,0.0037483600507410694,0.0,0.0,0.05078343012102963,0.016751409421567266,0.0,0.0,0.0,6.279064432832074e-07,0.0,0.0015840026587324305,9.203820666472616e-05,0.0,0.0,0.005541997426406642,0.0,0.0,0.0,0.0,0.003405120557533686
2018-11-02 02:00:00,0.0,0.0,0.0,0.004004165862152581,0.0,0.0,0.049788102165964104,0.01785279667300643,0.0,0.0,0.0,6.707577475976959e-07,0.0,0.0016970523707833423,8.779451221719503e-05,0.0,0.0,0.005920209532317378,0.0,0.0,0.0,0.0,0.0028275219858886064
2018-11-02 03:00:00,0.0,0.0,0.0,0.004160056947270507,0.0,0.0,0.053916778009201485,0.018649199666508506,0.0,0.0,0.0,6.96871838952555e-07,0.0,0.0017923444453986825,7.189480797005521e-05,0.0,0.0,0.006150696460154654,0.0,0.0,0.0,0.0,0.002003727943522722
2018-11-02 04:00:00,0.0,0.0,0.0,0.004179469908320635,0.0,0.0,0.08096209708613361,0.019579938887220344,0.0,0.0,0.0,7.001238006535585e-07,0.0,0.0018053887372727064,0.00011122917636271981,0.0,0.0,0.0061793987669561245,0.0,0.0,0.0,0.0,0.0009485439678775265
2018-11-02 05:00:00,0.0,0.0,0.0,0.004279968319689084,0.0,0.0,0.08820900059256585,0.021153096391788435,0.0,0.0,0.0,7.169587896043929e-07,0.0004509641961330291,0.0018410823123245275,0.00015440289055164322,0.0,0.0,0.006327986930745722,0.0,8.849791133790024e-05,0.0,0.0,0.000504153012723103
2018-11-02 06:00:00,0.0,0.0,0.0,0.0038409656453723315,0.0,0.0,0.10824208073352566,0.019023496166548883,0.0,0.0,0.0,6.434192672291211e-07,0.052219994635989656,0.0016838566999647713,0.00015572849859276844,0.0,0.0,0.005678915961491296,0.0,0.000463286540581493,0.0,0.0,0.0002439866660251112
2018-11-02 07:00:00,0.0,0.0,0.0,0.003636201875086249,0.0,0.0,0.13086749486543722,0.017832162388412464,0.0,0.0,0.0,6.091182691998166e-07,0.05034007746758043,0.001585205316363954,0.00018589600963043318,0.0,0.0,0.005376170154635727,0.0,0.0008771770138555074,0.0,0.0,0.0001188535891717872
2018-11-02 08:00:00,0.0,0.0,0.0,0.00342966019273399,0.0,0.0,0.16228021664907208,0.016017215991304012,0.0,0.0,0.0,5.706111487344503e-07,0.037472668489509864,0.0014789978026958795,0.00017593476321097013,0.0,0.0,0.005036300473729877,0.0,0.0013030191808153728,0.0,0.0,7.772787290296123e-05
2018-11-02 09:00:00,0.0,0.0,0.0,0.0032752725272287434,0.0,0.0,0.18041166275309184,0.015192841290594871,0.0,0.0,0.0,5.412429117565229e-07,0.033075835244537846,0.001388168895215953,0.00014133114639308919,0.0,0.0,0.004777091963464019,0.0,0.0017036141152614959,0.0,0.0,7.57200033598837e-05
2018-11-02 10:00:00,0.0,0.0,0.0,0.0031833422297016813,0.0,0.0,0.1788398847771573,0.014668038005974365,0.0,0.0,0.0,5.260513142639349e-07,0.03152705542975629,0.0013309374855864436,0.00014768206281331905,0.0,0.0,0.004643008621737655,0.0,0.002229373874819302,0.0,0.0,0.0001065186382271117
2018-11-02 11:00:00,0.0,0.0,0.0,0.0032791228530510597,0.0,0.0,0.1699210727749471,0.014411322850992272,0.0,0.0,0.0,5.418791829498226e-07,0.03613434679395457,0.0013626088081646348,0.00011358045382230202,0.0,0.0,0.004782707789441733,0.0,0.0022964514316765865,0.0,0.0,0.0001975024412170849
2018-11-02 12:00:00,0.0,0.0,0.0,0.0032349730792384335,0.0,0.0,0.17592017494388718,0.014283934504149106,0.0,0.0,0.0,5.345833772014208e-07,0.04287722835582208,0.001338415001276721,9.576429573689134e-05,0.0,0.0,0.004718313902241298,0.0,0.0019575958234414118,0.0,0.0,0.0003759097790216085
2018-11-02 13:00:00,0.0,0.0,0.0,0.003381499463117818,0.0,0.0,0.15017376546252864,0.017531636609566907,0.0,0.0,0.0,5.587970467512748e-07,0.046422962739654516,0.0014228579468101668,0.00013422420890519212,0.0,0.0,0.004932027419222405,0.0,0.0014714708022479045,0.0,0.0,0.0003291613925801146
2018-11-02 14:00:00,0.0,0.0,0.0,0.003463533605709716,0.0,0.0,0.11569370528929186,0.024342962612611416,0.0,0.0,0.0,5.723532921723106e-07,0.05665061901112926,0.00149126514291917,0.00013807916669261185,0.0,0.0,0.005051676895730853,0.0,0.0008713316351627739,0.0,0.0,0.0003497897502981514
2018-11-02 15:00:00,0.0,0.0,0.0,0.0032505620877880505,0.0,0.0,0.11516990458179283,0.0235084938675909,0.0,0.0,0.0,5.426594069269464e-07,0.08690063368251925,0.0014371713987222617,0.00019704745788157575,0.0,0.0,0.004789594164505241,0.0,0.00037957170445168686,0.0,0.0,0.0004994616536071925
2018-11-02 16:00:00,0.0,0.0,0.0,0.0029139110436270034,0.0,0.0,0.0849603036937264,0.020860203401279094,0.0,0.0,0.0,4.81527471299191e-07,0.1251788822656616,0.0012865160391640313,0.0005932418438169875,0.0,0.0,0.004250034436229814,0.0,0.00010896858993770119,0.0,0.0,0.0005921099263132475
2018-11-02 17:00:00,0.0,0.0,0.0,0.0030484341844457855,0.0,0.0,0.08207418279102179,0.015742033481008128,0.0,0.0,0.0,5.037575898099691e-07,0.12546725933840727,0.0013610415740996716,0.00045648071941011047,0.0,0.0,0.004446240831136769,0.0,8.290852075964989e-05,0.0,0.0,0.0008234540667807462
2018-11-02 18:00:00,0.0,0.0,0.0,0.00333149516446492,0.0,0.0,0.0841441394994549,0.011907651081280902,0.0,0.0,0.0,5.505337733966949e-07,0.10924704010145261,0.0014515254162549335,0.00033646529152786504,0.0,0.0,0.004859094516312024,0.0,0.0,0.0,0.0,0.001064089300151225
2018-11-02 19:00:00,0.0,0.0,0.0,0.0037889406409575325,0.0,0.0,0.096233206388718,0.012606013719300662,0.0,0.0,0.0,6.261272147388725e-07,0.04721055119773511,0.0016271329289511505,0.0002203967864206856,0.0,0.0,0.005526293685635748,0.0,0.0,0.0,0.0,0.0012931837786875253
2018-11-02 20:00:00,0.0,0.0,0.0,0.003965550317320332,0.0,0.0,0.09898044186738154,0.0019470436959277205,0.0,0.0,0.0,6.553121862746175e-07,0.04593972456290644,0.0017071866892685596,0.00016777549938200084,0.0,0.0,0.005783884667335385,0.0,0.0,0.0,0.0,0.001080839142898468
2018-11-02 21:00:00,0.0,0.0,0.0,0.004271446388744937,0.0,0.0,0.10784915883624109,0.0,0.0,0.0,0.0,7.058618974868386e-07,0.02802650824250563,0.0018093385901195185,0.0001600429024146543,0.0,0.0,0.006230044079203967,0.0,0.0,0.0,0.0,0.001005693192571672
2018-11-02 22:00:00,0.0,0.0,0.0,0.004675352634007675,0.0,0.0,0.09561901717524274,0.0,0.0,0.0,0.0,7.726079134123039e-07,0.0,0.0019618488031804314,0.00014284865134169203,0.0,0.0,0.006819154530989831,0.0,0.0,0.0,0.0,0.0011633684084619068
2018-11-02 23:00:00,0.0,0.0,0.0,0.004848137343083764,0.0,0.0,0.08030983829265266,0.0,0.0,0.0,0.0,7.904786602275788e-07,0.0,0.001993433097265097,0.00014449903034734237,0.0,0.0,0.00697688445065805,0.0,0.0,0.0,0.0,0.0009050766180978209
2018-11-03 00:00:00,0.0,0.0,0.0,0.00470039818591809,0.0,0.0,0.07734222519065545,0.0,0.0,0.0,0.0,7.663900994556615e-07,0.0,0.0019440640900031444,0.00010622417154795343,0.0,0.0,0.006764275162711005,0.0,0.0,0.0,0.0,0.0006461303991610229
2018-11-03 01:00:00,0.0,0.0,0.0,0.004733975796291703,0.0,0.0,0.07586656757891796,0.0,0.0,0.0,0.0,7.718648586432581e-07,0.0,0.0019564103377185905,8.750400941669135e-05,0.0,0.0,0.00681259621698974,0.0,0.0,0.0,0.0,0.0006791629342709471
2018-11-03 02:00:00,0.0,0.0,0.0,0.00475643557250668,0.0,0.0,0.07636301152915467,0.0,0.0,0.0,0.0,7.755268782097526e-07,0.0,0.0019521589430490846,8.812197863464184e-05,0.0,0.0,0.006844917756655499,0.0,0.0,0.0,0.0,0.0007423436677694899
2018-11-03 03:00:00,0.0,0.0,0.0,0.00470214226313925,0.0,0.0,0.07641668188097052,0.0,0.0,0.0,0.0,7.666744676011068e-07,0.0,0.0019157646806382692,0.00010235388640039388,0.0,0.0,0.0067667850390581395,0.0,0.0,0.0,0.0,0.0009145149650999128
2018-11-03 04:00:00,0.0,0.0,0.0,0.004560496916117542,0.0,0.0,0.07336685409496976,0.0,0.0,0.0,0.0,7.435794898358996e-07,0.0,0.0018403666734849583,9.139508843525856e-05,0.0,0.0,0.006562945265303869,0.0,0.0,0.0,0.0,0.001201784860066915
2018-11-03 05:00:00,0.0,0.0,0.0,0.004413907328168957,0.0,0.0,0.0708941757763788,0.0,0.0,0.0,0.0,7.269478423454573e-07,0.0,0.001784939756419133,8.022566173601373e-05,0.0,0.0,0.006416151824059692,0.0,0.0,0.0,0.0,0.0015255024648605437
2018-11-03 06:00:00,0.0,0.0,0.0,0.004293090240494524,0.0,0.0,0.07084853168015431,0.0,0.0,0.0,0.0,7.046772385653053e-07,0.013352579403342535,0.0017642721928457907,8.071642977873973e-05,0.0,0.0,0.0062195881000297795,0.0,0.000260945808955628,0.0,0.0,0.0014528242387816038
2018-11-03 07:00:00,0.0,0.0,0.0,0.004194645654050878,0.0,0.0,0.07155693145611691,0.0,0.0,0.0,0.0,6.83928206257148e-07,0.027780739144646353,0.0016752721260520943,0.0001369157232159264,0.0,0.0,0.006036453996402862,0.0,0.0005065246591835356,0.0,0.0,0.0013143645109943546
2018-11-03 08:00:00,0.0,0.0,0.0,0.004029043761614214,0.0,0.0,0.07046430724453652,0.0,0.0,0.0,0.0,6.658045579418229e-07,0.05528006586838092,0.0016561966410273531,0.00017289945451614205,0.0,0.0,0.0058764919297684725,0.0,0.0007944422534703445,0.0,0.0,0.0008407670634411282
2018-11-03 09:00:00,0.0,0.0,0.0,0.004009488273872124,0.0,0.0,0.0681647395015383,0.0,0.0,0.0,0.0,6.625729889537903e-07,0.05415219737273837,0.001672548046332217,0.00014390337417376786,0.0,0.0,0.005847969612142159,0.0,0.0011449870909476486,0.0,0.0,0.0006220262514637065
2018-11-03 10:00:00,0.0,0.0,0.0,0.0040040875973595185,0.0,0.0,0.06785663601517405,0.0,0.0,0.0,0.0,6.616805203555785e-07,0.016010478380984305,0.0016803481887807173,0.0001338462648589114,0.0,0.0,0.005840092549042478,0.0,0.0014701433439732081,0.0,0.0,0.0005237470808919771
2018-11-03 11:00:00,0.0,0.0,0.0,0.004052145993769016,0.0,0.0,0.06785446221840732,0.0,0.0,0.0,0.0,6.696222309127255e-07,0.013063461316262794,0.0017051089223246378,0.00016469722235541647,0.0,0.0,0.005910187289970504,0.0,0.001597995050513392,0.0,0.0,0.0006828800711862075
2018-11-03 12:00:00,0.0,0.0,0.0,0.004188054842411629,0.0,0.0,0.06996354259325814,0.0,0.0,0.0,0.0,6.897510991873364e-07,0.0,0.0017057035917376424,0.00012428228520718252,0.0,0.0,0.006087847731852701,0.0,0.001546701391854342,0.0,0.0,0.0006983287163144113
2018-11-03 13:00:00,0.0,0.0,0.0,0.004108017630146127,0.0,0.0,0.06623629458345347,0.0,0.0,0.0,0.0,6.765693818475917e-07,0.0,0.0016631206392091603,0.00010341760083142207,0.0,0.0,0.005971503896948722,0.0,0.0012248491050538004,0.0,0.0,0.0005953125621254175
2018-11-03 14:00:00,0.0,0.0,0.0,0.004152783555479286,0.0,0.0,0.06680330973965452,0.0,0.0,0.0,0.0,6.839420995808924e-07,0.011541373975577782,0.0017340909152320047,0.00016580463024767312,0.0,0.0,0.006036576620983736,0.0,0.0008020136688225415,0.0,0.0,0.0004658283027514783
2018-11-03 15:00:00,0.0,0.0,0.0,0.003952310811561638,0.0,0.0,0.06528879669616545,0.0,0.0,0.0,0.0,6.509252694109526e-07,0.04432072866421852,0.0016471577185778144,0.0001989103767276025,0.0,0.0,0.00574516507426804,0.0,0.0004017352713655631,0.0,0.0,0.0005703519027497523
2018-11-03 16:00:00,0.0,0.0,0.0,0.004012012055786789,0.0,0.0,0.06874566392395215,0.0,0.0,0.0,0.0,6.541501798003912e-07,0.06652759053523849,0.0016640643726458927,0.00024445969900978336,0.0,0.0,0.005773628622094064,0.0,0.00014803272284345388,0.0,0.0,0.0007152678761151213
2018-11-03 17:00:00,0.0,0.0,0.0,0.004196881580292915,0.0,0.0,0.0728425305244032,0.0,0.0,0.0,0.0,6.842927693573856e-07,0.06542344311529845,0.0017600507245468728,0.00024275007668682932,0.0,0.0,0.006039671685574383,0.0,0.00011262103523908513,0.0,0.0,0.0007305917353969448
2018-11-03 18:00:00,0.0,0.0,0.0,0.004604605752369403,0.0,0.0,0.07769154961008184,0.0,0.0,0.0,0.0,7.507713433906074e-07,0.017538996951773588,0.0019012508178492355,0.00018868121559883935,0.0,0.0,0.006626421654689012,0.0,0.0,0.0,0.0,0.0007628718253439885
2018-11-03 19:00:00,0.0,0.0,0.0,0.004678887737705321,0.0,0.0,0.07899283370297511,0.0,0.0,0.0,0.0,7.628828658356444e-07,0.0012671045333019191,0.0019302661957088987,0.0002352173045622744,0.0,0.0,0.006733319787266361,0.0,0.0,0.0,0.0,0.0006094700950236707
2018-11-03 20:00:00,0.0,0.0,0.0,0.004726046583442197,0.0,0.0,0.07439288868730404,0.0,0.0,0.0,0.0,7.705720170617633e-07,0.0,0.0019346022788250094,0.00018217101116402084,0.0,0.0,0.006801185401263864,0.0,0.0,0.0,0.0,0.0005078097918691521
2018-11-03 21:00:00,0.0,0.0,0.0,0.004959746133624204,0.0,0.0,0.07697353342186561,0.0,0.0,0.0,0.0,8.08676240240836e-07,0.0,0.0020045708529541533,0.00014856571903294923,0.0,0.0,0.007137499049662593,0.0,0.0,0.0,0.0,0.0004406271006831403
2018-11-03 22:00:00,0.0,0.0,0.0,0.005113821566057733,0.0,0.0,0.07880914719700813,0.0,0.0,0.0,0.0,8.337979174511132e-07,0.0,0.0020121174378038786,0.00016375641859876235,0.0,0.0,0.0073592267798613725,0.0,0.0,0.0,0.0,0.00039599100643085617
2018-11-03 23:00:00,0.0,0.0,0.0,0.005123251845943541,0.0,0.0,0.07479566457026407,0.0,0.0,0.0,0.0,8.353355048753513e-07,0.0,0.002020686890864142,0.0001693012796888883,0.0,0.0,0.007372797759486053,0.0,0.0,0.0,0.0,0.0003229126406869116
2018-11-04 00:00:00,0.0,0.0,0.0,0.005312761701061237,0.0,0.0,0.0500637751267833,0.0,0.0,0.0,0.0,8.662346906393569e-07,0.0,0.0021002454385030764,0.0001335417258502315,0.0,0.0,0.007645518655750124,0.0,0.0,0.0,0.0,0.00027107489865985747
2018-11-04 01:00:00,0.0,0.0,0.0,0.005324276548791126,0.0,0.0,0.04185094846069848,0.0,0.0,0.0,0.0,8.739384186175319e-07,0.0,0.0021045076601969525,0.00011381716529381357,0.0,0.0,0.00771351292637035,0.0,0.0,0.0,0.0,0.00029279053280859815
2018-11-04 02:00:00,0.0,0.0,0.0,0.005320482648268705,0.0,0.0,0.04160628367942884,0.0,0.0,0.0,0.0,8.792164610911155e-07,0.0,0.0021078287130408095,0.00014163614876251248,0.0,0.0,0.007760097729119174,0.0,0.0,0.0,0.0,0.00034958627388312997
2018-11-04 03:00:00,0.0,0.0,0.0,0.0053798303858899575,0.0,0.0,0.04175206341579804,0.0,0.0,0.0,0.0,8.771700995139148e-07,0.0,0.002116782995270067,0.00010013033746525217,0.0,0.0,0.007742036231716721,0.0,0.0,0.0,0.0,0.0003552313698693024
2018-11-04 04:00:00,0.0,0.0,0.0,0.005291087656509485,0.0,0.0,0.041028942861710875,0.0,0.0,0.0,0.0,8.714149323012295e-07,0.0,0.002084737553175309,0.00012625028630096298,0.0,0.0,0.007691240253713267,0.0,0.0,0.0,0.0,0.00036252523876719866
2018-11-04 05:00:00,0.0,0.0,0.0,0.005218282354804225,0.0,0.0,0.04237908006902233,0.0,0.0,0.0,0.0,8.623277338303373e-07,0.0,0.0020506448791067977,0.00012121278224398748,0.0,0.0,0.007611035262862078,0.0,5.322077394074395e-05,0.0,0.0,0.0003428711275056419
2018-11-04 06:00:00,0.0,0.0,0.0,0.004804982154071096,0.0,0.0,0.07172603742266734,0.0,0.0,0.0,0.0,7.940293549276124e-07,0.0,0.0019679190349918933,0.00011493485943192243,0.0,0.0,0.00700822342018136,0.0,0.0005227260141658283,0.0,0.0,0.0003361779348127396
2018-11-04 07:00:00,0.0,0.0,0.0,0.004744777793510621,0.0,0.0,0.07734810388846036,0.0,0.0,0.0,0.0,7.814405067792933e-07,0.0,0.0019445208506804828,0.00012292186251878937,0.0,0.0,0.006897112338609067,0.0,0.0010610294351123383,0.0,0.0,0.00039414070847345635
2018-11-04 08:00:00,0.0,0.0,0.0,0.004620370742260383,0.0,0.0,0.07591048496789099,0.0,0.0,0.0,0.0,7.635220865274291e-07,0.0,0.0018815714017696636,0.0001199036036023056,0.0,0.0,0.006738961645964694,0.0,0.0017592485603892527,0.0,0.0,0.0005678162015070067
2018-11-04 09:00:00,0.0,0.0,0.0,0.004694732121569317,0.0,0.0,0.07669329071375482,0.0,0.0,0.0,0.0,7.758103981487685e-07,0.0,0.0018845079319860555,0.00012183335385092475,0.0,0.0,0.0068474201466041445,0.0,0.002633462372889749,0.0,0.0,0.0008254451973835702
2018-11-04 10:00:00,0.0,0.0,0.0,0.004569514351410907,0.0,0.0,0.07339458043961743,0.0,0.0,0.0,0.0,7.551180038637833e-07,0.013877918112949727,0.0017908450895983959,0.0002514845831476417,0.0,0.0,0.006664785938753124,0.0,0.003650650561386944,0.0,0.0,0.0009563306474008977
2018-11-04 11:00:00,0.0,0.0,0.0,0.00429832172562122,0.0,0.0,0.06933343966352902,0.0,0.0,0.0,0.0,7.103030807668342e-07,0.047142035352739975,0.0016597714233958006,0.0003137407493939354,0.0,0.0,0.006269242635885817,0.0,0.003565505427041341,0.0,0.0,0.0008577334522181381
2018-11-04 12:00:00,0.0,0.0,0.0,0.004813980427374249,0.0,0.0,0.0781012605770841,0.0,0.0,0.0,0.0,7.955163309282017e-07,0.004089014693323781,0.0018794023025129425,0.0001559259204566912,0.0,0.0,0.007021347695710855,0.0,0.003551373997887321,0.0,0.0,0.0011275729148881033
2018-11-04 13:00:00,0.0,0.0,0.0,0.004744439472624158,0.0,0.0,0.07701246332394683,0.0,0.0,0.0,0.0,7.84024600538635e-07,0.002881835578825315,0.0018817264289869423,0.00012845421904795573,0.0,0.0,0.006919919941743355,0.0,0.0025645690180078297,0.0,0.0,0.0014028161765498731
2018-11-04 14:00:00,0.0,0.0,0.0,0.00467323739178997,0.0,0.0,0.07674022618458831,0.0,0.0,0.0,0.0,7.722583669707592e-07,0.0,0.0018725274534428633,0.00010208956964360929,0.0,0.0,0.0068160693811236805,0.0,0.0014616319469262053,0.0,0.0,0.0017911748305847568
2018-11-04 15:00:00,0.0,0.0,0.0,0.004520539345395734,0.0,0.0,0.07479624667108312,0.0,0.0,0.0,0.0,7.470248224144299e-07,0.007973201524488204,0.0018376089950823105,0.0001183873347851305,0.0,0.0,0.006593354292775368,0.0,0.0006454638149621545,0.0,0.0,0.0021121806474883103
2018-11-04 16:00:00,0.0,0.0,0.0,0.0041692106337923125,0.0,0.0,0.07014389687656081,0.0,0.0,0.0,0.0,6.889673101704653e-07,0.03413368748177079,0.0017187190448809113,0.00013873528757057788,0.0,0.0,0.006080929891208107,0.0,0.00019843315110981794,0.0,0.0,0.002117970456371945
2018-11-04 17:00:00,0.0,0.0,0.0,0.0038054838691549825,0.0,0.0,0.0659285022148628,0.0,0.0,0.0,0.0,6.267436269239145e-07,0.06032169891658091,0.0015596307099624378,0.00018357162253656014,0.0,0.0,0.005531734232996985,0.0,0.0001031495863385428,0.0,0.0,0.002325869077581441
2018-11-04 18:00:00,0.0,0.0,0.0,0.0042728870502615965,0.0,0.0,0.07212480672855172,0.0,0.0,0.0,0.0,6.990153535478654e-07,0.011534672926068407,0.0017063412461496216,0.0001530978627563172,0.0,0.0,0.006169615444818293,0.0,0.0,0.0,0.0,0.002470544916581611
2018-11-04 19:00:00,0.0,0.0,0.0,0.004392322140537533,0.0,0.0,0.0738428333374194,0.0,0.0,0.0,0.0,7.2583676776621e-07,0.010393609494302196,0.0017748388231744875,0.00014986101814176312,0.0,0.0,0.006406345311442085,0.0,0.0,0.0,0.0,0.0022927729955367197
2018-11-04 20:00:00,0.0,0.0,0.0,0.004421643389361374,0.0,0.0,0.07488695039435223,0.0,0.0,0.0,0.0,7.306821410772307e-07,0.0005026832586412472,0.001778757328921585,0.00014522443059219003,0.0,0.0,0.0064491113105919675,0.0,0.0,0.0,0.0,0.0021789552834503723
2018-11-04 21:00:00,0.0,0.0,0.0,0.004404918357226605,0.0,0.0,0.07378920029317271,0.0,0.0,0.0,0.0,7.279183084444994e-07,0.0,0.001712308445230714,0.00012792325264740484,0.0,0.0,0.006424717304922069,0.0,0.0,0.0,0.0,0.0025619776764637067
2018-11-04 22:00:00,0.0,0.0,0.0,0.004430333172341343,0.0,0.0,0.06917498814242438,0.0,0.0,0.0,0.0,7.223565634810598e-07,0.0,0.0016935183522519424,0.00011683929124286134,0.0,0.0,0.006375628501003219,0.0,0.0,0.0,0.0,0.0026354821790101545
2018-11-04 23:00:00,0.0,0.0,0.0,0.004336263513292248,0.0,0.0,0.06495954002115216,0.0,0.0,0.0,0.0,7.070187021972258e-07,0.0,0.0016797186915577353,0.00012508243008861782,0.0,0.0,0.0062402542128893275,0.0,0.0,0.0,0.0,0.0023634779595871564
2018-11-05 00:00:00,0.0,0.0,0.0,0.004524950626965055,0.0,0.0,0.04265854043769268,0.003924284301249461,0.0,0.0,0.0,7.377837416883343e-07,0.0,0.0017479414729418613,0.0001286922790478759,0.0,0.0,0.006511791113819201,0.0,0.0,0.0,0.0,0.0022272949846478336
2018-11-05 01:00:00,0.0,0.0,0.0,0.0045939909548642415,0.0,0.0,0.03588692670389612,0.014259186970059037,0.0,0.0,0.0,7.591627934233873e-07,0.0,0.001786201490908552,0.0001148512865196043,0.0,0.0,0.006700485864386108,0.0,0.0,0.0,0.0,0.0020654474965155017
2018-11-05 02:00:00,0.0,0.0,0.0,0.0047163474757967935,0.0,0.0,0.0363626095458778,0.01724612747898321,0.0,0.0,0.0,7.793823626688102e-07,0.0,0.0018475110039851937,0.00012433059324796266,0.0,0.0,0.0068789468467822445,0.0,0.0,0.0,0.0,0.001893779082275408
2018-11-05 03:00:00,0.0,0.0,0.0,0.004771518051438513,0.0,0.0,0.042051888438410324,0.0206425481525499,0.0,0.0,0.0,7.884993698049685e-07,0.0,0.0018635095034004814,0.00011908332064990753,0.0,0.0,0.006959414933430515,0.0,0.0,0.0,0.0,0.001587901222489839
2018-11-05 04:00:00,0.0,0.0,0.0,0.004500414934869182,0.0,0.0,0.07193877529018003,0.019392440745553213,0.0,0.0,0.0,7.436992382194589e-07,0.0013010237042674162,0.0017341927272183284,0.00018126369643280658,0.0,0.0,0.006564002182684796,0.0,0.0,0.0,0.0,0.0012430482762555881
2018-11-05 05:00:00,0.0,0.0,0.0,0.0038103420117198126,0.0,0.0,0.07914717164185892,0.01847288967649048,0.0,0.0,0.0,6.29663818221685e-07,0.04986592552344905,0.001474128983005497,0.0003110557829041046,0.0,0.0,0.005557508283940366,0.0,0.0,0.0,0.0,0.0012077617408670232
2018-11-05 06:00:00,0.0,0.0,0.0,0.0034322303803039494,0.0,0.0,0.08606253277606683,0.03467083123713608,0.0,0.0,0.0,5.652706964351966e-07,0.08993824130330393,0.0013450673355376473,0.00036675905461260895,0.0,0.0,0.0049891648324016016,0.0,0.0003023551688534745,0.0,0.0,0.0011799791604772088
2018-11-05 07:00:00,0.0,0.0,0.0,0.0033850790189685447,0.0,0.0,0.08706949720792775,0.040662311354870403,0.0,0.0,0.0,5.537759784890388e-07,0.09237631332720969,0.0013053114499215442,0.0003249060484019354,0.0,0.0,0.004887710709806869,0.0,0.0006379838973394207,0.0,0.0,0.001141713000467966
2018-11-05 08:00:00,0.0,0.0,0.0,0.003797055482495672,0.0,0.0,0.09923191113030477,0.046008151426754525,0.0,0.0,0.0,6.274682025272265e-07,0.0512954118553511,0.0014578212513936758,0.0003256420022574495,0.0,0.0,0.005538129447079826,0.0,0.001200500231639982,0.0,0.0,0.0010141239723234427
2018-11-05 09:00:00,0.0,0.0,0.0,0.0037577559950020575,0.0,0.0,0.09791599530732488,0.051092829254008966,0.0,0.0,0.0,6.20973912704089e-07,0.05487180299507529,0.0014482317893325617,0.0002536599918354406,0.0,0.0,0.005480809860903941,0.0,0.0017374000963138552,0.0,0.0,0.0009441874282401126
2018-11-05 10:00:00,0.0,0.0,0.0,0.0035845857716472213,0.0,0.0,0.09190679198958356,0.05055982809660075,0.0,0.0,0.0,5.923573151113988e-07,0.06263593465855719,0.0013756810118154285,0.0001988278640389337,0.0,0.0,0.005228235433761658,0.0,0.0022544627375938042,0.0,0.0,0.0012648719326048825
2018-11-05 11:00:00,0.0,0.0,0.0,0.003294858351749747,0.0,0.0,0.08310242985420334,0.04647328379885989,0.0,0.0,0.0,5.444794939354933e-07,0.08328573946927921,0.0012691228856319845,0.0003193805062454505,0.0,0.0,0.004805658528273289,0.0,0.0021618542666856826,0.0,0.0,0.001599628840411166
2018-11-05 12:00:00,0.0,0.0,0.0,0.0032299517426174137,0.0,0.0,0.08108287023176532,0.045602152510424335,0.0,0.0,0.0,5.337535949982373e-07,0.07471541126810537,0.001247180310619288,0.0002727488890070907,0.0,0.0,0.0047109901187641365,0.0,0.0018886732845157974,0.0,0.0,0.001860910979783162
2018-11-05 13:00:00,0.0,0.0,0.0,0.0034778661343426802,0.0,0.0,0.08693063792403796,0.048899335538530465,0.0,0.0,0.0,5.747217605869689e-07,0.04498386785853828,0.001371597760762243,0.000179606952381557,0.0,0.0,0.005072581356895366,0.0,0.001513405081570979,0.0,0.0,0.00196777480560116
2018-11-05 14:00:00,0.0,0.0,0.0,0.003514247533858913,0.0,0.0,0.09003764652988452,0.049603922696347266,0.0,0.0,0.0,5.807338326952415e-07,0.05034575142412986,0.0014397421417027617,0.00021353057277924965,0.0,0.0,0.005125644816440706,0.0,0.0009199313736976517,0.0,0.0,0.002048223965607245
2018-11-05 15:00:00,0.0,0.0,0.0,0.0034017307980550395,0.0,0.0,0.08923975979406268,0.04793397860236171,0.0,0.0,0.0,5.621403003398269e-07,0.040148357058098195,0.0014331766729571136,0.000180085359605921,0.0,0.0,0.004961535482058484,0.0,0.0004047625682510689,0.0,0.0,0.002533150222396051
2018-11-05 16:00:00,0.0,0.0,0.0,0.003090571535859348,0.0,0.0,0.08105350960321019,0.04341336140844906,0.0,0.0,0.0,5.090012414327789e-07,0.08590786240126934,0.0012800224392725342,0.00020925168902786464,0.0,0.0,0.0044925220950248,0.0,0.0001151858426806282,0.0,0.0,0.002580403296206185
2018-11-05 17:00:00,0.0,0.0,0.0,0.002999316702594848,0.0,0.0,0.07717890543772878,0.04171018670578121,0.0,0.0,0.0,4.890323191952549e-07,0.10845280490858732,0.0012503542118683228,0.00025239009277383827,0.0,0.0,0.004316273361105442,0.0,8.048503289733892e-05,0.0,0.0,0.0024161555132843496
2018-11-05 18:00:00,0.0,0.0,0.0,0.0034268701828507357,0.0,0.0,0.08822292751335886,0.047423801045837946,0.0,0.0,0.0,5.58744020479967e-07,0.05788453925335495,0.0014429513101521286,0.00019046778954807565,0.0,0.0,0.004931559401315814,0.0,0.0,0.0,0.0,0.0026289271311618107
2018-11-05 19:00:00,0.0,0.0,0.0,0.003829972150102325,0.0,0.0,0.09467506659569758,0.0454119662815789,0.0,0.0,0.0,6.244689536778078e-07,0.0030932091794268184,0.0016099203194810375,0.00015187678584222518,0.0,0.0,0.00551165762220458,0.0,0.0,0.0,0.0,0.002919774953911519
2018-11-05 20:00:00,0.0,0.0,0.0,0.0037461652206170876,0.0,0.0,0.08133034768384957,0.042641537101560385,0.0,0.0,0.0,6.108044089982341e-07,0.0,0.0015282389211491454,0.00014687621756080568,0.0,0.0,0.005391052280027738,0.0,0.0,0.0,0.0,0.0031909453399705336
2018-11-05 21:00:00,0.0,0.0,0.0,0.00391145425218791,0.0,0.0,0.06389660172411486,0.04375460181235921,0.0,0.0,0.0,6.420346712508881e-07,0.0,0.0015753300833254752,0.00014708222040220174,0.0,0.0,0.005666695307554609,0.0,0.0,0.0,0.0,0.0034226449490129566
2018-11-05 22:00:00,0.0,0.0,0.0,0.0038738099541878825,0.0,0.0,0.06139941404660268,0.03978239477459872,0.0,0.0,0.0,6.401519756800443e-07,0.0,0.0015409770312055347,8.127742106048323e-05,0.0,0.0,0.005650078351127523,0.0,0.0,0.0,0.0,0.0034479600283221284
2018-11-05 23:00:00,0.0,0.0,0.0,0.003928149623190086,0.0,0.0,0.04502007750285505,0.03941665264293247,0.0,0.0,0.0,6.404765854545053e-07,0.0,0.0015158466080262129,7.654504137050867e-05,0.0,0.0,0.0056529434061908905,0.0,0.0,0.0,0.0,0.0037326646900691547
2018-11-06 00:00:00,0.0,0.0,0.0,0.004014676785309736,0.0,0.0,0.031321901606580285,0.04028490141668441,0.0,0.0,0.0,6.545846583792977e-07,0.0,0.0015574202936003338,8.285310623694596e-05,0.0,0.0,0.0057774633958758695,0.0,0.0,0.0,0.0,0.0038052461798059904
2018-11-06 01:00:00,0.0,0.0,0.0,0.004056972195365205,0.0,0.0,0.030457794024726363,0.040982527632400005,0.0,0.0,0.0,6.65920305285002e-07,0.0,0.0015639245539353674,7.131382463200779e-05,0.0,0.0,0.005877513533360653,0.0,0.0,0.0,0.0,0.003736302502574886
2018-11-06 02:00:00,0.0,0.0,0.0,0.0042288857465271334,0.0,0.0,0.031892668872809934,0.043080397915020135,0.0,0.0,0.0,6.988286977366845e-07,0.0,0.0016171846802229288,7.492938797226854e-05,0.0,0.0,0.006167967992341489,0.0,0.0,0.0,0.0,0.0035453144023006016
2018-11-06 03:00:00,0.0,0.0,0.0,0.004205870320833398,0.0,0.0,0.03360651293837982,0.04278816891855537,0.0,0.0,0.0,6.950253696428438e-07,0.0,0.00160524542361609,8.824446656775414e-05,0.0,0.0,0.006134399242198344,0.0,0.0,0.0,0.0,0.0035695187795917725
2018-11-06 04:00:00,0.0,0.0,0.0,0.00400685081337823,0.0,0.0,0.05351861944354509,0.04138254739354192,0.0,0.0,0.0,6.621371452841444e-07,0.0,0.0015260095750206876,0.00010363577348734968,0.0,0.0,0.005844122789862612,0.0,0.0,0.0,0.0,0.0034591162195948414
2018-11-06 05:00:00,0.0,0.0,0.0,0.004036024894671434,0.0,0.0,0.06375200767357729,0.048207243456300224,0.0,0.0,0.0,6.602663106912725e-07,0.009487119938084777,0.0015421620763428638,0.00014944582438744937,0.0,0.0,0.005827610520224615,0.0,1.3583344507894873e-05,0.0,0.0,0.003065272092420653
2018-11-06 06:00:00,0.0,0.0,0.0,0.0036942393698051502,0.0,0.0,0.07260755215180857,0.05146177925715591,0.0,0.0,0.0,6.023380075586062e-07,0.028752543650880154,0.0014750520978237646,0.0002379351494379057,0.0,0.0,0.005316326537855062,0.0,0.00040892323239080793,0.0,0.0,0.0029072191178996835
2018-11-06 07:00:00,0.0,0.0,0.0,0.003228494633239131,0.0,0.0,0.07330792868478697,0.04533475260388227,0.0,0.0,0.0,5.263993017597776e-07,0.07080431433748052,0.0012763826022174519,0.00023106505134134366,0.0,0.0,0.004646080012112785,0.0,0.0008013728070123591,0.0,0.0,0.002476743115804904
2018-11-06 08:00:00,0.0,0.0,0.0,0.0031721101742318803,0.0,0.0,0.08239878311969755,0.045134038318732236,0.0,0.0,0.0,5.241952029458852e-07,0.0589265536707773,0.0012459169408447334,0.00015805926513083897,0.0,0.0,0.004626626301954522,0.0,0.0012725141689848233,0.0,0.0,0.0022811052549685834
2018-11-06 09:00:00,0.0,0.0,0.0,0.0032166205223482683,0.0,0.0,0.0829468437750467,0.04486172311915111,0.0,0.0,0.0,5.31550594052284e-07,0.03975549393487659,0.0012511700975031505,0.00014470812899764775,0.0,0.0,0.004691546098554682,0.0,0.0018152659986265575,0.0,0.0,0.0023855203165841247
2018-11-06 10:00:00,0.0,0.0,0.0,0.003168848582414815,0.0,0.0,0.07912104088289128,0.037362674885764086,0.0,0.0,0.0,5.236562207887202e-07,0.04240737277374061,0.001210947987472209,0.00011825137483317279,0.0,0.0,0.004621869163753695,0.0,0.002445455145837822,0.0,0.0,0.00255059155538026
2018-11-06 11:00:00,0.0,0.0,0.0,0.0033551575376895813,0.0,0.0,0.0810961566410349,0.0383613021283942,0.0,0.0,0.0,5.544440103851331e-07,0.02207434546143477,0.0012693883597316722,0.00010932680295353774,0.0,0.0,0.004893606860560721,0.0,0.002748921360108729,0.0,0.0,0.0026760559794822437
2018-11-06 12:00:00,0.0,0.0,0.0,0.0033930947555280444,0.0,0.0,0.08221050079932965,0.039121261808730025,0.0,0.0,0.0,5.607131834313848e-07,0.02776302658576771,0.001275173769362171,0.00012566639919545255,0.0,0.0,0.004948939531947808,0.0,0.0025492980756887875,0.0,0.0,0.002780629777041611
2018-11-06 13:00:00,0.0,0.0,0.0,0.0033021249223858964,0.0,0.0,0.07995153547478727,0.04123566518328314,0.0,0.0,0.0,5.45680303888527e-07,0.05080350772004893,0.001254535271842007,0.00015725970557318967,0.0,0.0,0.004816257058899156,0.0,0.0018186154239538937,0.0,0.0,0.002744250701503152
2018-11-06 14:00:00,0.0,0.0,0.0,0.003299587146196025,0.0,0.0,0.08137765784455143,0.046687262953837384,0.0,0.0,0.0,5.452609331757165e-07,0.05734514764053877,0.0012782344203806802,0.00018829569698128963,0.0,0.0,0.0048125556294330825,0.0,0.0010320002131755455,0.0,0.0,0.00268191893677912
2018-11-06 15:00:00,0.0,0.0,0.0,0.0032064565891442437,0.0,0.0,0.08065359200454976,0.04639079151305142,0.0,0.0,0.0,5.280869138726872e-07,0.050893834454235065,0.0012955126270807378,0.00020687824592567522,0.0,0.0,0.004660975132375628,0.0,0.000423699147205638,0.0,0.0,0.003044612103863809
2018-11-06 16:00:00,0.0,0.0,0.0,0.002852818656633392,0.0,0.0,0.07263962950106123,0.04162859515224014,0.0,0.0,0.0,4.6670179164985157e-07,0.08649738933770729,0.0011608857176133786,0.0004755060210255035,0.0,0.0,0.004119180740842092,0.0,0.00011521480558584864,0.0,0.0,0.003194137915708466
2018-11-06 17:00:00,0.0,0.0,0.0,0.002802466756817174,0.0,0.0,0.07026946839775963,0.04808687622241351,0.0,0.0,0.0,4.5693634699137535e-07,0.0878355341120542,0.0011646814283042136,0.00046047777410743716,0.0,0.0,0.004032989446352411,0.0,7.5202671635506e-05,0.0,0.0,0.002979264575541047
2018-11-06 18:00:00,0.0,0.0,0.0,0.002971811449799582,0.0,0.0,0.0754172408463397,0.04875760403662345,0.0,0.0,0.0,4.845476452183844e-07,0.07637082679943234,0.001217475515006379,0.0003209102129699582,0.0,0.0,0.0042766909489420435,0.0,0.0,0.0,0.0,0.0030165803735286213
2018-11-06 19:00:00,0.0,0.0,0.0,0.003587226084291735,0.0,0.0,0.0801151641322805,0.049958901267743154,0.0,0.0,0.0,5.848897150344944e-07,0.011157513543174164,0.0014499436537177377,0.00016404722292162846,0.0,0.0,0.005162325263782766,0.0,0.0,0.0,0.0,0.0034216271867492094
2018-11-06 20:00:00,0.0,0.0,0.0,0.003753923374322371,0.0,0.0,0.06400012978113433,0.04491720868162096,0.0,0.0,0.0,6.120693597438107e-07,0.006466614808988997,0.0014883084415921934,8.00328423251797e-05,0.0,0.0,0.0054022169270089996,0.0,0.0,0.0,0.0,0.0031434724104257594
2018-11-06 21:00:00,0.0,0.0,0.0,0.003879668947453637,0.0,0.0,0.062096155331532565,0.04008897618892111,0.0,0.0,0.0,6.346875377356269e-07,0.008595617613237539,0.0015344352916773565,6.116388209872764e-05,0.0,0.0,0.00560184839370525,0.0,0.0,0.0,0.0,0.002974563062976685
2018-11-06 22:00:00,0.0,0.0,0.0,0.004148099291645852,0.0,0.0,0.043538231349730984,0.04188710707876313,0.0,0.0,0.0,6.854786342818342e-07,0.0,0.0016220575524801089,8.586714977184095e-05,0.0,0.0,0.006050138309113066,0.0,0.0,0.0,0.0,0.0031949379989051536
2018-11-06 23:00:00,0.0,0.0,0.0,0.004311751342160372,0.0,0.0,0.035292445071234864,0.043075975093149275,0.0,0.0,0.0,7.030220439294405e-07,0.0,0.001600704686680534,7.381627174982445e-05,0.0,0.0,0.006204979101332139,0.0,0.0,0.0,0.0,0.0033931764238166865
2018-11-07 00:00:00,0.0,0.0,0.0,0.004267213884993055,0.0,0.0,0.03348249120954662,0.04273009671309171,0.0,0.0,0.0,6.980872621709395e-07,0.0,0.0015928626064180124,4.354072951745425e-05,0.0,0.0,0.00616142396967512,0.0,0.0,0.0,0.0,0.003636645429037805
2018-11-07 01:00:00,0.0,0.0,0.0,0.004218273216280849,0.0,0.0,0.03289934515596565,0.04269709784464934,0.0,0.0,0.0,6.970749637423829e-07,0.0,0.0015886768001246072,5.933733880243345e-05,0.0,0.0,0.006152489270332838,0.0,0.0,0.0,0.0,0.003485090505639063
2018-11-07 02:00:00,0.0,0.0,0.0,0.004196719137843618,0.0,0.0,0.032862025079417934,0.04263743316163304,0.0,0.0,0.0,6.935131251238831e-07,0.0,0.0015690590807000055,6.610736150965931e-05,0.0,0.0,0.006121051942896307,0.0,0.0,0.0,0.0,0.003658774817874318
2018-11-07 03:00:00,0.0,0.0,0.0,0.004055489437135933,0.0,0.0,0.03296942674364702,0.041105111987412096,0.0,0.0,0.0,6.701747391416311e-07,0.0,0.001518700135483222,7.229522342313419e-05,0.0,0.0,0.005915063811330364,0.0,0.0,0.0,0.0,0.0036047327817813075
2018-11-07 04:00:00,0.0,0.0,0.0,0.0037755275959716643,0.0,0.0,0.05215455987677569,0.03825454646685302,0.0,0.0,0.0,6.239106921553868e-07,0.0,0.0014159725759324518,8.614973422167209e-05,0.0,0.0,0.005506730321404255,0.0,0.0,0.0,0.0,0.0034914097666760915
2018-11-07 05:00:00,0.0,0.0,0.0,0.0036671747503246926,0.0,0.0,0.05599860802710743,0.04531579829502856,0.0,0.0,0.0,6.060052478946331e-07,0.0,0.0013708112599644564,9.683117054289316e-05,0.0,0.0,0.00534869415682391,0.0,0.0,0.0,0.0,0.0033287410702327654
2018-11-07 06:00:00,0.0,0.0,0.0,0.003502163650509456,0.0,0.0,0.05692769222255708,0.048230892083217056,0.0,0.0,0.0,5.787369557468306e-07,0.010687493670022736,0.0013774119537488432,0.00019069941376741588,0.0,0.0,0.005108020077871251,0.0,0.0003690884768526265,0.0,0.0,0.003080947618577976
2018-11-07 07:00:00,0.0,0.0,0.0,0.003412415321386214,0.0,0.0,0.056674060230602036,0.046830870953272395,0.0,0.0,0.0,5.639059312821133e-07,0.038611828610159674,0.001335112746060202,0.00019702019199638833,0.0,0.0,0.004977119208333008,0.0,0.0008236687487368352,0.0,0.0,0.0027694740385543447
2018-11-07 08:00:00,0.0,0.0,0.0,0.0033157323367751096,0.0,0.0,0.055543652843436396,0.045538177561226884,0.0,0.0,0.0,5.479289462608083e-07,0.040878138488444835,0.001275736082142432,0.00017667899852532722,0.0,0.0,0.004836103917254249,0.0,0.0013414014847718378,0.0,0.0,0.0024085927630775657
2018-11-07 09:00:00,0.0,0.0,0.0,0.003416328969615111,0.0,0.0,0.05515626709040674,0.046896307659078255,0.0,0.0,0.0,5.645526665828826e-07,0.007013251790788522,0.0012875815244928186,0.00016070540651672388,0.0,0.0,0.0049828273921090635,0.0,0.00199765500236259,0.0,0.0,0.0021075467850936946
2018-11-07 10:00:00,0.0,0.0,0.0,0.0033420127054413764,0.0,0.0,0.05510208462206273,0.045899111428362525,0.0,0.0,0.0,5.522718102944769e-07,0.01127346070007061,0.001236797528551378,0.00016457535147566224,0.0,0.0,0.004874434693367929,0.0,0.002738151639242799,0.0,0.0,0.002134897267005811
2018-11-07 11:00:00,0.0,0.0,0.0,0.0032871347273012363,0.0,0.0,0.054525078546574235,0.04510027404207566,0.0,0.0,0.0,5.432031552641085e-07,0.013095670117114155,0.0011926727969963492,0.00014660188880251341,0.0,0.0,0.004794393369733027,0.0,0.0028161151038839562,0.0,0.0,0.00259380346563174
2018-11-07 12:00:00,0.0,0.0,0.0,0.0033149033688331746,0.0,0.0,0.05538513713158772,0.045560936243137444,0.0,0.0,0.0,5.477919582639575e-07,0.012307214760257206,0.0012109757078303301,0.000136737982749503,0.0,0.0,0.004834894840433781,0.0,0.0025468986822479796,0.0,0.0,0.0027145354552390133
2018-11-07 13:00:00,0.0,0.0,0.0,0.003286585189306551,0.0,0.0,0.05606595863688193,0.04610833635667909,0.0,0.0,0.0,5.431123434181046e-07,0.02827935867429939,0.001202846841993711,0.00014267149052476217,0.0,0.0,0.004793591850617838,0.0,0.0018100570565612378,0.0,0.0,0.002905294043272313
2018-11-07 14:00:00,0.0,0.0,0.0,0.0031814026171520246,0.0,0.0,0.054998700761932195,0.051700092167118766,0.0,0.0,0.0,5.257307908463175e-07,0.048749841376464674,0.001207027556732874,0.0001908316856103884,0.0,0.0,0.004640179633479069,0.0,0.0009517736184112405,0.0,0.0,0.002926509988374391
2018-11-07 15:00:00,0.0,0.0,0.0,0.0030856498994347526,0.0,0.0,0.053599797238345716,0.05136241545006659,0.0,0.0,0.0,5.099075336012946e-07,0.054614270940590806,0.0012044319784879824,0.00029236718609755677,0.0,0.0,0.004500521167050919,0.0,0.0003986232285202959,0.0,0.0,0.0028891151688338313
2018-11-07 16:00:00,0.0,0.0,0.0,0.0027085150446937807,0.0,0.0,0.04696211738204027,0.04420949856984667,0.0,0.0,0.0,4.4458159400058206e-07,0.11634773254057829,0.0010729780493997068,0.0005381326587804014,0.0,0.0,0.0039239445241171025,0.0,0.00010060782052535904,0.0,0.0,0.0024649678353252176
2018-11-07 17:00:00,0.0,0.0,0.0,0.0028360900505066877,0.0,0.0,0.04900324342181795,0.04616576693002258,0.0,0.0,0.0,4.6241855474814225e-07,0.10870870353505692,0.001137906496502438,0.0004634629406754915,0.0,0.0,0.00408137624283146,0.0,3.805246721984471e-05,0.0,0.0,0.0027102735177126813
2018-11-07 18:00:00,0.0,0.0,0.0,0.0032086038841253484,0.0,0.0,0.054265695831125865,0.052669268442447605,0.0,0.0,0.0,5.284405623155149e-07,0.05191988626779498,0.0012714683203728894,0.00018442182337818905,0.0,0.0,0.004664096487126753,0.0,0.0,0.0,0.0,0.0032956748528341186
2018-11-07 19:00:00,0.0,0.0,0.0,0.003316723803212475,0.0,0.0,0.03202139515224206,0.04757884779200485,0.0,0.0,0.0,5.480927873387666e-07,0.03389843897119419,0.0014517990073919889,0.00013760142053551472,0.0,0.0,0.004837550003438102,0.0,0.0,0.0,0.0,0.0030933641497500387
2018-11-07 20:00:00,0.0,0.0,0.0,0.0035032533532527903,0.0,0.0,0.013288946628277168,0.04126234249447425,0.0,0.0,0.0,5.769678149072191e-07,0.009600115154169007,0.0016611758368937277,0.0001407012725472382,0.0,0.0,0.005092405372711017,0.0,0.0,0.0,0.0,0.0031777372670141277
2018-11-07 21:00:00,0.0,0.0,0.0,0.003704204177925847,0.0,0.0,0.02500433882048269,0.041398429995333164,0.0,0.0,0.0,6.039627486942737e-07,0.009022390707190613,0.001665803939342937,0.0002065929534932762,0.0,0.0,0.005330666749344792,0.0,0.0,0.0,0.0,0.0029506376656894965
2018-11-07 22:00:00,0.0,0.0,0.0,0.003878213187029645,0.0,0.0,0.047142771992141105,0.039572483826681194,0.0,0.0,0.0,6.323345539155356e-07,0.009172784254548889,0.0016668702734244903,0.0001724760640779656,0.0,0.0,0.0055810806019190445,0.0,0.0,0.0,0.0,0.0028471357703331542
2018-11-07 23:00:00,0.0,0.0,0.0,0.003974413267926981,0.0,0.0,0.09863664507462766,0.0397866300384145,0.0,0.0,0.0,6.480197760287238e-07,0.0006559842035845406,0.0012953264042866034,0.00022403573801607228,0.0,0.0,0.005719520749354669,0.0,0.0,0.0,0.0,0.0027746153245454324
2018-11-08 00:00:00,0.0,0.0,0.0,0.0041754720239003985,0.0,0.0,0.09046242580930781,0.04195496233548513,0.0,0.0,0.0,6.808019859377768e-07,0.0,0.0013625689055716114,0.00021222407805121675,0.0,0.0,0.00600886150209154,0.0,0.0,0.0,0.0,0.0024813659287701646
2018-11-08 01:00:00,0.0,0.0,0.0,0.004303934915849615,0.0,0.0,0.09231923131541107,0.043172853880942094,0.0,0.0,0.0,7.017475919573426e-07,0.0,0.0013850548377757285,0.00019682299191353168,0.0,0.0,0.006193730595085707,0.0,0.0,0.0,0.0,0.0021262560992397622
2018-11-08 02:00:00,0.0,0.0,0.0,0.0043847159155328275,0.0,0.0,0.09501370794176173,0.04401287524250168,0.0,0.0,0.0,7.149187651074856e-07,0.0,0.001412602772258876,0.00026165388485192137,0.0,0.0,0.006309981365374308,0.0,0.0,0.0,0.0,0.0016292290745284056
2018-11-08 03:00:00,0.0,0.0,0.0,0.004539517502165084,0.0,0.0,0.10545892636912248,0.04542833536987078,0.0,0.0,0.0,7.401588402420598e-07,0.0,0.0014672938905425452,0.00022975937212357957,0.0,0.0,0.006532754093595908,0.0,0.0,0.0,0.0,0.00119898130994553
2018-11-08 04:00:00,0.0,0.0,0.0,0.0042580198625915035,0.0,0.0,0.13268095180494252,0.04364989647472886,0.0,0.0,0.0,6.942612384951151e-07,0.009736767907918501,0.0013661803117743085,0.00022676860749468053,0.0,0.0,0.006127654904885914,0.0,0.0,0.0,0.0,0.0005367561381997676
2018-11-08 05:00:00,0.0,0.0,0.0,0.003874806534271134,0.0,0.0,0.12331342933157696,0.051889976111288864,0.0,0.0,0.0,6.317791063038358e-07,0.02162031066991602,0.0012791534509020853,0.0003685233923811404,0.0,0.0,0.005576178137121188,0.0,0.0,0.0,0.0,0.00025818026612226723
2018-11-08 06:00:00,0.0,0.0,0.0,0.00354867942220223,0.0,0.0,0.1213146997037733,0.04820785268232369,0.0,0.0,0.0,5.786047623509189e-07,0.07500008735250616,0.001203239630841896,0.0006766769425471242,0.0,0.0,0.005106853318925285,0.0,0.00023806720693329657,0.0,0.0,0.0001235505843008897
2018-11-08 07:00:00,0.0,0.0,0.0,0.003111093497454493,0.0,0.0,0.09442975621749405,0.04806008694842748,0.0,0.0,0.0,5.072572919615966e-07,0.12369167586607926,0.0010420973992841288,0.0006655999449628154,0.0,0.0,0.0044771297327000255,0.0,0.0005113425772677628,0.0,0.0,0.00011391815432971721
2018-11-08 08:00:00,0.0,0.0,0.0,0.0031776702066532727,0.0,0.0,0.08940255253957262,0.051435338561185436,0.0,0.0,0.0,5.181124852380183e-07,0.10859796968013177,0.001064398051953587,0.0006160934917833114,0.0,0.0,0.004572939313640959,0.0,0.0008633694035522939,0.0,0.0,0.00010491112725997015
2018-11-08 09:00:00,0.0,0.0,0.0,0.00345510881113531,0.0,0.0,0.09995622108490151,0.05565688508047679,0.0,0.0,0.0,5.633482697974702e-07,0.06250845946655074,0.0011851096116788844,0.000402637457011342,0.0,0.0,0.004972197203557045,0.0,0.001390739494536508,0.0,0.0,0.000188735311959078
2018-11-08 10:00:00,0.0,0.0,0.0,0.003391686803193685,0.0,0.0,0.0970511450571022,0.055163869614775665,0.0,0.0,0.0,5.56718903322564e-07,0.06063480478443631,0.0011324968706074474,0.00038508734050106955,0.0,0.0,0.0049136854103820436,0.0,0.0020501072246814083,0.0,0.0,0.00028694509793648497
2018-11-08 11:00:00,0.0,0.0,0.0,0.003437208370410711,0.0,0.0,0.09841127822658113,0.056081354443885366,0.0,0.0,0.0,5.680030138710527e-07,0.03822806124067156,0.0011741903138470246,0.0003080011158964413,0.0,0.0,0.005013280680167813,0.0,0.0022201985681543053,0.0,0.0,0.00032203729282013447
2018-11-08 12:00:00,0.0,0.0,0.0,0.00346148983872812,0.0,0.0,0.0987037609678776,0.056572608474264575,0.0,0.0,0.0,5.720155571035874e-07,0.041522645772626446,0.0011862593312132914,0.00037053687890198947,0.0,0.0,0.005048695994831214,0.0,0.001976991032305765,0.0,0.0,0.0003369478032290214
2018-11-08 13:00:00,0.0,0.0,0.0,0.003461582268891216,0.0,0.0,0.11061588793923394,0.05709707241661869,0.0,0.0,0.0,5.72030831304495e-07,0.053959518557154675,0.0011790403372705601,0.0003483319315662248,0.0,0.0,0.005048830807243201,0.0,0.0013768698051329358,0.0,0.0,0.00023165780037917057
2018-11-08 14:00:00,0.0,0.0,0.0,0.0032339162137057006,0.0,0.0,0.11506493175325005,0.052875484030165225,0.0,0.0,0.0,5.344087288405544e-07,0.08096794688026639,0.0011278950806935808,0.00045469686482168674,0.0,0.0,0.004716772429340675,0.0,0.0006486540468675153,0.0,0.0,0.00013378803096096152
2018-11-08 15:00:00,0.0,0.0,0.0,0.002898192918728816,0.0,0.0,0.10834008443071216,0.0474062091553225,0.0,0.0,0.0,4.789300313559427e-07,0.11236440496938034,0.0010184552871157799,0.000592922479014331,0.0,0.0,0.004227109037653779,0.0,0.00019705599106741318,0.0,0.0,0.00010050362636361344
2018-11-08 16:00:00,0.0,0.0,0.0,0.0028500464935044827,0.0,0.0,0.10733964039783549,0.04674588509982065,0.0,0.0,0.0,4.709737739262336e-07,0.1183758900689204,0.0010104908898785597,0.0006407146873685735,0.0,0.0,0.0041568859038239704,0.0,3.8756477026523466e-05,0.0,0.0,7.976077442825401e-05
2018-11-08 17:00:00,0.0,0.0,0.0,0.0028684760765365015,0.0,0.0,0.108228293704293,0.0470468013744758,0.0,0.0,0.0,4.724232612112407e-07,0.12370358760403474,0.0010291454166041407,0.000644107310270043,0.0,0.0,0.004169679298268396,0.0,0.0,0.0,0.0,7.13099178574246e-05
2018-11-08 18:00:00,0.0,0.0,0.0,0.0029702686504551883,0.0,0.0,0.10313646671376359,0.04860148158554506,0.0,0.0,0.0,4.842960950100355e-07,0.13183870583988194,0.0010574904203040378,0.0005689795407277903,0.0,0.0,0.004274470728681217,0.0,0.0,0.0,0.0,7.131908533760116e-05
2018-11-08 19:00:00,0.0,0.0,0.0,0.003199748729352172,0.0,0.0,0.11069802889248585,0.05130492002161462,0.0,0.0,0.0,5.217123422156114e-07,0.12729336527886337,0.001141682279525852,0.0004506478111685811,0.0,0.0,0.004604712196876456,0.0,0.0,0.0,0.0,6.914621591125066e-05
2018-11-08 20:00:00,0.0,0.0,0.0,0.004194663829430667,0.0,0.0,0.1265020624792742,0.05767968133003886,0.0,0.0,0.0,6.839311697148322e-07,0.021838861249875795,0.0015028469094042255,0.00018493986633100695,0.0,0.0,0.006036480152329489,0.0,0.0,0.0,0.0,9.568212228529412e-05
2018-11-08 21:00:00,0.0,0.0,0.0,0.004390452433482585,0.0,0.0,0.1223987346193008,0.059434882561155755,0.0,0.0,0.0,7.158540923687409e-07,0.019256050572480223,0.0014826906000857145,0.0001881430461246878,0.0,0.0,0.006318236705529158,0.0,0.0,0.0,0.0,0.00011596101143876715
2018-11-08 22:00:00,0.0,0.0,0.0,0.00451342447607422,0.0,0.0,0.11508908694577877,0.06167042316460534,0.0,0.0,0.0,7.433378049267777e-07,0.014698806734848493,0.0015319357662795894,0.00015366880331786658,0.0,0.0,0.0065608121176690855,0.0,0.0,0.0,0.0,0.0001778829747896307
2018-11-08 23:00:00,0.0,0.0,0.0,0.004456986013302338,0.0,0.0,0.10367865637790354,0.0479694952943759,0.0,0.0,0.0,7.267022534900613e-07,0.011577303730595288,0.0014782197350104215,0.00011136576610590096,0.0,0.0,0.006413984219603458,0.0,0.0,0.0,0.0,0.000387935313851672
2018-11-09 00:00:00,0.0,0.0,0.0,0.004506804220140936,0.0,0.0,0.0846793034502454,0.045146769662175096,0.0,0.0,0.0,7.348250079852271e-07,0.012082248560435774,0.0014973583199713039,5.774654305817833e-05,0.0,0.0,0.006485676881765293,0.0,0.0,0.0,0.0,0.000798069567246185
2018-11-09 01:00:00,0.0,0.0,0.0,0.004767234141522102,0.0,0.0,0.054773544134517856,0.04765871709622986,0.0,0.0,0.0,7.772875623165805e-07,0.006302365063657527,0.0016089205312519845,5.2037843131115966e-05,0.0,0.0,0.006860457821410583,0.0,0.0,0.0,0.0,0.001284880877287272
2018-11-09 02:00:00,0.0,0.0,0.0,0.00489728553603069,0.0,0.0,0.04473313727834557,0.04920771835491159,0.0,0.0,0.0,7.984921703581684e-07,0.0011222111883967022,0.0016117727900632388,5.2830992242945476e-05,0.0,0.0,0.0070476129055023675,0.0,0.0,0.0,0.0,0.001752071107338183
2018-11-09 03:00:00,0.0,0.0,0.0,0.004786163063965618,0.0,0.0,0.046563323794895375,0.04791280782656217,0.0,0.0,0.0,7.803738835558185e-07,0.0013038256992534477,0.001556162682110697,6.632598142511843e-05,0.0,0.0,0.006887698160394024,0.0,0.0,0.0,0.0,0.0018961883252932067
2018-11-09 04:00:00,0.0,0.0,0.0,0.004131410156530924,0.0,0.0,0.06826780890598459,0.04274388406833271,0.0,0.0,0.0,6.736177905611678e-07,0.007163227044908981,0.0013132179443366464,8.085815842666984e-05,0.0,0.0,0.005945452704946879,0.0,0.0,0.0,0.0,0.0020385443875160403
2018-11-09 05:00:00,0.0,0.0,0.0,0.0036343879750866896,0.0,0.0,0.06540411768222329,0.04906437364302998,0.0,0.0,0.0,5.925793627509681e-07,0.011426504839857453,0.0012620880959833291,0.00012048820035020956,0.0,0.0,0.005230195259879381,0.0,0.0,0.0,0.0,0.0016994906768461452
2018-11-09 06:00:00,0.0,0.0,0.0,0.003159745871685012,0.0,0.0,0.05857245446121673,0.05057787914262085,0.0,0.0,0.0,5.15189959886835e-07,0.10401069405763014,0.001146239451349891,0.00039415321425358016,0.0,0.0,0.004547144661988434,0.0,0.00022257391385200402,0.0,0.0,0.0016558326456705568
2018-11-09 07:00:00,0.0,0.0,0.0,0.0028562508009910017,0.0,0.0,0.05218539596485594,0.046377827780052984,0.0,0.0,0.0,4.657057229746691e-07,0.13168443227108853,0.0010192826249037538,0.0006325737092527498,0.0,0.0,0.00411038928776268,0.0,0.00042155265469318324,0.0,0.0,0.0014762147233904797
2018-11-09 08:00:00,0.0,0.0,0.0,0.0032616965505155218,0.0,0.0,0.061291399051326106,0.053027474662365744,0.0,0.0,0.0,5.318128049731444e-07,0.07868780646906576,0.0011769442193441681,0.0003210600564974721,0.0,0.0,0.0046938604118797475,0.0,0.0008205548761185204,0.0,0.0,0.001654437270628352
2018-11-09 09:00:00,0.0,0.0,0.0,0.0032788191910447027,0.0,0.0,0.05851468376937603,0.04584147641308636,0.0,0.0,0.0,5.346046157217351e-07,0.10258683605231557,0.001165160662908447,0.0003860083663622418,0.0,0.0,0.0047185013566402485,0.0,0.0012427927890913707,0.0,0.0,0.0016080130418644363
2018-11-09 10:00:00,0.0,0.0,0.0,0.003427065302476591,0.0,0.0,0.06217895974865609,0.04624228855939952,0.0,0.0,0.0,5.587758343271243e-07,0.07314922505247684,0.0012159980218750283,0.00019325506884452267,0.0,0.0,0.00493184019515215,0.0,0.0018392686799131688,0.0,0.0,0.0017794612261689212
2018-11-09 11:00:00,0.0,0.0,0.0,0.00327188567211891,0.0,0.0,0.05892170473254817,0.04478994807181897,0.0,0.0,0.0,5.406832296824041e-07,0.08922516169242181,0.001120577496608263,0.0003570983757085117,0.0,0.0,0.004772152124659127,0.0,0.0019243168362413842,0.0,0.0,0.0017775800372700924
2018-11-09 12:00:00,0.0,0.0,0.0,0.0032699878231865027,0.0,0.0,0.06102517722421682,0.044602056985632195,0.0,0.0,0.0,5.385501814664187e-07,0.07070262211792948,0.0011083016955662243,0.0003443520219381483,0.0,0.0,0.0047533255178455695,0.0,0.001750535170322766,0.0,0.0,0.0017527228468160979
2018-11-09 13:00:00,0.0,0.0,0.0,0.0032729508546764695,0.0,0.0,0.07908087992466835,0.044351276280499966,0.0,0.0,0.0,5.33647795742874e-07,0.03946654539488356,0.0011074789564114503,0.00013104423400257166,0.0,0.0,0.0047100563185026294,0.0,0.0012954608846361944,0.0,0.0,0.0015658416742532293
2018-11-09 14:00:00,0.0,0.0,0.0,0.0031518338406086913,0.0,0.0,0.08330640312293927,0.04298593213311267,0.0,0.0,0.0,5.173489125075953e-07,0.048399710895790454,0.0011310107449966746,0.00018745096372406353,0.0,0.0,0.004566199905004297,0.0,0.0007024494118641224,0.0,0.0,0.0014627818624097142
2018-11-09 15:00:00,0.0,0.0,0.0,0.0028387287357734795,0.0,0.0,0.07529584696091018,0.0425640836626855,0.0,0.0,0.0,4.691035002015411e-07,0.08596972190964065,0.0010326246520399195,0.0004323168500688935,0.0,0.0,0.0041403785844935205,0.0,0.00027021800415641064,0.0,0.0,0.0013350052497684752
2018-11-09 16:00:00,0.0,0.0,0.0,0.002664711255267506,0.0,0.0,0.0785037602056826,0.04316735143081022,0.0,0.0,0.0,4.3739154402668547e-07,0.11408349307005837,0.0009776276572973216,0.0004534209882557532,0.0,0.0,0.00386048405340953,0.0,8.998248026821624e-05,0.0,0.0,0.0013156102407507475
2018-11-09 17:00:00,0.0,0.0,0.0,0.0027305840466547745,0.0,0.0,0.09005054853475607,0.0438193156691559,0.0,0.0,0.0,4.4521602134842264e-07,0.11783519550600224,0.000986844731802135,0.00042107246598049674,0.0,0.0,0.003929544076035363,0.0,3.663686909652191e-05,0.0,0.0,0.0013899572485601356
2018-11-09 18:00:00,0.0,0.0,0.0,0.002985389684579833,0.0,0.0,0.1246643034373942,0.04175923659757275,0.0,0.0,0.0,4.867615480181182e-07,0.06174130506101607,0.0010520976642957257,0.00031168362061921795,0.0,0.0,0.004296231190565119,0.0,0.0,0.0,0.0,0.0016451054872829896
2018-11-09 19:00:00,0.0,0.0,0.0,0.003048741276407223,0.0,0.0,0.12274757026252005,0.033143389896282946,0.0,0.0,0.0,4.970908926482657e-07,0.030621938133179365,0.0010418406067990397,0.00013506690791129878,0.0,0.0,0.004387399551662707,0.0,0.0,0.0,0.0,0.0020423718085385337
2018-11-09 20:00:00,0.0,0.0,0.0,0.003334312144821112,0.0,0.0,0.1071992724828804,0.02979803814675862,0.0,0.0,0.0,5.436526258437722e-07,0.02747931440226317,0.001112902338526334,0.00011942585891804947,0.0,0.0,0.004798360465185522,0.0,0.0,0.0,0.0,0.0023757843388509323
2018-11-09 21:00:00,0.0,0.0,0.0,0.0035810150158435026,0.0,0.0,0.08032145675208925,0.01642598542939489,0.0,0.0,0.0,5.83877013306367e-07,0.035463185350888285,0.0011849548287194448,0.00012513186484274286,0.0,0.0,0.005153387004857354,0.0,0.0,0.0,0.0,0.0023795991486025682
2018-11-09 22:00:00,0.0,0.0,0.0,0.004164848890206516,0.0,0.0,0.0671384808971917,0.018158686543428268,0.0,0.0,0.0,6.790699061934316e-07,0.00764833698019276,0.0013667665124428275,8.195657517555557e-05,0.0,0.0,0.005993573903774663,0.0,0.0,0.0,0.0,0.0027725592568118834
2018-11-09 23:00:00,0.0,0.0,0.0,0.004123708289227583,0.0,0.0,0.04138027318466189,0.018179801161181675,0.0,0.0,0.0,6.814479904011265e-07,0.0,0.00127985177685459,6.967983206518525e-05,0.0,0.0,0.006014563235385771,0.0,0.0,0.0,0.0,0.0031987309028851086
2018-11-10 00:00:00,0.0,0.0,0.0,0.003938475387722452,0.0,0.0,0.048669554815746044,0.01730909236912065,0.0,0.0,0.0,6.508380200459042e-07,0.0,0.0012008903857969307,3.114738450969449e-05,0.0,0.0,0.005744394998149653,0.0,0.0,0.0,0.0,0.0034072760280424406
2018-11-10 01:00:00,0.0,0.0,0.0,0.0038602399176522373,0.0,0.0,0.04515241452436889,0.0169652575486192,0.0,0.0,0.0,6.379095100451589e-07,0.0,0.0011836258265050968,5.73872132768405e-05,0.0,0.0,0.005630286009592758,0.0,0.0,0.0,0.0,0.0028745859641491427
2018-11-10 02:00:00,0.0,0.0,0.0,0.003791233334727555,0.0,0.0,0.042714801836117616,0.016688016449583842,0.0,0.0,0.0,6.265060852730147e-07,0.0,0.0011692117397126005,6.881326769551522e-05,0.0,0.0,0.0055296376543871725,0.0,0.0,0.0,0.0,0.0025141234437123373
2018-11-10 03:00:00,0.0,0.0,0.0,0.0036621153518976066,0.0,0.0,0.04838147990361275,0.016157394825255085,0.0,0.0,0.0,6.051691759300417e-07,0.0,0.001126291996116251,5.293836556747372e-05,0.0,0.0,0.005341314858959361,0.0,0.0,0.0,0.0,0.0024262719936824118
2018-11-10 04:00:00,0.0,0.0,0.0,0.0035255994639755445,0.0,0.0,0.05314819477112151,0.015494555829575596,0.0,0.0,0.0,5.826097534497139e-07,0.0,0.0010448024848795808,4.768916026055016e-05,0.0,0.0,0.0051422019773117895,0.0,0.0,0.0,0.0,0.002621101041123
2018-11-10 05:00:00,0.0,0.0,0.0,0.0033658769432950942,0.0,0.0,0.08655096110770293,0.014827266409990774,0.0,0.0,0.0,5.562154056672032e-07,0.0,0.0010368251081102108,5.4183479156721034e-05,0.0,0.0,0.004909241463771749,0.0,0.0,0.0,0.0,0.002090757010732694
2018-11-10 06:00:00,0.0,0.0,0.0,0.0033022052612203855,0.0,0.0,0.13381608095228426,0.014512767063732585,0.0,0.0,0.0,5.456935799821481e-07,0.0,0.0010471059077575286,7.377971805384035e-05,0.0,0.0,0.004816374235713422,0.0,0.00024697847368198846,0.0,0.0,0.00208736884978642
2018-11-10 07:00:00,0.0,0.0,0.0,0.003240989780729007,0.0,0.0,0.13995421333045874,0.014265988399689334,0.0,0.0,0.0,5.355776447033936e-07,0.0,0.0010667066558650324,0.00011022871735870545,0.0,0.0,0.004727089457892999,0.0,0.0005398910129228171,0.0,0.0,0.001981633378927765
2018-11-10 08:00:00,0.0,0.0,0.0,0.003185707882064491,0.0,0.0,0.15245878472544103,0.01401171485178623,0.0,0.0,0.0,5.264422412974585e-07,0.0,0.0010450381274847303,0.00010917458024820302,0.0,0.0,0.004646459002979759,0.0,0.0009097406330537508,0.0,0.0,0.0017307605776043207
2018-11-10 09:00:00,0.0,0.0,0.0,0.0031572428476964775,0.0,0.0,0.13928298578650372,0.013929877774879829,0.0,0.0,0.0,5.217383585040382e-07,0.0,0.0010219756623004912,0.0001434012954192327,0.0,0.0,0.004604941820580828,0.0,0.00136315131103504,0.0,0.0,0.0017806038488607408
2018-11-10 10:00:00,0.0,0.0,0.0,0.0031444944098650133,0.0,0.0,0.13859215949532158,0.013989749377631328,0.0,0.0,0.0,5.231665723629023e-07,0.0,0.0009915255808290722,0.00011212088732941024,0.0,0.0,0.004617547452542168,0.0,0.00198036566111676,0.0,0.0,0.0016583566806411243
2018-11-10 11:00:00,0.0,0.0,0.0,0.003184013006915435,0.0,0.0,0.14075194935463023,0.014207180485540793,0.0,0.0,0.0,5.333698618798579e-07,0.0,0.0009847002762360516,0.0001128429936953108,0.0,0.0,0.004707603232107318,0.0,0.002238443911513943,0.0,0.0,0.0016671357653710733
2018-11-10 12:00:00,0.0,0.0,0.0,0.003261112804067839,0.0,0.0,0.14245693229181774,0.014551202551770963,0.0,0.0,0.0,5.462852325359536e-07,0.0,0.0010053668449375673,7.90741753080135e-05,0.0,0.0,0.004821596250817093,0.0,0.0021353085484780688,0.0,0.0,0.0018744341116942696
2018-11-10 13:00:00,0.0,0.0,0.0,0.003233106690238869,0.0,0.0,0.1405072209532098,0.014410645830481286,0.0,0.0,0.0,5.397453460888843e-07,0.003951964803958229,0.0009938464230021787,7.424585883100928e-05,0.0,0.0,0.004763874221928303,0.0,0.0015545493703435205,0.0,0.0,0.0018957108127830391
2018-11-10 14:00:00,0.0,0.0,0.0,0.003215889124011242,0.0,0.0,0.14283007091993008,0.01428928499301981,0.0,0.0,0.0,5.36870989585155e-07,0.00852666496754829,0.0010139563099670797,0.00012460512239272867,0.0,0.0,0.004738504715823302,0.0,0.0008504489305458992,0.0,0.0,0.0019132869111431628
2018-11-10 15:00:00,0.0,0.0,0.0,0.0031216207231972094,0.0,0.0,0.13718872803413457,0.013827106337641665,0.0,0.0,0.0,5.21133516158673e-07,0.006627521574045498,0.0010704686329878852,0.00014800501176253546,0.0,0.0,0.004599603390377963,0.0,0.0003323519844480081,0.0,0.0,0.0018994112503286883
2018-11-10 16:00:00,0.0,0.0,0.0,0.003110102695366558,0.0,0.0,0.13996245079791597,0.01664780644289402,0.0,0.0,0.0,5.139483889379699e-07,0.01209237371875502,0.0010810982938583703,0.00022916141209548425,0.0,0.0,0.0045361863686361106,0.0,0.00011630537109797893,0.0,0.0,0.0018221352185224648
2018-11-10 17:00:00,0.0,0.0,0.0,0.00311106655728608,0.0,0.0,0.1370326181320663,0.02128887920655079,0.0,0.0,0.0,5.141076683345747e-07,0.013323923199002862,0.0010920562169522995,0.0002161910604373224,0.0,0.0,0.004537592192729025,0.0,4.230596933426965e-05,0.0,0.0,0.001837841770047803
2018-11-10 18:00:00,0.0,0.0,0.0,0.003297961034000856,0.0,0.0,0.14011902910203555,0.018264848982503207,0.0,0.0,0.0,5.449922160866684e-07,0.012753153735806448,0.001131447931206487,0.00013675174036794878,0.0,0.0,0.004810183891681597,0.0,0.0,0.0,0.0,0.002235168644731762
2018-11-10 19:00:00,0.0,0.0,0.0,0.003435092000023106,0.0,0.0,0.13859446474344064,0.015061403720732567,0.0,0.0,0.0,5.67653280998011e-07,0.0040893570763592185,0.0010829844893501953,8.2983656940672e-05,0.0,0.0,0.005010193884829015,0.0,0.0,0.0,0.0,0.0024660391434095956
2018-11-10 20:00:00,0.0,0.0,0.0,0.003635936216532284,0.0,0.0,0.11126224337257488,0.01594201938686279,0.0,0.0,0.0,6.008430408269014e-07,0.0,0.0010900719601666371,0.00010441276534270238,0.0,0.0,0.005303131734921761,0.0,0.0,0.0,0.0,0.00276506824445575
2018-11-10 21:00:00,0.0,0.0,0.0,0.003886023820920912,0.0,0.0,0.07234694734234418,0.01695849055414792,0.0,0.0,0.0,6.421703325463612e-07,0.0,0.0011846741576516506,8.3716870376724e-05,0.0,0.0,0.005667892674707657,0.0,0.0,0.0,0.0,0.0027353846340899732
2018-11-10 22:00:00,0.0,0.0,0.0,0.0043711481100491755,0.0,0.0,0.048467544965633165,0.01934570713947047,0.0,0.0,0.0,7.223377325500972e-07,0.0,0.0013062277375286255,9.719038096518569e-05,0.0,0.0,0.006375462296352753,0.0,0.0,0.0,0.0,0.0029040075832664153
2018-11-10 23:00:00,0.0,0.0,0.0,0.004002727103196808,0.0,0.0,0.03708102541029261,0.017646442894296264,0.0,0.0,0.0,6.614556969810557e-07,0.0,0.0011233161672019743,8.078211999199017e-05,0.0,0.0,0.005838108223867399,0.0,0.0,0.0,0.0,0.0027055130083824103
2018-11-11 00:00:00,0.0,0.0,0.0,0.003948638337618418,0.0,0.0,0.035127910704240706,0.01731308394349649,0.0,0.0,0.0,6.525174603208733e-07,0.0,0.001098676244772355,5.2558194807596026e-05,0.0,0.0,0.005759217992532406,0.0,0.0,0.0,0.0,0.0025752638333436345
2018-11-11 01:00:00,0.0,0.0,0.0,0.003987760757642094,0.0,0.0,0.03545109569395204,0.017566771491943443,0.0,0.0,0.0,6.589824895215099e-07,0.0,0.0011189444533716909,6.479765651012316e-05,0.0,0.0,0.005816279320019713,0.0,0.0,0.0,0.0,0.002413969405595227
2018-11-11 02:00:00,0.0,0.0,0.0,0.004114121178904114,0.0,0.0,0.036223991750046806,0.018179913230466423,0.0,0.0,0.0,6.798637083410332e-07,0.0,0.0011501507106187892,5.058266869041237e-05,0.0,0.0,0.006000580121828551,0.0,0.0,0.0,0.0,0.0020274104648730956
2018-11-11 03:00:00,0.0,0.0,0.0,0.004151143566021093,0.0,0.0,0.03686906802096107,0.01825799543121359,0.0,0.0,0.0,6.859817044579319e-07,0.0,0.001176759464811706,6.861855524767927e-05,0.0,0.0,0.006054578482726603,0.0,0.0,0.0,0.0,0.0015885393766911916
2018-11-11 04:00:00,0.0,0.0,0.0,0.004149004991941003,0.0,0.0,0.037824121606974605,0.019060586976829632,0.0,0.0,0.0,6.856283023967317e-07,0.0,0.001200677469864057,6.894181089880339e-05,0.0,0.0,0.006051459302577062,0.0,0.0,0.0,0.0,0.0009718165088593758
2018-11-11 05:00:00,0.0,0.0,0.0,0.0040886793821418525,0.0,0.0,0.03874678832720972,0.019003946729064105,0.0,0.0,0.0,6.666506271127671e-07,0.0,0.0012445362680885124,0.00010564975702096809,0.0,0.0,0.0058839594644913475,0.0,0.0,0.0,0.0,0.0005203181304022458
2018-11-11 06:00:00,0.0,0.0,0.0,0.0039453825534453354,0.0,0.0,0.05706619667840097,0.01846098453699649,0.0,0.0,0.0,6.476037369587962e-07,0.0,0.0012631220602412692,0.00016978187475482086,0.0,0.0,0.005715848725473584,0.0,0.00031974824174815444,0.0,0.0,0.0002765681352901567
2018-11-11 07:00:00,0.0,0.0,0.0,0.004058092941205097,0.0,0.0,0.07416771074018023,0.019144538109122828,0.0,0.0,0.0,6.706049714693075e-07,0.0,0.0012983202541653471,7.953195220516963e-05,0.0,0.0,0.0059188611070553005,0.0,0.000731189953295971,0.0,0.0,0.00014319556535185305
2018-11-11 08:00:00,0.0,0.0,0.0,0.00386396505343321,0.0,0.0,0.09382783553869575,0.017737841804230697,0.0,0.0,0.0,6.385250934263953e-07,0.0,0.0012226860074705211,8.557943922868724e-05,0.0,0.0,0.005635719241806004,0.0,0.0012347908426758784,0.0,0.0,9.873293921294132e-05
2018-11-11 09:00:00,0.0,0.0,0.0,0.003786288713751275,0.0,0.0,0.10392204837998763,0.016601250540211904,0.0,0.0,0.0,6.256889804267813e-07,0.0,0.0011832225850595289,8.115920174076719e-05,0.0,0.0,0.00552242576318368,0.0,0.0018278242203795024,0.0,0.0,7.831991897558075e-05
2018-11-11 10:00:00,0.0,0.0,0.0,0.003698296442513147,0.0,0.0,0.10480378684920119,0.01630863355570651,0.0,0.0,0.0,6.132198353731159e-07,0.0,0.0011616123416456194,8.603665758028756e-05,0.0,0.0,0.005412371199265571,0.0,0.0025483269128086044,0.0,0.0,7.675910767660005e-05
2018-11-11 11:00:00,0.0,0.0,0.0,0.0037555080547165554,0.0,0.0,0.105074517185528,0.016770281882863766,0.0,0.0,0.0,6.291038409963578e-07,0.0,0.0011727488774168594,7.025023447460785e-05,0.0,0.0,0.005552565840086179,0.0,0.002912007116905654,0.0,0.0,7.874737033158787e-05
2018-11-11 12:00:00,0.0,0.0,0.0,0.003868817234681716,0.0,0.0,0.1067537107068613,0.0172493372736226,0.0,0.0,0.0,6.480848255389699e-07,0.0,0.0011900149710302318,6.398031974913114e-05,0.0,0.0,0.005720094886190226,0.0,0.0028265410098550414,0.0,0.0,7.635133539973786e-05
2018-11-11 13:00:00,0.0,0.0,0.0,0.003821845504698325,0.0,0.0,0.12083585483138451,0.017021522800697995,0.0,0.0,0.0,6.380313185641386e-07,0.0,0.0011768724456504307,6.724262088744235e-05,0.0,0.0,0.0056313611100411165,0.0,0.0020213908482816095,0.0,0.0,7.986485736050757e-05
2018-11-11 14:00:00,0.0,0.0,0.0,0.0037732543475078976,0.0,0.0,0.13984854840399016,0.016708820836522902,0.0,0.0,0.0,6.277767699144575e-07,0.0,0.0011490735030116447,0.00013388342691183624,0.0,0.0,0.005540852909602309,0.0,0.0010848560227060462,0.0,0.0,9.938217631608702e-05
2018-11-11 15:00:00,0.0,0.0,0.0,0.0036255349829312105,0.0,0.0,0.15788891050111137,0.016109480341364585,0.0,0.0,0.0,6.052586015882408e-07,0.0024150988836952546,0.0010908312701384142,0.00026924205499511555,0.0,0.0,0.005342104143370909,0.0,0.00044826109536432476,0.0,0.0,0.0001582100708376403
2018-11-11 16:00:00,0.0,0.0,0.0,0.003344863432025534,0.0,0.0,0.1880739503452643,0.01882320265736161,0.0,0.0,0.0,5.527428964542406e-07,0.03113846859691817,0.0010501710869050547,0.00019514370031750028,0.0,0.0,0.004878592571206185,0.0,0.00012508448139457286,0.0,0.0,0.0002625111088470122
2018-11-11 17:00:00,0.0,0.0,0.0,0.0033386427536945236,0.0,0.0,0.1986558008247678,0.023935176880543516,0.0,0.0,0.0,5.517149215223881e-07,0.052357616175748384,0.0010370576752152221,0.00011145788953076956,0.0,0.0,0.004869519508670071,0.0,4.540067380592973e-05,0.0,0.0,0.00036967571716672285
2018-11-11 18:00:00,0.0,0.0,0.0,0.003372091840136348,0.0,0.0,0.1965476946682783,0.018964853396906865,0.0,0.0,0.0,5.572424252005892e-07,0.05770159452138748,0.001024951610407956,9.59616132067854e-05,0.0,0.0,0.004918306093816209,0.0,0.0,0.0,0.0,0.000506729202447932
2018-11-11 19:00:00,0.0,0.0,0.0,0.0036910287557532766,0.0,0.0,0.1810743320084093,0.016234270168501055,0.0,0.0,0.0,6.099471523462137e-07,0.009375552525118668,0.0011323777685840431,0.00012370054830809958,0.0,0.0,0.005383486002901444,0.0,0.0,0.0,0.0,0.0005793576157291697
2018-11-11 20:00:00,0.0,0.0,0.0,0.003947572164441141,0.0,0.0,0.14140865561022387,0.01733551674246118,0.0,0.0,0.0,6.52341273860019e-07,0.0,0.0011616409495967673,0.00010594099419493881,0.0,0.0,0.005757662944128194,0.0,0.0,0.0,0.0,0.000468321692788279
2018-11-11 21:00:00,0.0,0.0,0.0,0.004212762800733022,0.0,0.0,0.10921198283643274,0.018514550243070336,0.0,0.0,0.0,6.961643606303365e-07,0.0,0.0012480789049244415,0.0001502887517319297,0.0,0.0,0.006144452149265803,0.0,0.0,0.0,0.0,0.0005177235994252682
2018-11-11 22:00:00,0.0,0.0,0.0,0.004419634874253544,0.0,0.0,0.08134472446961412,0.019454075487020304,0.0,0.0,0.0,7.303502314250623e-07,0.0,0.001280263002459985,0.00010380739788066157,0.0,0.0,0.006446181825701673,0.0,0.0,0.0,0.0,0.0006533896503286656
2018-11-11 23:00:00,0.0,0.0,0.0,0.004836890967431506,0.0,0.0,0.05290819678577595,0.02124090601925611,0.0,0.0,0.0,7.993023265384652e-07,0.0,0.0013403431219225115,7.692304794854805e-05,0.0,0.0,0.007054763466727243,0.0,0.0,0.0,0.0,0.0009034086794865606
2018-11-12 00:00:00,0.0,0.0,0.0,0.005040881921345639,0.0,0.0,0.04838455900523743,0.022136719613162572,0.0,0.0,0.0,8.330120886882104e-07,0.0,0.0013643988005180693,5.91450943768765e-05,0.0,0.0,0.007352290936109186,0.0,0.0,0.0,0.0,0.0009200413887165991
2018-11-12 01:00:00,0.0,0.0,0.0,0.0051727579619027745,0.0,0.0,0.049564388784496205,0.022751367119234603,0.0,0.0,0.0,8.548047705455757e-07,0.0,0.001374044677354214,6.136304402678955e-05,0.0,0.0,0.007544636448820453,0.0,0.0,0.0,0.0,0.0010542571387060662
2018-11-12 02:00:00,0.0,0.0,0.0,0.005202683359451877,0.0,0.0,0.0535153800202317,0.02288298814439044,0.0,0.0,0.0,8.597499801946341e-07,0.0,0.0013760224417882828,0.00010589870880684393,0.0,0.0,0.007588283618619861,0.0,0.0,0.0,0.0,0.0006615356706981796
2018-11-12 03:00:00,0.0,0.0,0.0,0.0048225310512916815,0.0,0.0,0.07728815995352979,0.021293752990702578,0.0,0.0,0.0,7.969293323037917e-07,0.0,0.0012509168388754968,0.00010670564046442115,0.0,0.0,0.007033819059989398,0.0,0.0,0.0,0.0,0.000754028465878943
2018-11-12 04:00:00,0.0,0.0,0.0,0.004373823820665631,0.0,0.0,0.09649464290141622,0.020799229594599112,0.0,0.0,0.0,7.227798971006895e-07,0.0,0.0011234198387219166,0.00031197457298574876,0.0,0.0,0.006379364907685449,0.0,0.0,0.0,0.0,0.0008461901994614267
2018-11-12 05:00:00,0.0,0.0,0.0,0.0038054439694339627,0.0,0.0,0.09537948126926278,0.018619001471542104,0.0,0.0,0.0,6.288544105627311e-07,0.06590800206260589,0.0010378141506401258,0.0002678153639044914,0.0,0.0,0.005550364329278298,0.0,0.0,0.0,0.0,0.0006135229194494152
2018-11-12 06:00:00,0.0,0.0,0.0,0.003213060390464338,0.0,0.0,0.08870269413515416,0.029124535339913486,0.0,0.0,0.0,5.309622777729282e-07,0.14362931542003884,0.0009633378033245371,0.0005377156684219846,0.0,0.0,0.0046863535299149104,0.0,0.0002621576205686578,0.0,0.0,0.000525836530628216
2018-11-12 07:00:00,0.0,0.0,0.0,0.003095218040119822,0.0,0.0,0.08748148890737084,0.031754699946949454,0.0,0.0,0.0,5.114886809047418e-07,0.14311202070439885,0.0009714359288446145,0.0004622155016900321,0.0,0.0,0.004514476612770915,0.0,0.0005892663365048176,0.0,0.0,0.000572459038932554
2018-11-12 08:00:00,0.0,0.0,0.0,0.003576746799923575,0.0,0.0,0.10349135726972251,0.03576150406542623,0.0,0.0,0.0,5.910619151574678e-07,0.08996968901795062,0.0011444754235021134,0.00041077485139966174,0.0,0.0,0.005216802037452943,0.0,0.0011551653650389453,0.0,0.0,0.0003633994402086808
2018-11-12 09:00:00,0.0,0.0,0.0,0.0037243684505730798,0.0,0.0,0.10836624856710805,0.016994711251126185,0.0,0.0,0.0,6.154565789210497e-07,0.05725137555612474,0.001200847827208248,0.0003843521511269945,0.0,0.0,0.005432113036793729,0.0,0.0017852708269575762,0.0,0.0,0.0004463735482799796
2018-11-12 10:00:00,0.0,0.0,0.0,0.003672083583178469,0.0,0.0,0.10594406442388084,0.016142437451467633,0.0,0.0,0.0,6.088734435855103e-07,0.059511337211546396,0.0011682330986876766,0.0002606593459014516,0.0,0.0,0.005374009286661019,0.0,0.002455108449354603,0.0,0.0,0.0005716128970595684
2018-11-12 11:00:00,0.0,0.0,0.0,0.003515203543056279,0.0,0.0,0.09977249587760215,0.021961397862459982,0.0,0.0,0.0,5.888492365349532e-07,0.09131118322987132,0.001010748132450694,0.0003825192490446648,0.0,0.0,0.005197272600603526,0.0,0.002616648848088666,0.0,0.0,0.0006655448051784337
2018-11-12 12:00:00,0.0,0.0,0.0,0.003323794561762245,0.0,0.0,0.09235869913472855,0.03188294260386131,0.0,0.0,0.0,5.567853656607994e-07,0.10462148489484434,0.0009499587713132384,0.00035644853012442714,0.0,0.0,0.004914272017051547,0.0,0.0022908960570187775,0.0,0.0,0.0006989997124355455
2018-11-12 13:00:00,0.0,0.0,0.0,0.0031080844913593734,0.0,0.0,0.08661794466958704,0.031221348984869664,0.0,0.0,0.0,5.188737335909927e-07,0.12413769675060574,0.0008927988659293788,0.00047065313086797105,0.0,0.0,0.004579658206970005,0.0,0.0015584831794983219,0.0,0.0,0.0006437635651659904
2018-11-12 14:00:00,0.0,0.0,0.0,0.0029899522730411883,0.0,0.0,0.10193882444204737,0.033861619271260295,0.0,0.0,0.0,4.991523568566896e-07,0.13025615269445445,0.0008534050692448535,0.00046405593188448424,0.0,0.0,0.00440559434717711,0.0,0.0008215059063684215,0.0,0.0,0.0005715159052229751
2018-11-12 15:00:00,0.0,0.0,0.0,0.002872890684469137,0.0,0.0,0.11762291871882122,0.04409533606796236,0.0,0.0,0.0,4.796097145342773e-07,0.11785027562235686,0.0008509304922733828,0.0006346526318706221,0.0,0.0,0.004233108024390412,0.0,0.000335470599963026,0.0,0.0,0.000536780043224733
2018-11-12 16:00:00,0.0,0.0,0.0,0.002854561218899035,0.0,0.0,0.1306745382456436,0.04707476134706903,0.0,0.0,0.0,4.7171983798594596e-07,0.11611556050369086,0.0008901311220724659,0.0006683758185463705,0.0,0.0,0.004163470778279534,0.0,0.00010674914445126434,0.0,0.0,0.0005418430920127141
2018-11-12 17:00:00,0.0,0.0,0.0,0.0030383429385425612,0.0,0.0,0.14072882317786153,0.05019940978037479,0.0,0.0,0.0,5.020899987101427e-07,0.09783281640039385,0.0009724167173845694,0.0006153579045499216,0.0,0.0,0.0044315224193695445,0.0,5.164629268535622e-05,0.0,0.0,0.0006007582420181079
2018-11-12 18:00:00,0.0,0.0,0.0,0.003447212608827379,0.0,0.0,0.1378086746093135,0.04981764334322977,0.0,0.0,0.0,5.696562268741017e-07,0.06024671332275782,0.0011093084548523884,0.000638353542194544,0.0,0.0,0.005027872188673909,0.0,0.0,0.0,0.0,0.0008577702176281965
2018-11-12 19:00:00,0.0,0.0,0.0,0.0038905527619224342,0.0,0.0,0.15503895632485676,0.05316558188854892,0.0,0.0,0.0,6.42918745753036e-07,0.026753143880836258,0.0012060932038560825,0.00028860076534111353,0.0,0.0,0.005674498283090322,0.0,0.0,0.0,0.0,0.0007905645967532056
2018-11-12 20:00:00,0.0,0.0,0.0,0.0038681017852678096,0.0,0.0,0.14796436520394007,0.04616510833417978,0.0,0.0,0.0,6.392086935740779e-07,0.028684446558284952,0.0011384218010377818,0.00019298974168131125,0.0,0.0,0.005641752800307712,0.0,0.0,0.0,0.0,0.0005694988417278885
2018-11-12 21:00:00,0.0,0.0,0.0,0.004320155829632344,0.0,0.0,0.11622348596019234,0.05090763210601138,0.0,0.0,0.0,7.13911193964234e-07,0.02932839943240884,0.0012529338363757867,0.00013068923898182,0.0,0.0,0.00630108838976854,0.0,0.0,0.0,0.0,0.0004599568028124951
2018-11-12 22:00:00,0.0,0.0,0.0,0.004637243428903833,0.0,0.0,0.11238359606361621,0.05469187668679488,0.0,0.0,0.0,7.663103192537554e-07,0.012599941007773785,0.0012615341325185917,0.00014909916651259164,0.0,0.0,0.006763571010558448,0.0,0.0,0.0,0.0,0.00023980509482989383
2018-11-12 23:00:00,0.0,0.0,0.0,0.00474245050713907,0.0,0.0,0.09890273016525636,0.04855641942726984,0.0,0.0,0.0,7.836959214862559e-07,0.011953832993256199,0.0012056507056724137,0.00013680326231137283,0.0,0.0,0.006917018970616392,0.0,0.0,0.0,0.0,0.0002048522514643421
2018-11-13 00:00:00,0.0,0.0,0.0,0.004955104489183539,0.0,0.0,0.07077564019683862,0.050070191347998505,0.0,0.0,0.0,8.188372599493957e-07,0.01364065383925774,0.0012791913643906874,5.481951204283477e-05,0.0,0.0,0.007227181749492935,0.0,0.0,0.0,0.0,0.00013264322699236544
2018-11-13 01:00:00,0.0,0.0,0.0,0.0052607294254017715,0.0,0.0,0.05649510302958168,0.05314040277573453,0.0,0.0,0.0,8.693421657271508e-07,0.0,0.0014014128137017686,5.9110099454748786e-05,0.0,0.0,0.007672945701806742,0.0,0.0,0.0,0.0,0.0001312228324004544
2018-11-13 02:00:00,0.0,0.0,0.0,0.004725494171308179,0.0,0.0,0.07008787868431776,0.047879834476121395,0.0,0.0,0.0,7.808938656263127e-07,0.0,0.001263237492921522,5.0032901935819086e-05,0.0,0.0,0.006892287600950466,0.0,0.0,0.0,0.0,0.00013224664071928335
2018-11-13 03:00:00,0.0,0.0,0.0,0.004580564185148905,0.0,0.0,0.07960552398590637,0.046694464201570265,0.0,0.0,0.0,7.569440028110651e-07,0.0,0.0012011649128418312,7.393531682352683e-05,0.0,0.0,0.006680902482188389,0.0,0.0,0.0,0.0,0.0001226171549540659
2018-11-13 04:00:00,0.0,0.0,0.0,0.004400487983076011,0.0,0.0,0.0986074240826796,0.048613042540588326,0.0,0.0,0.0,7.371476381030888e-07,0.026530212086723085,0.0011522794179349483,9.282145694945977e-05,0.0,0.0,0.0065061767671755755,0.0,0.0,0.0,0.0,0.00011398260411857281
2018-11-13 05:00:00,0.0,0.0,0.0,0.003764735612165909,0.0,0.0,0.11427059392064277,0.05501071798428028,0.0,0.0,0.0,6.26359461759686e-07,0.042284876166770465,0.0010901424441125017,0.00010385095818806721,0.0,0.0,0.005528343533038028,0.0,0.0,0.0,0.0,8.532183211492292e-05
2018-11-13 06:00:00,0.0,0.0,0.0,0.0031907031569653483,0.0,0.0,0.11380580261269849,0.05163212751080446,0.0,0.0,0.0,5.27267716768549e-07,0.11560050086621934,0.001019622893818704,0.0003621647469005565,0.0,0.0,0.004653744774586791,0.0,0.00021694455491027398,0.0,0.0,7.764723208680642e-05
2018-11-13 07:00:00,0.0,0.0,0.0,0.002992882439596253,0.0,0.0,0.1271075414753815,0.04836932844294607,0.0,0.0,0.0,4.94577593981971e-07,0.11822776373381114,0.000965037830311602,0.0003707524005680824,0.0,0.0,0.004365216796748509,0.0,0.0004273377952483953,0.0,0.0,6.190819768215255e-05
2018-11-13 08:00:00,0.0,0.0,0.0,0.003164924937128694,0.0,0.0,0.14390075334036448,0.05200468498052763,0.0,0.0,0.0,5.301723243309865e-07,0.06712773065917585,0.001006782403644221,0.00022856178451834933,0.0,0.0,0.004679381281120439,0.0,0.0007853027655049696,0.0,0.0,6.245997955744404e-05
2018-11-13 09:00:00,0.0,0.0,0.0,0.003071265810357655,0.0,0.0,0.15488136117213208,0.05266257952120007,0.0,0.0,0.0,5.075305447582804e-07,0.0761923366268552,0.0009252753202089831,0.0001933834592282379,0.0,0.0,0.004479541503294482,0.0,0.001127647904518203,0.0,0.0,9.15573197726766e-05
2018-11-13 10:00:00,0.0,0.0,0.0,0.003025733825361948,0.0,0.0,0.14120648406927616,0.04977485246277445,0.0,0.0,0.0,5.017012635716332e-07,0.07297511688068826,0.0008954830323833115,0.000194442406252826,0.0,0.0,0.004428091384125012,0.0,0.0015275466685688065,0.0,0.0,0.00016992912781752716
2018-11-13 11:00:00,0.0,0.0,0.0,0.003178479769958311,0.0,0.0,0.15105629948946828,0.0515980273442904,0.0,0.0,0.0,5.252477866649575e-07,0.06383536612817729,0.000934866285368839,0.00015418714895254015,0.0,0.0,0.00463591656537605,0.0,0.0017721303203442177,0.0,0.0,0.0002745916846700496
2018-11-13 12:00:00,0.0,0.0,0.0,0.0031295258633504577,0.0,0.0,0.15807944075586172,0.051104199118708435,0.0,0.0,0.0,5.171580919192472e-07,0.0627403786040958,0.000880238523717931,0.0001540439519171845,0.0,0.0,0.004564515693573052,0.0,0.0016384440758690723,0.0,0.0,0.0004112556540131088
2018-11-13 13:00:00,0.0,0.0,0.0,0.003034048656722184,0.0,0.0,0.15967362311404268,0.049670092285888305,0.0,0.0,0.0,5.013803632288076e-07,0.05832304058312188,0.0008859433203977466,0.00014560741533382055,0.0,0.0,0.004425259069067416,0.0,0.0011861858475734038,0.0,0.0,0.0005943715295357136
2018-11-13 14:00:00,0.0,0.0,0.0,0.0028685147861423534,0.0,0.0,0.14896557345087594,0.046999553163671215,0.0,0.0,0.0,4.7402568255349836e-07,0.0685162900608343,0.0008654274646868366,0.00020243502817701993,0.0,0.0,0.004183822511878971,0.0,0.0006436257115226963,0.0,0.0,0.0009319185047508037
2018-11-13 15:00:00,0.0,0.0,0.0,0.002741121606354367,0.0,0.0,0.13926323533153925,0.04497814269293987,0.0,0.0,0.0,4.5297379908635006e-07,0.07000096276850765,0.0008818926732376178,0.0001961692935493167,0.0,0.0,0.0039980153980263,0.0,0.0002609268015942601,0.0,0.0,0.0013574764165764565
2018-11-13 16:00:00,0.0,0.0,0.0,0.002797193714169426,0.0,0.0,0.11695444157337864,0.045879004522386704,0.0,0.0,0.0,4.6223978555002503e-07,0.06702626177254344,0.0009387390187861272,0.0002570575091412834,0.0,0.0,0.004079798398796757,0.0,9.509439071346563e-05,0.0,0.0,0.0015009655148803718
2018-11-13 17:00:00,0.0,0.0,0.0,0.002863898305073211,0.0,0.0,0.11684581063229053,0.04688457872790495,0.0,0.0,0.0,4.732628032403545e-07,0.0728293716678132,0.0009600157490381364,0.0002848465323893955,0.0,0.0,0.0041770892234483,0.0,4.868105183539825e-05,0.0,0.0,0.0013869162789536106
2018-11-13 18:00:00,0.0,0.0,0.0,0.0030813375307912937,0.0,0.0,0.10358004084582376,0.05026439641701951,0.0,0.0,0.0,5.091949092496568e-07,0.03120242873246332,0.0010150002221835952,0.00011458625890757718,0.0,0.0,0.004494231436526543,0.0,0.0,0.0,0.0,0.0023583024401298224
2018-11-13 19:00:00,0.0,0.0,0.0,0.0033111918071888208,0.0,0.0,0.08899029050402345,0.04514611906464764,0.0,0.0,0.0,5.471786180258999e-07,0.007265280325352648,0.0009619762418022921,7.36227611344569e-05,0.0,0.0,0.004829481406542176,0.0,0.0,0.0,0.0,0.003070074337214661
2018-11-13 20:00:00,0.0,0.0,0.0,0.003686708867291655,0.0,0.0,0.09668513979466876,0.039481205053103804,0.0,0.0,0.0,6.092332853351501e-07,0.007119235708890937,0.0010373270361235874,9.009772471768535e-05,0.0,0.0,0.005377185304476651,0.0,0.0,0.0,0.0,0.0035662809473827523
2018-11-13 21:00:00,0.0,0.0,0.0,0.003961489036754987,0.0,0.0,0.10485428263425213,0.040179555732923325,0.0,0.0,0.0,6.546410545442429e-07,0.011458692396249626,0.001067298516708519,8.833860237537944e-05,0.0,0.0,0.005777961156974402,0.0,0.0,0.0,0.0,0.003244016868460712
2018-11-13 22:00:00,0.0,0.0,0.0,0.0040102609849153,0.0,0.0,0.10129618295578124,0.040646691216660605,0.0,0.0,0.0,6.627006804272413e-07,0.011749565970257189,0.0009962082016447965,0.0001025108356988218,0.0,0.0,0.005849096636438229,0.0,0.0,0.0,0.0,0.003815829589636002
2018-11-13 23:00:00,0.0,0.0,0.0,0.0040194619579107345,0.0,0.0,0.07082208276358978,0.04159692765577738,0.0,0.0,0.0,6.779636594171763e-07,0.0004997301675826624,0.0009735362357507366,5.824241389287986e-05,0.0,0.0,0.005983810002077906,0.0,0.0,0.0,0.0,0.0038737620329844804
2018-11-14 00:00:00,0.0,0.0,0.0,0.00407918274669103,0.0,0.0,0.050111721114268266,0.04140128213881658,0.0,0.0,0.0,6.740900883976518e-07,0.0,0.0009978792458477164,9.519393920110463e-05,0.0,0.0,0.005949621277227497,0.0,0.0,0.0,0.0,0.003613384045162454
2018-11-14 01:00:00,0.0,0.0,0.0,0.0042662813873015236,0.0,0.0,0.048152010779919055,0.042795150612214165,0.0,0.0,0.0,6.956082628308695e-07,0.0,0.0010186817778534763,6.457890585178347e-05,0.0,0.0,0.006139543945812176,0.0,0.0,0.0,0.0,0.0038951909488463463
2018-11-14 02:00:00,0.0,0.0,0.0,0.004203304676921103,0.0,0.0,0.06648318539943074,0.042191906594494,0.0,0.0,0.0,6.853400418370743e-07,0.01189500722116441,0.0009921609957016077,6.0668374303567906e-05,0.0,0.0,0.006048915071192202,0.0,0.0,0.0,0.0,0.003469314019352967
2018-11-14 03:00:00,0.0,0.0,0.0,0.004109761302359604,0.0,0.0,0.08495289619576277,0.041684541798492854,0.0,0.0,0.0,6.700879901389047e-07,0.006414439110663622,0.0009651939514579816,9.384019478296333e-05,0.0,0.0,0.005914298151485659,0.0,0.0,0.0,0.0,0.0029332460534111774
2018-11-14 04:00:00,0.0,0.0,0.0,0.003702509452060834,0.0,0.0,0.0830162014563912,0.040514020602980906,0.0,0.0,0.0,6.036864271842943e-07,0.03503476450308561,0.0008688679151117518,0.00011580016102645127,0.0,0.0,0.005328227893821732,0.0,0.0,0.0,0.0,0.0025670137918514277
2018-11-14 05:00:00,0.0,0.0,0.0,0.0034418599646009944,0.0,0.0,0.09241874999760852,0.05287825738567244,0.0,0.0,0.0,5.611880730627493e-07,0.03881180850847795,0.0009244374581089359,0.00020678403430279897,0.0,0.0,0.004953130979802824,0.0,0.0,0.0,0.0,0.0021259772523292675
2018-11-14 06:00:00,0.0,0.0,0.0,0.0029368082893131884,0.0,0.0,0.0892481130425949,0.04602437269738061,0.0,0.0,0.0,4.788404530645796e-07,0.11591530532882138,0.0008986621415453998,0.0004832403632472271,0.0,0.0,0.004226318406078794,0.0,0.00026597583094924187,0.0,0.0,0.001507272424940681
2018-11-14 07:00:00,0.0,0.0,0.0,0.002877814866160592,0.0,0.0,0.10822634167393458,0.04513884987020503,0.0,0.0,0.0,4.69221698727426e-07,0.10986071877794408,0.0008472466728536555,0.0006883963295839093,0.0,0.0,0.0041414218225957365,0.0,0.0005791844788556345,0.0,0.0,0.0010140304462402745
2018-11-14 08:00:00,0.0,0.0,0.0,0.0030291862539293508,0.0,0.0,0.11732798630216208,0.047800462266681804,0.0,0.0,0.0,4.939024871070985e-07,0.09989746611758041,0.0008721724460951241,0.0005929882787569367,0.0,0.0,0.004359258201159763,0.0,0.0010668861796221019,0.0,0.0,0.0006091451999326169
2018-11-14 09:00:00,0.0,0.0,0.0,0.003513919956162512,0.0,0.0,0.1405040433139671,0.05424722801812669,0.0,0.0,0.0,5.729373040672753e-07,0.021093214511172274,0.0009766210768738766,0.00031150080556569275,0.0,0.0,0.005056831473221668,0.0,0.0018623090951872846,0.0,0.0,0.0004218634519551767
2018-11-14 10:00:00,0.0,0.0,0.0,0.003509690045180001,0.0,0.0,0.13868018722746892,0.05051985962036467,0.0,0.0,0.0,5.722476259229243e-07,0.023396194290568363,0.0009074315535755578,0.00031546574625053583,0.0,0.0,0.005050744269400255,0.0,0.0025899671611164807,0.0,0.0,0.00036657939831142124
2018-11-14 11:00:00,0.0,0.0,0.0,0.003717678029853214,0.0,0.0,0.1471652513726038,0.05338778008905533,0.0,0.0,0.0,6.061596320880258e-07,0.010139451159782873,0.0009378411303160812,0.00013236436590469006,0.0,0.0,0.005350056775111415,0.0,0.0029305048877783586,0.0,0.0,0.0002767218815535091
2018-11-14 12:00:00,0.0,0.0,0.0,0.0036989261360883194,0.0,0.0,0.14895546288542227,0.05463472917644671,0.0,0.0,0.0,6.031021750048121e-07,0.010112017815567795,0.0009355192336762947,0.00011458403717432356,0.0,0.0,0.005323071195543351,0.0,0.002617947464686727,0.0,0.0,0.00037524283243814367
2018-11-14 13:00:00,0.0,0.0,0.0,0.0034704348276133772,0.0,0.0,0.13884354306238803,0.05787891276510871,0.0,0.0,0.0,5.65847144749825e-07,0.04044646757038904,0.0008901588677642761,0.00039110545125782683,0.0,0.0,0.0049942526525861225,0.0,0.001653008361280142,0.0,0.0,0.0003853946338690116
2018-11-14 14:00:00,0.0,0.0,0.0,0.0031279640755719697,0.0,0.0,0.12486642305036169,0.05296203258235725,0.0,0.0,0.0,5.100080044608191e-07,0.11866332319372674,0.0008899861541929582,0.0004693467867834594,0.0,0.0,0.004501407938083244,0.0,0.0006819898735147535,0.0,0.0,0.0003436077005628768
2018-11-14 15:00:00,0.0,0.0,0.0,0.002829141937627068,0.0,0.0,0.1149384200018114,0.04784493513998659,0.0,0.0,0.0,4.612856794660451e-07,0.13469160034737346,0.0008727647581440971,0.0006502743297481483,0.0,0.0,0.0040713773139066465,0.0,0.00022775545682537509,0.0,0.0,0.000297195909104937
2018-11-14 16:00:00,0.0,0.0,0.0,0.002733984371349064,0.0,0.0,0.11813395791966728,0.04622641875845074,0.0,0.0,0.0,4.457704371824781e-07,0.1345204322317811,0.0008538974044771347,0.0006706029939780956,0.0,0.0,0.003934437434207368,0.0,6.419436105018862e-05,0.0,0.0,0.00027407065686263027
2018-11-14 17:00:00,0.0,0.0,0.0,0.002800725448981125,0.0,0.0,0.1209718850737508,0.04720307259430977,0.0,0.0,0.0,4.5665243038838396e-07,0.1306773387854151,0.0008891338561663151,0.0006312632537325796,0.0,0.0,0.004030483555387405,0.0,3.757797229326298e-05,0.0,0.0,0.00037322742973507945
2018-11-14 18:00:00,0.0,0.0,0.0,0.0028771472217387975,0.0,0.0,0.11608070712965533,0.04803296765699364,0.0,0.0,0.0,4.6911284069996074e-07,0.130660722606667,0.0009066751026656371,0.0006217438725301127,0.0,0.0,0.004140461025148107,0.0,0.0,0.0,0.0,0.0004404050673343076
2018-11-14 19:00:00,0.0,0.0,0.0,0.0034532836400261568,0.0,0.0,0.1369893606867428,0.057347199621568305,0.0,0.0,0.0,5.630506794630899e-07,0.06471658648139782,0.0010350971347253585,0.00041310013642260483,0.0,0.0,0.004969570626166572,0.0,0.0,0.0,0.0,0.0005203026220846759
2018-11-14 20:00:00,0.0,0.0,0.0,0.003819148589598526,0.0,0.0,0.13783388277369193,0.056151702889924986,0.0,0.0,0.0,6.227041947610372e-07,0.016536174425214056,0.0011101087577026617,0.00019093794322085986,0.0,0.0,0.005496081592559414,0.0,0.0,0.0,0.0,0.0006006450312486508
2018-11-14 21:00:00,0.0,0.0,0.0,0.004093087174159178,0.0,0.0,0.12580481145682748,0.058654050406175745,0.0,0.0,0.0,6.673693083880383e-07,0.015518468912382425,0.0011117474740632999,0.00015576577928363156,0.0,0.0,0.005890302654341629,0.0,0.0,0.0,0.0,0.00040540115382202055
2018-11-14 22:00:00,0.0,0.0,0.0,0.004475678807453348,0.0,0.0,0.13535569070404863,0.05522774133882106,0.0,0.0,0.0,7.201480998402246e-07,0.01777200519022277,0.0011170783764634757,0.00015292392258559954,0.0,0.0,0.006356136266220877,0.0,0.0,0.0,0.0,0.00022535933424715733
2018-11-14 23:00:00,0.0,0.0,0.0,0.004299102720901362,0.0,0.0,0.13369150641232416,0.05422908606117296,0.0,0.0,0.0,7.152650129298668e-07,0.0,0.0010102092932145808,0.00014590130693392466,0.0,0.0,0.006313037401127823,0.0,0.0,0.0,0.0,0.00018696492386291515
2018-11-15 00:00:00,0.0,0.0,0.0,0.004451509860612698,0.0,0.0,0.12017901553963986,0.056582635584791256,0.0,0.0,0.0,7.456945666851916e-07,0.0,0.0010550640658587357,7.361656210979982e-05,0.0,0.0,0.006581613254111466,0.0,0.0,0.0,0.0,0.00021688168373793466
2018-11-15 01:00:00,0.0,0.0,0.0,0.004539877085531259,0.0,0.0,0.11718175147609618,0.057800664471275257,0.0,0.0,0.0,7.604974002311452e-07,0.0,0.0010653782171288772,4.952160041467671e-05,0.0,0.0,0.00671226530632842,0.0,0.0,0.0,0.0,0.0002967825794882987
2018-11-15 02:00:00,0.0,0.0,0.0,0.004616040654237199,0.0,0.0,0.11705752010777161,0.05963794313330592,0.0,0.0,0.0,7.732559386016647e-07,0.0,0.0010840572504305494,6.794540929065597e-05,0.0,0.0,0.006824874099518075,0.0,0.0,0.0,0.0,0.0003985530214760185
2018-11-15 03:00:00,0.0,0.0,0.0,0.00448109479972887,0.0,0.0,0.11761802709396413,0.05839356823850853,0.0,0.0,0.0,7.506504870460209e-07,0.0,0.0010523005644965972,7.695227142252893e-05,0.0,0.0,0.0066253549582761485,0.0,0.0,0.0,0.0,0.0005333715980945953
2018-11-15 04:00:00,0.0,0.0,0.0,0.0043320253636279695,0.0,0.0,0.13487166798613168,0.057129528353895925,0.0,0.0,0.0,7.256791240613353e-07,0.0,0.0010094191611124007,0.00011225274947470622,0.0,0.0,0.006404953924212266,0.0,0.0,0.0,0.0,0.0005182999486533789
2018-11-15 05:00:00,0.0,0.0,0.0,0.003821798700255,0.0,0.0,0.12824266203206738,0.05731777799251766,0.0,0.0,0.0,6.402085168811526e-07,0.023123133141813454,0.0010328186991821137,0.0002723996777974435,0.0,0.0,0.005650577392337214,0.0,0.0,0.0,0.0,0.00043839863956547783
2018-11-15 06:00:00,0.0,0.0,0.0,0.0034171006654598914,0.0,0.0,0.12318975547481491,0.05816117784425903,0.0,0.0,0.0,5.783575651449197e-07,0.06124654414842137,0.0011392075224721304,0.0005638582089665122,0.0,0.0,0.005104671518922884,0.0,0.00023796549752434727,0.0,0.0,0.0003619763097806784
2018-11-15 07:00:00,0.0,0.0,0.0,0.0032137941151316085,0.0,0.0,0.11401179255856843,0.055230938854734984,0.0,0.0,0.0,5.458358468847137e-07,0.10150722841354975,0.0010767597191894995,0.0006285044032100609,0.0,0.0,0.004817629904955736,0.0,0.0005053149471391365,0.0,0.0,0.0002773166507465373
2018-11-15 08:00:00,0.0,0.0,0.0,0.003435713421130025,0.0,0.0,0.125838792309755,0.05968733244332232,0.0,0.0,0.0,5.835269708305153e-07,0.052193680872923996,0.0011266938338253146,0.0006371871468823164,0.0,0.0,0.005150297476917237,0.0,0.0009723744304891165,0.0,0.0,0.00024705496181462975
2018-11-15 09:00:00,0.0,0.0,0.0,0.003473844912842079,0.0,0.0,0.12707273975871825,0.05988579133643479,0.0,0.0,0.0,5.819210465944672e-07,0.05580752495927247,0.001077972328271175,0.0005836157859961018,0.0,0.0,0.00513612334623521,0.0,0.0015084196701562473,0.0,0.0,0.00015853698354675037
2018-11-15 10:00:00,0.0,0.0,0.0,0.0037261700437942703,0.0,0.0,0.13637338538222593,0.06439126728598393,0.0,0.0,0.0,6.241892848059582e-07,0.03512041904151907,0.0010568312599833418,0.0004065373555103032,0.0,0.0,0.005509189222358369,0.0,0.002349930272096689,0.0,0.0,0.00013328433478284886
2018-11-15 11:00:00,0.0,0.0,0.0,0.0037202255291794227,0.0,0.0,0.13480820551226033,0.06436623207967096,0.0,0.0,0.0,6.231934895839608e-07,0.03678545285676631,0.0010421601813220228,0.0002762423167101624,0.0,0.0,0.0055004001828182075,0.0,0.002551311938347239,0.0,0.0,0.00013536604038737621
2018-11-15 12:00:00,0.0,0.0,0.0,0.0037612741474306803,0.0,0.0,0.13958304900991672,0.06497171088760278,0.0,0.0,0.0,6.300697478779691e-07,0.03307961227535821,0.0010658577284249557,0.00018471060550091765,0.0,0.0,0.005561091080604572,0.0,0.002359106749161982,0.0,0.0,0.00012526138055570134
2018-11-15 13:00:00,0.0,0.0,0.0,0.0035779445111703383,0.0,0.0,0.1377980909373652,0.061829808797075024,0.0,0.0,0.0,5.993592882918157e-07,0.04192886489141269,0.0010125534646383734,0.00018346628485960647,0.0,0.0,0.0052900359101873086,0.0,0.001541291666151873,0.0,0.0,0.00013239552208865778
2018-11-15 14:00:00,0.0,0.0,0.0,0.0032902314935554905,0.0,0.0,0.13046613672011328,0.05688079731150095,0.0,0.0,0.0,5.511630491015326e-07,0.06466111052756794,0.0009758716212509114,0.0004544662589645786,0.0,0.0,0.00486464859904842,0.0,0.0006689900875294567,0.0,0.0,0.00014406989807765739
2018-11-15 15:00:00,0.0,0.0,0.0,0.0030275768144126147,0.0,0.0,0.11985991733132462,0.052255778633688015,0.0,0.0,0.0,5.071644568745962e-07,0.0929000649208523,0.0010025869348144285,0.0005315204005819849,0.0,0.0,0.004476310356153185,0.0,0.00021910671193592357,0.0,0.0,0.00025580214566681825
2018-11-15 16:00:00,0.0,0.0,0.0,0.002668316833989133,0.0,0.0,0.1048278050566221,0.04537701397578736,0.0,0.0,0.0,4.4698302993907427e-07,0.13435480262924487,0.0008799696681931698,0.0006896104706210844,0.0,0.0,0.003945139961643138,0.0,6.436898370510443e-05,0.0,0.0,0.0003291211841799364
2018-11-15 17:00:00,0.0,0.0,0.0,0.002725569105056022,0.0,0.0,0.10688760320058222,0.04617988064179645,0.0,0.0,0.0,4.565736427427693e-07,0.13087467366620664,0.0009049946043055693,0.0006569450275847328,0.0,0.0,0.004029788163687097,0.0,3.7571488850348985e-05,0.0,0.0,0.0003412256587349851
2018-11-15 18:00:00,0.0,0.0,0.0,0.0032495896459394605,0.0,0.0,0.12713678899223993,0.054979299037301255,0.0,0.0,0.0,5.443549309806509e-07,0.060850378441453946,0.0010642918781686868,0.000500884187446588,0.0,0.0,0.004804559116756579,0.0,0.0,0.0,0.0,0.0004509199867460952
2018-11-15 19:00:00,0.0,0.0,0.0,0.003319294892991435,0.0,0.0,0.13049308559773673,0.05120243926335448,0.0,0.0,0.0,5.560316037554366e-07,0.03871749227244899,0.0009945809808819797,0.00012381741539845936,0.0,0.0,0.004907619200243678,0.0,0.0,0.0,0.0,0.0005035810627309833
2018-11-15 20:00:00,0.0,0.0,0.0,0.0035811475100212633,0.0,0.0,0.13046990965945887,0.05363380315147065,0.0,0.0,0.0,5.998958385668959e-07,0.037084667009211224,0.0010349696574268223,8.393193365409958e-05,0.0,0.0,0.005294771584228307,0.0,0.0,0.0,0.0,0.0005190133366825599
2018-11-15 21:00:00,0.0,0.0,0.0,0.003863792318941487,0.0,0.0,0.13294089937054088,0.05677978371147623,0.0,0.0,0.0,6.384965488340038e-07,0.04068201509634749,0.0010628178457285252,6.378514147519201e-05,0.0,0.0,0.00563546730290768,0.0,0.0,0.0,0.0,0.0005947218319423715
2018-11-15 22:00:00,0.0,0.0,0.0,0.004281669381051289,0.0,0.0,0.1529201873112012,0.05423444917486817,0.0,0.0,0.0,6.9811724304783e-07,0.007711920982742088,0.0010819349227321957,6.307743204890256e-05,0.0,0.0,0.006161688585438098,0.0,0.0,0.0,0.0,0.0005782900090851521
2018-11-15 23:00:00,0.0,0.0,0.0,0.004154817319950845,0.0,0.0,0.15923164083264366,0.04473139640007942,0.0,0.0,0.0,6.774342796312027e-07,0.0,0.0009445455592720566,6.590338399620558e-05,0.0,0.0,0.005979137615860435,0.0,0.0,0.0,0.0,0.0004813481248148492
2018-11-16 00:00:00,0.0,0.0,0.0,0.00417463349271127,0.0,0.0,0.14746289985873492,0.04423761726991604,0.0,0.0,0.0,6.806652651800848e-07,0.004174323007767645,0.0009302585791550823,0.0001027086462585935,0.0,0.0,0.006007654783964386,0.0,0.0,0.0,0.0,0.0005087031570500705
2018-11-16 01:00:00,0.0,0.0,0.0,0.004300943037208394,0.0,0.0,0.12785576649552757,0.044264757482314315,0.0,0.0,0.0,7.012597723985073e-07,0.0,0.0009629101764112763,0.0001077418416432439,0.0,0.0,0.006189425025731332,0.0,0.0,0.0,0.0,0.0006118741116146961
2018-11-16 02:00:00,0.0,0.0,0.0,0.004472405247071578,0.0,0.0,0.12405085954694509,0.04615063727673298,0.0,0.0,0.0,7.292163273268994e-07,0.0,0.0009933207965957826,9.973685372331201e-05,0.0,0.0,0.006436173816290346,0.0,0.0,0.0,0.0,0.0005879431096532807
2018-11-16 03:00:00,0.0,0.0,0.0,0.004310291269267752,0.0,0.0,0.13170324387020507,0.044594601681724466,0.0,0.0,0.0,7.027839820961391e-07,0.0,0.0009571932980164341,8.040767584721363e-05,0.0,0.0,0.006202877931513616,0.0,0.0,0.0,0.0,0.0005640442213688802
2018-11-16 04:00:00,0.0,0.0,0.0,0.0038809115152819863,0.0,0.0,0.14556010518532908,0.04521396100863482,0.0,0.0,0.0,6.327745106970421e-07,0.024857132494703522,0.0008462383327188713,0.0002143798691889349,0.0,0.0,0.005584963727147208,0.0,0.0,0.0,0.0,0.0003960342115486923
2018-11-16 05:00:00,0.0,0.0,0.0,0.0034164564377958794,0.0,0.0,0.12975070340239764,0.05152733739869941,0.0,0.0,0.0,5.570460811155515e-07,0.0569202810590714,0.0008608861442414831,0.00027387132938433054,0.0,0.0,0.0049165731311661045,0.0,0.0,0.0,0.0,0.0003855527265351902
2018-11-16 06:00:00,0.0,0.0,0.0,0.0032281449472393864,0.0,0.0,0.14096221375732695,0.05332422831510428,0.0,0.0,0.0,5.334550197855727e-07,0.0828838853591229,0.0009325694921724808,0.00037290168215047757,0.0,0.0,0.004708354848688672,0.0,0.0002414393560740551,0.0,0.0,0.0003908280166772278
2018-11-16 07:00:00,0.0,0.0,0.0,0.003167774666351099,0.0,0.0,0.10892731547846923,0.05287082629767362,0.0,0.0,0.0,5.23478754806126e-07,0.09617654989541995,0.000928218175654426,0.0003957717205172322,0.0,0.0,0.004620302822096699,0.0,0.0005600025202040801,0.0,0.0,0.0002948664068727856
2018-11-16 08:00:00,0.0,0.0,0.0,0.0032433718492309886,0.0,0.0,0.10253107776845197,0.054243920151791025,0.0,0.0,0.0,5.359712845245987e-07,0.09119197939680049,0.0009262194672895188,0.00033681614123129986,0.0,0.0,0.004730563782610298,0.0,0.0010364705175748765,0.0,0.0,0.0002565190842202534
2018-11-16 09:00:00,0.0,0.0,0.0,0.003199964960177116,0.0,0.0,0.11398988695751473,0.05364980234255285,0.0,0.0,0.0,5.287982414185677e-07,0.07662028007691535,0.0009069372436752798,0.000276923699156366,0.0,0.0,0.004667253417095864,0.0,0.0015447774590814489,0.0,0.0,0.0001382239046485558
2018-11-16 10:00:00,0.0,0.0,0.0,0.003077884289993121,0.0,0.0,0.10954518289798834,0.05190950026268477,0.0,0.0,0.0,5.086242568568983e-07,0.07586164717201448,0.0008127240108831517,0.00028118984743678784,0.0,0.0,0.0044891947720268055,0.0,0.002155519052210246,0.0,0.0,0.0001086075127846306
2018-11-16 11:00:00,0.0,0.0,0.0,0.003338419958018096,0.0,0.0,0.12658606923389226,0.05634936647265547,0.0,0.0,0.0,5.516781042561501e-07,0.028253661660047634,0.0008883203443999699,0.00023797736781923528,0.0,0.0,0.00486919455389867,0.0,0.0024741716039710167,0.0,0.0,0.00015639082792184516
2018-11-16 12:00:00,0.0,0.0,0.0,0.003371764872282933,0.0,0.0,0.1278644556776396,0.052478233603197,0.0,0.0,0.0,5.571883933508541e-07,0.02762135774845334,0.0008898886278257212,0.00023183011723617696,0.0,0.0,0.0049178292005220255,0.0,0.002200852143726899,0.0,0.0,0.00017846625894798768
2018-11-16 13:00:00,0.0,0.0,0.0,0.0033235369072141196,0.0,0.0,0.13252617615052037,0.04841831986910678,0.0,0.0,0.0,5.492186613591096e-07,0.029827993219483935,0.0008854568244830493,0.00020100912633923837,0.0,0.0,0.004847487138165648,0.0,0.0014010529458481525,0.0,0.0,0.00018400155098128657
2018-11-16 14:00:00,0.0,0.0,0.0,0.0031734343592811367,0.0,0.0,0.1283011775959644,0.04765895135582035,0.0,0.0,0.0,5.244140261936625e-07,0.05493105293846226,0.0008507022896213976,0.0002971191045202219,0.0,0.0,0.004628557669101638,0.0,0.0006041571271533805,0.0,0.0,0.00021623556621819205
2018-11-16 15:00:00,0.0,0.0,0.0,0.002998539345017045,0.0,0.0,0.11977868863260023,0.049943298500422166,0.0,0.0,0.0,4.955124047300926e-07,0.07905352171943326,0.000864260507694965,0.0003641964425160919,0.0,0.0,0.004373467578080164,0.0,0.00020387881654411515,0.0,0.0,0.0002955318904359847
2018-11-16 16:00:00,0.0,0.0,0.0,0.0028935480695608824,0.0,0.0,0.1264356517331374,0.0480058129030221,0.0,0.0,0.0,4.781624641787315e-07,0.10004574256398997,0.0008524725210016581,0.000389458718540597,0.0,0.0,0.004220334373424415,0.0,6.885906131449473e-05,0.0,0.0,0.0005087543432870317
2018-11-16 17:00:00,0.0,0.0,0.0,0.0030717058595415023,0.0,0.0,0.12580289804807568,0.050181107591551595,0.0,0.0,0.0,5.076032634403448e-07,0.06435994460068915,0.0009080888059506757,0.0003842338081682319,0.0,0.0,0.0044801833294027555,0.0,4.177072123169927e-05,0.0,0.0,0.0008110524513207842
2018-11-16 18:00:00,0.0,0.0,0.0,0.0030104261028423025,0.0,0.0,0.12042238685511555,0.04900429233403722,0.0,0.0,0.0,4.97476706437264e-07,0.0645085272913675,0.0008597396283436418,0.0003369536086322863,0.0,0.0,0.004390804802633727,0.0,0.0,0.0,0.0,0.0009084253252573649
2018-11-16 19:00:00,0.0,0.0,0.0,0.0032117246328936186,0.0,0.0,0.12914861860716073,0.03662211113763804,0.0,0.0,0.0,5.307415421513984e-07,0.0429968128371213,0.0008932213350477761,0.0002141640711770692,0.0,0.0,0.00468440528386724,0.0,0.0,0.0,0.0,0.0008929642830698141
2018-11-16 20:00:00,0.0,0.0,0.0,0.003539567671429109,0.0,0.0,0.1331005911819219,0.033305315167548935,0.0,0.0,0.0,5.809923930530696e-07,0.013658389863083204,0.0009432905230967338,0.0001764006810753321,0.0,0.0,0.005127926909343213,0.0,0.0,0.0,0.0,0.0009689546570205691
2018-11-16 21:00:00,0.0,0.0,0.0,0.003834852114707059,0.0,0.0,0.1345015761261682,0.02073424236307106,0.0,0.0,0.0,6.25264621706522e-07,0.0011184154339516786,0.0009830339831839515,9.443075072607586e-05,0.0,0.0,0.005518680308807942,0.0,0.0,0.0,0.0,0.0009783350043369222
2018-11-16 22:00:00,0.0,0.0,0.0,0.003924175071254297,0.0,0.0,0.14094860494624498,0.01862486678562596,0.0,0.0,0.0,6.398285430689717e-07,0.0,0.0009549930278588258,8.843134247526323e-05,0.0,0.0,0.005647223685886619,0.0,0.0,0.0,0.0,0.0010505900301950636
2018-11-16 23:00:00,0.0,0.0,0.0,0.0038682159820317614,0.0,0.0,0.11686337219636066,0.018310266820814186,0.0,0.0,0.0,6.47984106715848e-07,0.0,0.0008752986165905717,0.00015632495996623766,0.0,0.0,0.005719205926593613,0.0,0.0,0.0,0.0,0.0013407119356116939
2018-11-17 00:00:00,0.0,0.0,0.0,0.004105053375121804,0.0,0.0,0.11385150099013304,0.01897413311049956,0.0,0.0,0.0,6.876579168937775e-07,0.0,0.0009248303956675823,0.00016958278039733735,0.0,0.0,0.0060693729877120805,0.0,0.0,0.0,0.0,0.0011671002951139189
2018-11-17 01:00:00,0.0,0.0,0.0,0.004053909018028351,0.0,0.0,0.10389532367596169,0.018780066364702693,0.0,0.0,0.0,6.790904711516838e-07,0.0,0.0009268092909550797,0.00013745679173690325,0.0,0.0,0.005993755413212775,0.0,0.0,0.0,0.0,0.0008850457170786888
2018-11-17 02:00:00,0.0,0.0,0.0,0.0041682452135688745,0.0,0.0,0.11612202722021808,0.01928072102408852,0.0,0.0,0.0,6.982434961835746e-07,0.008866195260746657,0.0009440984330399191,0.00019894440001384992,0.0,0.0,0.006162802914747594,0.0,0.0,0.0,0.0,0.0009408552024992923
2018-11-17 03:00:00,0.0,0.0,0.0,0.004060863277913563,0.0,0.0,0.11383179123232637,0.02005606803789173,0.0,0.0,0.0,6.802554138282356e-07,0.0,0.0009125714823945067,0.00017967637537529498,0.0,0.0,0.0060040373738207975,0.0,0.0,0.0,0.0,0.0006987326162861201
2018-11-17 04:00:00,0.0,0.0,0.0,0.004044807493486356,0.0,0.0,0.11931914067225861,0.021018548592657532,0.0,0.0,0.0,6.77565829488061e-07,0.00841051802512197,0.0009266697427141044,0.00021218985464263918,0.0,0.0,0.005980298694833189,0.0,0.0,0.0,0.0,0.0007832780386773232
2018-11-17 05:00:00,0.0,0.0,0.0,0.0038352037575538787,0.0,0.0,0.12194001097610853,0.020022797304021334,0.0,0.0,0.0,6.424540647305066e-07,0.005676356579511982,0.0009159080505225066,0.00019808586636096143,0.0,0.0,0.005670396937963981,0.0,0.0,0.0,0.0,0.0008680464226130571
2018-11-17 06:00:00,0.0,0.0,0.0,0.003328310449650424,0.0,0.0,0.1075687599356741,0.017689188363907808,0.0,0.0,0.0,5.57541844511216e-07,0.010104300623522376,0.0008969393702423027,0.00036079668986953957,0.0,0.0,0.004920948814028209,0.0,0.00026381098818078986,0.0,0.0,0.0007676864512399162
2018-11-17 07:00:00,0.0,0.0,0.0,0.00313168654235677,0.0,0.0,0.10286287351400172,0.016502479174204786,0.0,0.0,0.0,5.246043954343066e-07,0.03238385830509869,0.0008543359239285749,0.0003354350077342008,0.0,0.0,0.004630237896869647,0.0,0.000571999134685848,0.0,0.0,0.0004982948941900228
2018-11-17 08:00:00,0.0,0.0,0.0,0.0030924935841140306,0.0,0.0,0.10994465414941236,0.01606991847568917,0.0,0.0,0.0,5.180389879817647e-07,0.01932155677983116,0.0008556522806205672,0.0003002132193215649,0.0,0.0,0.004572290615718899,0.0,0.001044422211124503,0.0,0.0,0.000249843783567038
2018-11-17 09:00:00,0.0,0.0,0.0,0.0030362355998283875,0.0,0.0,0.12451256064623681,0.015280896317835663,0.0,0.0,0.0,5.08614933104193e-07,0.015415987761341794,0.0008275458451763815,0.00022731534380497894,0.0,0.0,0.0044891124791724335,0.0,0.001527669964325805,0.0,0.0,0.00015916326480338393
2018-11-17 10:00:00,0.0,0.0,0.0,0.003081217544278742,0.0,0.0,0.1247154623024695,0.014713687007840062,0.0,0.0,0.0,5.161500824413548e-07,0.02477533525078474,0.0008011339683445528,0.0002717848507222904,0.0,0.0,0.004555618849159315,0.0,0.0022192685788707685,0.0,0.0,0.0001691222757047785
2018-11-17 11:00:00,0.0,0.0,0.0,0.003073173664221422,0.0,0.0,0.12471996033303087,0.013926536653574965,0.0,0.0,0.0,5.148026120680138e-07,0.010928545933672536,0.000789880207849569,0.0002603050114316618,0.0,0.0,0.0045437258714377165,0.0,0.0023617459648815333,0.0,0.0,0.0002046912619388604
2018-11-17 12:00:00,0.0,0.0,0.0,0.0031689441185964546,0.0,0.0,0.12851322634336243,0.014173031690749524,0.0,0.0,0.0,5.308455974173946e-07,0.00395462522306582,0.0008187355199833386,0.0001831093802329064,0.0,0.0,0.004685323691414292,0.0,0.002140483421065981,0.0,0.0,0.00024038542799367053
2018-11-17 13:00:00,0.0,0.0,0.0,0.0032625088046612225,0.0,0.0,0.10970897335364709,0.014602853600579828,0.0,0.0,0.0,5.46519083541606e-07,0.02682926115997774,0.000855482753542653,0.00022739092328773165,0.0,0.0,0.004823660255232641,0.0,0.0014616260035054914,0.0,0.0,0.00035613397237776074
2018-11-17 14:00:00,0.0,0.0,0.0,0.0032263230572488204,0.0,0.0,0.11689728875334099,0.014856371666398714,0.0,0.0,0.0,5.404574289386085e-07,0.011611265339839234,0.0008733495084079215,0.0003465608887442612,0.0,0.0,0.004770159173074729,0.0,0.0006559958315075289,0.0,0.0,0.0004238145871503503
2018-11-17 15:00:00,0.0,0.0,0.0,0.0030587541491059684,0.0,0.0,0.11634654867016686,0.018854203804871586,0.0,0.0,0.0,5.123871273420406e-07,0.022525009655232343,0.0008503650987503698,0.0003787431511971274,0.0,0.0,0.004522406437184308,0.0,0.00022136302571764741,0.0,0.0,0.0006677844143082281
2018-11-17 16:00:00,0.0,0.0,0.0,0.002897384902829121,0.0,0.0,0.10799348149248088,0.017435974309561952,0.0,0.0,0.0,4.853553619530795e-07,0.08823736032548768,0.0007911760489873356,0.0004255261124203758,0.0,0.0,0.004283819979250349,0.0,6.989489374798239e-05,0.0,0.0,0.0008416190267284482
2018-11-17 17:00:00,0.0,0.0,0.0,0.0028460168592135864,0.0,0.0,0.10589303896223481,0.01689902157640881,0.0,0.0,0.0,4.767504453686467e-07,0.0863356290205115,0.0007770663936365,0.0005818083759957373,0.0,0.0,0.004207871681417927,0.0,3.9231839873548405e-05,0.0,0.0,0.0007529795921714835
2018-11-17 18:00:00,0.0,0.0,0.0,0.002955519200700489,0.0,0.0,0.10855439525839512,0.016613126096024965,0.0,0.0,0.0,4.950937274556037e-07,0.08805173033469088,0.000789642320373767,0.000316112550806169,0.0,0.0,0.0043697722690058055,0.0,0.0,0.0,0.0,0.000424695981127209
2018-11-17 19:00:00,0.0,0.0,0.0,0.003247694475241716,0.0,0.0,0.12119411376040187,0.016831192850361006,0.0,0.0,0.0,5.44037461507034e-07,0.03713910710399588,0.0008517399158913763,0.0003095177050454746,0.0,0.0,0.00480175708307056,0.0,0.0,0.0,0.0,0.0004566657689375504
2018-11-17 20:00:00,0.0,0.0,0.0,0.003383433035655827,0.0,0.0,0.12645897849290627,0.017440451006169918,0.0,0.0,0.0,5.667757031733213e-07,0.019195277468637015,0.0008613085049146833,0.00024649100694659656,0.0,0.0,0.005002448249953108,0.0,0.0,0.0,0.0,0.0006552027003589949
2018-11-17 21:00:00,0.0,0.0,0.0,0.0036158462838547906,0.0,0.0,0.11408981731401115,0.01850002622152574,0.0,0.0,0.0,6.057084028267756e-07,0.004178963527812656,0.0008871858739038435,0.0001283849840421489,0.0,0.0,0.005346074157268711,0.0,0.0,0.0,0.0,0.0009767254751591728
2018-11-17 22:00:00,0.0,0.0,0.0,0.003950228019876409,0.0,0.0,0.11128791938857244,0.02026584540531266,0.0,0.0,0.0,6.617223512527515e-07,1.9510345726150265e-05,0.0008996012197532452,0.00017244502834924552,0.0,0.0,0.005840461754880317,0.0,0.0,0.0,0.0,0.001142571674098224
2018-11-17 23:00:00,0.0,0.0,0.0,0.003735177193276018,0.0,0.0,0.10450568457521121,0.019097566746194408,0.0,0.0,0.0,6.256981172336453e-07,0.0,0.0008166756401715301,0.00015037580460996178,0.0,0.0,0.005522506406025728,0.0,0.0,0.0,0.0,0.0010941913166457634
2018-11-18 00:00:00,0.0,0.0,0.0,0.004037647186385776,0.0,0.0,0.10798540098759243,0.0207002777479595,0.0,0.0,0.0,6.763663708172078e-07,0.0,0.0008600840101798679,0.0001945683915481655,0.0,0.0,0.0059697120908286305,0.0,0.0,0.0,0.0,0.0010234311566989483
2018-11-18 01:00:00,0.0,0.0,0.0,0.003978099894298283,0.0,0.0,0.10785898874045084,0.020491910461351806,0.0,0.0,0.0,6.663913076227285e-07,0.0,0.0008583340505251716,0.00018751636949854153,0.0,0.0,0.005881670671372907,0.0,0.0,0.0,0.0,0.0006010771437885052
2018-11-18 02:00:00,0.0,0.0,0.0,0.004021452106296189,0.0,0.0,0.10994908914213597,0.020659239287159695,0.0,0.0,0.0,6.736534523675171e-07,0.0,0.0008766362130465503,0.0002412660222640308,0.0,0.0,0.0059457674614541945,0.0,0.0,0.0,0.0,0.00047866167364409555
2018-11-18 03:00:00,0.0,0.0,0.0,0.0038884276715546325,0.0,0.0,0.10469066101100363,0.01998939090985634,0.0,0.0,0.0,6.513698673976538e-07,0.0,0.000843623136091146,0.0001585045206722135,0.0,0.0,0.005749089163476616,0.0,0.0,0.0,0.0,0.0005923241276652877
2018-11-18 04:00:00,0.0,0.0,0.0,0.004043830278815233,0.0,0.0,0.10884911263676421,0.020999395046642784,0.0,0.0,0.0,6.774021313960518e-07,0.0,0.0008682232137326948,0.00024624020066510004,0.0,0.0,0.005978853870664992,0.0,0.0,0.0,0.0,0.0005187339826944415
2018-11-18 05:00:00,0.0,0.0,0.0,0.0038515584687807453,0.0,0.0,0.10749037869421209,0.020713660701246903,0.0,0.0,0.0,6.541547477277762e-07,0.0,0.0008599514361499068,0.00022957817599632104,0.0,0.0,0.005773668939313426,0.0,0.0,0.0,0.0,0.000493706863702186
2018-11-18 06:00:00,0.0,0.0,0.0,0.003699389336555,0.0,0.0,0.11950821108245453,0.01981696918302391,0.0,0.0,0.0,6.28310102992421e-07,0.0,0.0008941073960919614,0.0001876453180304266,0.0,0.0,0.005545560188173997,0.0,0.000245592568517135,0.0,0.0,0.0005158384517424651
2018-11-18 07:00:00,0.0,0.0,0.0,0.0035518694671297056,0.0,0.0,0.11528867799119404,0.01907686708995861,0.0,0.0,0.0,6.032550963630432e-07,0.006634359192020348,0.0008968953661856455,0.00027931517772841394,0.0,0.0,0.00532442090262603,0.0,0.0005460611171034828,0.0,0.0,0.00032425647824794074
2018-11-18 08:00:00,0.0,0.0,0.0,0.003332950427177569,0.0,0.0,0.1191712559337948,0.01781873628558532,0.0,0.0,0.0,5.660735423210944e-07,0.0,0.0008576367851993687,0.0002468517991342835,0.0,0.0,0.004996250871860254,0.0,0.0009199993602490858,0.0,0.0,0.00020423667842032336
2018-11-18 09:00:00,0.0,0.0,0.0,0.003247093364720901,0.0,0.0,0.11771690312136986,0.01735972425177421,0.0,0.0,0.0,5.514914438050698e-07,0.015897129528006617,0.0008248668583877529,0.00022491674478639757,0.0,0.0,0.0048675470604694114,0.0,0.0013387773721925806,0.0,0.0,0.00019288443816448616
2018-11-18 10:00:00,0.0,0.0,0.0,0.003153359657705545,0.0,0.0,0.1227085233797305,0.016791834405915123,0.0,0.0,0.0,5.355715635895086e-07,0.015159255984721613,0.0007892916226898059,0.00022087511680317706,0.0,0.0,0.004727035785060269,0.0,0.0018400158251676367,0.0,0.0,0.00027210179231980386
2018-11-18 11:00:00,0.0,0.0,0.0,0.0032259827734168038,0.0,0.0,0.12484665558251709,0.017048779642039845,0.0,0.0,0.0,5.441273257924438e-07,0.004342346539680953,0.00080010541933226,0.00020924889425889026,0.0,0.0,0.004802550238872343,0.0,0.00199254489723928,0.0,0.0,0.00021034134262946753
2018-11-18 12:00:00,0.0,0.0,0.0,0.0033228991086941416,0.0,0.0,0.12480531193345994,0.017533209563275795,0.0,0.0,0.0,5.566353638617434e-07,0.0,0.0008103306624997226,0.00021915387810672116,0.0,0.0,0.0049129480784406016,0.0,0.0018436744934872812,0.0,0.0,0.0002397681333211085
2018-11-18 13:00:00,0.0,0.0,0.0,0.0033558620361836084,0.0,0.0,0.12163943753510599,0.017758690918738385,0.0,0.0,0.0,5.660340937105951e-07,0.0,0.0008380184797343913,0.0002745156157878133,0.0,0.0,0.004995902692445626,0.0,0.0012459882462180815,0.0,0.0,0.0002375648856359832
2018-11-18 14:00:00,0.0,0.0,0.0,0.003396249817159728,0.0,0.0,0.1256117001737891,0.018121194583264836,0.0,0.0,0.0,5.768244102673389e-07,0.008945786457427638,0.0008704194453919224,0.0003468008776162851,0.0,0.0,0.005091139661626743,0.0,0.000557736498504681,0.0,0.0,0.00039499480257040143
2018-11-18 15:00:00,0.0,0.0,0.0,0.0032065234548385706,0.0,0.0,0.131610486094726,0.017131513616851585,0.0,0.0,0.0,5.446009865058934e-07,0.016710106907773272,0.0008306836702110777,0.0003885262511114288,0.0,0.0,0.004806730840111602,0.0,0.00017926106964455762,0.0,0.0,0.0006556332682930006
2018-11-18 16:00:00,0.0,0.0,0.0,0.0029336109663161605,0.0,0.0,0.13871892523181897,0.015808001270409783,0.0,0.0,0.0,4.982491002426554e-07,0.052866100616824396,0.000785331426433425,0.00036099588867997116,0.0,0.0,0.004397622067414877,0.0,7.175169092878974e-05,0.0,0.0,0.000845633646683185
2018-11-18 17:00:00,0.0,0.0,0.0,0.0028842723303391556,0.0,0.0,0.13767307146467955,0.017201185589560474,0.0,0.0,0.0,4.898693487128837e-07,0.06070079405860666,0.0007687210486764796,0.00037708730600118806,0.0,0.0,0.0043236611104782155,0.0,4.031139568795293e-05,0.0,0.0,0.0009251932117427006
2018-11-18 18:00:00,0.0,0.0,0.0,0.002919223340469377,0.0,0.0,0.13396195501278385,0.01609102676237047,0.0,0.0,0.0,4.958054832412539e-07,0.06754684888909593,0.0007527689249387168,0.00039066817782108684,0.0,0.0,0.004376054333435146,0.0,0.0,0.0,0.0,0.0010203706064001543
2018-11-18 19:00:00,0.0,0.0,0.0,0.003096759637882356,0.0,0.0,0.14173209764573697,0.016468580035652408,0.0,0.0,0.0,5.259585272072399e-07,0.0358273984052652,0.0007799647717304799,0.00038643651178987213,0.0,0.0,0.004642189669113568,0.0,0.0,0.0,0.0,0.0009565622894433263
2018-11-18 20:00:00,0.0,0.0,0.0,0.003190046439897907,0.0,0.0,0.13534135831109867,0.017099766308733503,0.0,0.0,0.0,5.418025043747814e-07,0.0537013000610821,0.0007437219068869144,0.00032900372508423524,0.0,0.0,0.0047820310127179326,0.0,0.0,0.0,0.0,0.001007319386791635
2018-11-18 21:00:00,0.0,0.0,0.0,0.0033299855655375137,0.0,0.0,0.13805026865203054,0.01754436204813613,0.0,0.0,0.0,5.655699855572755e-07,0.03863683257050907,0.0007639734073917918,0.00032332115440949783,0.0,0.0,0.004991806403549749,0.0,0.0,0.0,0.0,0.0009453160088371789
2018-11-18 22:00:00,0.0,0.0,0.0,0.003624098083526142,0.0,0.0,0.14607988486102647,0.019592692074699738,0.0,0.0,0.0,6.155225181665849e-07,0.013889407825615104,0.0007823394365770532,0.00034793392047565043,0.0,0.0,0.005432695026567787,0.0,0.0,0.0,0.0,0.000913237629387119
2018-11-18 23:00:00,0.0,0.0,0.0,0.0036041177621751494,0.0,0.0,0.10774608932352678,0.019029597150673462,0.0,0.0,0.0,6.037436998011476e-07,0.0,0.000727217816134183,0.0001653091444445107,0.0,0.0,0.005328733390617633,0.0,0.0,0.0,0.0,0.0007357248273932846
2018-11-19 00:00:00,0.0,0.0,0.0,0.003975771591147434,0.0,0.0,0.09708660747958214,0.02137937276371124,0.0,0.0,0.0,6.660012819767009e-07,0.0,0.0008036534773355317,0.0001547497967130904,0.0,0.0,0.005878228245913448,0.0,0.0,0.0,0.0,0.0007699092179684441
2018-11-19 01:00:00,0.0,0.0,0.0,0.0037881106926518377,0.0,0.0,0.08766939119537621,0.02122724276605146,0.0,0.0,0.0,6.345652711019172e-07,0.0,0.0007682543344070305,0.00012139148855130537,0.0,0.0,0.00560076924986686,0.0,0.0,0.0,0.0,0.0007569306938982622
2018-11-19 02:00:00,0.0,0.0,0.0,0.00375118002646171,0.0,0.0,0.08644338102686307,0.037601523770875576,0.0,0.0,0.0,6.283788314478775e-07,0.0,0.0007463621068173086,9.284693923159683e-05,0.0,0.0,0.005546166795937519,0.0,0.0,0.0,0.0,0.0006824618332673199
2018-11-19 03:00:00,0.0,0.0,0.0,0.003608946248467997,0.0,0.0,0.10613470278319598,0.03882616331949871,0.0,0.0,0.0,6.045525435657655e-07,0.0,0.0007064628241787087,0.000128851434777394,0.0,0.0,0.005335872368262834,0.0,0.0,0.0,0.0,0.0005720078412101107
2018-11-19 04:00:00,0.0,0.0,0.0,0.0035469443856956163,0.0,0.0,0.136448132673982,0.03831042181610343,0.0,0.0,0.0,5.982640016638796e-07,0.0,0.0007026461683648707,0.00020018463880660772,0.0,0.0,0.005280368744420607,0.0,0.0,0.0,0.0,0.0005440322321246788
2018-11-19 05:00:00,0.0,0.0,0.0,0.003018242467766449,0.0,0.0,0.14263957489626825,0.036572163120539194,0.0,0.0,0.0,5.198430904731407e-07,0.06085900278223669,0.0007366409147786542,0.00025211384956874195,0.0,0.0,0.004588213897715976,0.0,0.0,0.0,0.0,0.00040573543912943253
2018-11-19 06:00:00,0.0,0.0,0.0,0.0027684275954950738,0.0,0.0,0.15832507005587873,0.039499261839762795,0.0,0.0,0.0,4.7681654882362024e-07,0.08824081874140899,0.0007407867797828198,0.0003505798862535946,0.0,0.0,0.004208455120529372,0.0,9.809319883299506e-05,0.0,0.0,0.00032826738285426184
2018-11-19 07:00:00,0.0,0.0,0.0,0.0027255720785549047,0.0,0.0,0.1763064253158805,0.044954579015206324,0.0,0.0,0.0,4.6943538425254196e-07,0.06794969330796986,0.0007579704544612658,0.00036332207138860343,0.0,0.0,0.004143307843424032,0.0,0.0001931494139636578,0.0,0.0,0.0003404684348720935
2018-11-19 08:00:00,0.0,0.0,0.0,0.00260988547378171,0.0,0.0,0.1715343749363886,0.043483463116202103,0.0,0.0,0.0,4.526982673673053e-07,0.06706643774968955,0.0007401820526831569,0.00046851915700409124,0.0,0.0,0.003995583513317719,0.0,0.0003538995464707157,0.0,0.0,0.0003233295280961071
2018-11-19 09:00:00,0.0,0.0,0.0,0.002501131097168047,0.0,0.0,0.1525595955436639,0.04103792155789438,0.0,0.0,0.0,4.3077908190473564e-07,0.08295134737911988,0.0007192281371078465,0.0005054286660671644,0.0,0.0,0.003802121460615545,0.0,0.0005228705664849816,0.0,0.0,0.00027754119967102057
2018-11-19 10:00:00,0.0,0.0,0.0,0.00246057522910639,0.0,0.0,0.15069856580498991,0.0404165179195292,0.0,0.0,0.0,4.2379399438604e-07,0.08480922795708928,0.0007229085458219986,0.0005580781061577963,0.0,0.0,0.0037404700195992338,0.0,0.0006887624567540796,0.0,0.0,0.00024495666271772564
2018-11-19 11:00:00,0.0,0.0,0.0,0.0024966678444828336,0.0,0.0,0.159796579118214,0.04106296970788385,0.0,0.0,0.0,4.300103593470809e-07,0.08325551918684566,0.0007039822491680981,0.0005233628465245398,0.0,0.0,0.0037953365988232894,0.0,0.0007784830616659244,0.0,0.0,0.00022480298250929503
2018-11-19 12:00:00,0.0,0.0,0.0,0.0024813546879574665,0.0,0.0,0.16709633176286975,0.04078447181100227,0.0,0.0,0.0,4.2737291762460166e-07,0.07939307705950831,0.0007011114712314769,0.0005064057565303091,0.0,0.0,0.0037720581384815717,0.0,0.0006945790280009119,0.0,0.0,0.00016520801113179435
2018-11-19 13:00:00,0.0,0.0,0.0,0.0024071221194098933,0.0,0.0,0.16288451661896214,0.0392370245352895,0.0,0.0,0.0,4.1458756712355783e-07,0.08238010967587463,0.0006794530291991353,0.0005062181818988827,0.0,0.0,0.0036592126973645843,0.0,0.00047763030925183317,0.0,0.0,0.00015416026707674866
2018-11-19 14:00:00,0.0,0.0,0.0,0.0023650764586598894,0.0,0.0,0.16043884252605417,0.038644763985252746,0.0,0.0,0.0,4.0734588708668457e-07,0.09151418866735624,0.0006658520437045003,0.0005408923823396086,0.0,0.0,0.003595296531896745,0.0,0.0002346437248125332,0.0,0.0,0.00015146752031563795
2018-11-19 15:00:00,0.0,0.0,0.0,0.0023618558562385457,0.0,0.0,0.1601589987360697,0.03871892114936506,0.0,0.0,0.0,4.0679119079114956e-07,0.09766638220657105,0.0006998383352690274,0.0005342516299689877,0.0,0.0,0.0035904006983292183,0.0,9.20559367879712e-05,0.0,0.0,0.00018870216844832133
2018-11-19 16:00:00,0.0,0.0,0.0,0.00239583985598145,0.0,0.0,0.16282662730585076,0.03931032970897397,0.0,0.0,0.0,4.1264438106385255e-07,0.09612333043179927,0.0007228050867049963,0.0005609314598024639,0.0,0.0,0.003642061842715593,0.0,5.09348185404376e-05,0.0,0.0,0.0002096475677790633
2018-11-19 17:00:00,0.0,0.0,0.0,0.00259037781345847,0.0,0.0,0.17547011921291358,0.04232613236125962,0.0,0.0,0.0,4.461503747370592e-07,0.07657165206381468,0.0007749495388179357,0.0005294140923539892,0.0,0.0,0.003937790820642891,0.0,3.6713757126484736e-05,0.0,0.0,0.0002447385240966966
2018-11-19 18:00:00,0.0,0.0,0.0,0.0026904913766204424,0.0,0.0,0.1758723678547459,0.04414489675929313,0.0,0.0,0.0,4.633933048953214e-07,0.07648420686221079,0.0007529216525438222,0.0004894645001309492,0.0,0.0,0.004089979535351936,0.0,0.0,0.0,0.0,0.000348028434847673
2018-11-19 19:00:00,0.0,0.0,0.0,0.002784157347788406,0.0,0.0,0.18268843977227398,0.04587104628919363,0.0,0.0,0.0,4.795257423797608e-07,0.07022556192426062,0.0007591921425240375,0.00045013573960884785,0.0,0.0,0.004232366873428834,0.0,0.0,0.0,0.0,0.000365440837888728
2018-11-19 20:00:00,0.0,0.0,0.0,0.002987961709563901,0.0,0.0,0.19630088708040427,0.04933579981632794,0.0,0.0,0.0,5.146277232208433e-07,0.02852089702132984,0.0007651277594672302,0.00028040405708097167,0.0,0.0,0.004542182275968527,0.0,0.0,0.0,0.0,0.0005229221840208788
2018-11-19 21:00:00,0.0,0.0,0.0,0.003053636592688865,0.0,0.0,0.19208574925654887,0.05063874525700282,0.0,0.0,0.0,5.259391518336042e-07,0.010596373350464858,0.0007591602706516098,0.0002591965602375819,0.0,0.0,0.004642018659129561,0.0,0.0,0.0,0.0,0.000648657008537399
2018-11-19 22:00:00,0.0,0.0,0.0,0.003344501358234792,0.0,0.0,0.1719051372790999,0.055785335116874044,0.0,0.0,0.0,5.760358687958547e-07,0.0,0.0007795610614933182,0.00018423561664482286,0.0,0.0,0.005084179875097511,0.0,0.0,0.0,0.0,0.0009988614224962665
2018-11-19 23:00:00,0.0,0.0,0.0,0.0034508606623996864,0.0,0.0,0.16121849373040734,0.05189873185138902,0.0,0.0,0.0,5.780708404372545e-07,0.0,0.0007560170281028075,0.00015903561308839673,0.0,0.0,0.005102140843200464,0.0,0.0,0.0,0.0,0.001134339559279175
2018-11-20 00:00:00,0.0,0.0,0.0,0.0034930802545746027,0.0,0.0,0.16369851968086882,0.048716151133159344,0.0,0.0,0.0,5.851432543997763e-07,0.0,0.0007630312694934578,0.00015975715032038898,0.0,0.0,0.005164563040644136,0.0,0.0,0.0,0.0,0.0011956112479282422
2018-11-20 01:00:00,0.0,0.0,0.0,0.0034753258360804467,0.0,0.0,0.16403024368335933,0.045613887061343034,0.0,0.0,0.0,5.821691234149411e-07,0.0,0.0007462140334172137,0.00013587982852047848,0.0,0.0,0.005138312909848267,0.0,0.0,0.0,0.0,0.0011402382522315974
2018-11-20 02:00:00,0.0,0.0,0.0,0.003482155047663863,0.0,0.0,0.16848135615452356,0.03777721811948196,0.0,0.0,0.0,5.833131186282408e-07,0.0,0.0007394763243619023,0.0001001461093291534,0.0,0.0,0.00514840998497108,0.0,0.0,0.0,0.0,0.0010930860006898265
2018-11-20 03:00:00,0.0,0.0,0.0,0.0032953513969855306,0.0,0.0,0.1662027238102783,0.036886107702261625,0.0,0.0,0.0,5.52020709600842e-07,0.0,0.0007068514518153214,9.477367226996269e-05,0.0,0.0,0.004872218440592089,0.0,0.0,0.0,0.0,0.0010385109434298415
2018-11-20 04:00:00,0.0,0.0,0.0,0.003130114587710352,0.0,0.0,0.19274800155892985,0.04781573776313298,0.0,0.0,0.0,5.243410694897138e-07,0.001020344759083171,0.0006773261249287237,0.00011538931656748662,0.0,0.0,0.004627913742176142,0.0,0.0,0.0,0.0,0.0011215659453117925
2018-11-20 05:00:00,0.0,0.0,0.0,0.002899771945267116,0.0,0.0,0.19027104315514873,0.04600268734936325,0.0,0.0,0.0,4.857552273093734e-07,0.03590072445275782,0.0007027176963272675,0.0001845148061339168,0.0,0.0,0.00428734925148381,0.0,0.0,0.0,0.0,0.0015576520249090205
2018-11-20 06:00:00,0.0,0.0,0.0,0.002563889091018645,0.0,0.0,0.17293340028252988,0.041438127834436546,0.0,0.0,0.0,4.354549554763035e-07,0.07946934767879674,0.000718339734918646,0.0003249516306987448,0.0,0.0,0.0038433914293776656,0.0,8.062566761191795e-05,0.0,0.0,0.0014829270120858785
2018-11-20 07:00:00,0.0,0.0,0.0,0.002424962173371881,0.0,0.0,0.16305019938346837,0.03922699002538024,0.0,0.0,0.0,4.118593892912249e-07,0.0953616362788214,0.0006742310292134885,0.0004273301192109646,0.0,0.0,0.003635133386366418,0.0,0.00012709480742013218,0.0,0.0,0.0011827103027977498
2018-11-20 08:00:00,0.0,0.0,0.0,0.002449135804591606,0.0,0.0,0.1650730483596638,0.039687173676188174,0.0,0.0,0.0,4.1596507683572915e-07,0.10463570216552656,0.000646644584572363,0.0005061596353935959,0.0,0.0,0.003671370806843102,0.0,0.0002567235455038046,0.0,0.0,0.0005834674754736349
2018-11-20 09:00:00,0.0,0.0,0.0,0.0025048460296392553,0.0,0.0,0.16620399710652956,0.0400600604924815,0.0,0.0,0.0,4.195992221003146e-07,0.10152911766867855,0.0006732770785280584,0.0005930452103385081,0.0,0.0,0.0037034463236959147,0.0,0.0004402429679266369,0.0,0.0,0.0003954662683349472
2018-11-20 10:00:00,0.0,0.0,0.0,0.0024753161394856314,0.0,0.0,0.1649118702411379,0.03871763442397789,0.0,0.0,0.0,4.1465252326511604e-07,0.09782591345593653,0.0006865793544284908,0.0005369312583909168,0.0,0.0,0.003659786010113953,0.0,0.0005971314283893675,0.0,0.0,0.00041370275169259695
2018-11-20 11:00:00,0.0,0.0,0.0,0.0024604963798033133,0.0,0.0,0.17726795867066264,0.04009582933039471,0.0,0.0,0.0,4.1216999158020045e-07,0.0823493697083808,0.0006887667775663165,0.00041676570505107464,0.0,0.0,0.0036378748092400835,0.0,0.0006868295397847316,0.0,0.0,0.0005265512527241546
2018-11-20 12:00:00,0.0,0.0,0.0,0.002521137333010977,0.0,0.0,0.19121543991865383,0.03980288986207994,0.0,0.0,0.0,4.2232825939078594e-07,0.07084360911257799,0.0007146884026945395,0.00036684448010339374,0.0,0.0,0.00372753322040186,0.0,0.0006690035846707564,0.0,0.0,0.0006063865442083357
2018-11-20 13:00:00,0.0,0.0,0.0,0.002532133171586644,0.0,0.0,0.1925240305669909,0.03993242276374163,0.0,0.0,0.0,4.241702270239641e-07,0.07704722920291418,0.0007169217077178004,0.00033915970177118127,0.0,0.0,0.00374379070587887,0.0,0.000497396373449218,0.0,0.0,0.0005543746217615351
2018-11-20 14:00:00,0.0,0.0,0.0,0.0025359783333194752,0.0,0.0,0.19127287861739045,0.04127290788637883,0.0,0.0,0.0,4.248143491986825e-07,0.07664234127401089,0.0007271201159245848,0.000355894692771999,0.0,0.0,0.003749475825808385,0.0,0.0002534455981551185,0.0,0.0,0.0006818996588551158
2018-11-20 15:00:00,0.0,0.0,0.0,0.002436736075408052,0.0,0.0,0.16887957783588659,0.039878257993308255,0.0,0.0,0.0,4.0818978476383416e-07,0.10186144744823557,0.000740340539547715,0.0005177277790140323,0.0,0.0,0.003602744900686304,0.0,9.237243547637961e-05,0.0,0.0,0.000769426073504047
2018-11-20 16:00:00,0.0,0.0,0.0,0.0025395714491086917,0.0,0.0,0.13455619689973064,0.04087175677782876,0.0,0.0,0.0,4.2541624990324947e-07,0.1035428932869002,0.00080013432725401,0.000541412644740893,0.0,0.0,0.003754788292643764,0.0,5.251131600801438e-05,0.0,0.0,0.0008614132954459853
2018-11-20 17:00:00,0.0,0.0,0.0,0.0027222949110005334,0.0,0.0,0.12123571156951225,0.04332927384427001,0.0,0.0,0.0,4.5602516620471783e-07,0.10785556676882356,0.0008605550464611598,0.0006051135323692972,0.0,0.0,0.0040249472266417115,0.0,3.7526354663429463e-05,0.0,0.0,0.0009250713170075076
2018-11-20 18:00:00,0.0,0.0,0.0,0.0027674449389852116,0.0,0.0,0.11991844253593227,0.0441538564904971,0.0,0.0,0.0,4.6358847205106825e-07,0.10866024320537931,0.0008555086199826323,0.0005890838532180601,0.0,0.0,0.004091702110245757,0.0,0.0,0.0,0.0,0.0007851005213847766
2018-11-20 19:00:00,0.0,0.0,0.0,0.003063939490716122,0.0,0.0,0.1341147190436731,0.04878837264470347,0.0,0.0,0.0,5.132557497165097e-07,0.06895570877598148,0.000891955119055297,0.0002503284767761702,0.0,0.0,0.004530073029899388,0.0,0.0,0.0,0.0,0.0007199355264088294
2018-11-20 20:00:00,0.0,0.0,0.0,0.0032085186566320092,0.0,0.0,0.14140953028588096,0.05161543255259172,0.0,0.0,0.0,5.374749251997052e-07,0.06921974410883754,0.0008955008622534299,0.0002478038931426169,0.0,0.0,0.00474383514308258,0.0,0.0,0.0,0.0,0.0007638011690838066
2018-11-20 21:00:00,0.0,0.0,0.0,0.0032158565282694763,0.0,0.0,0.1407915304551676,0.05225954002679906,0.0,0.0,0.0,5.387041285896623e-07,0.07297825339994653,0.0008454947169336891,0.000254639754723238,0.0,0.0,0.004754684278485703,0.0,0.0,0.0,0.0,0.0008389295219607756
2018-11-20 22:00:00,0.0,0.0,0.0,0.003827317219814218,0.0,0.0,0.17101947636133494,0.0627556191787343,0.0,0.0,0.0,6.411329515517047e-07,0.022034926031116453,0.0009399074187829531,0.00020690017633618902,0.0,0.0,0.005658736592835766,0.0,0.0,0.0,0.0,0.0008709821822545173
2018-11-20 23:00:00,0.0,0.0,0.0,0.0037035821212090445,0.0,0.0,0.1467135496771479,0.05712500669234988,0.0,0.0,0.0,6.038613236468201e-07,0.0,0.0008399706847461648,0.00015436597419019786,0.0,0.0,0.0053297715565052,0.0,0.0,0.0,0.0,0.00046241866520982405
2018-11-21 00:00:00,0.0,0.0,0.0,0.003644762929152918,0.0,0.0,0.1450633780017878,0.0487969690617474,0.0,0.0,0.0,5.942709773257687e-07,0.0,0.0008051160686499588,0.00016046199175422592,0.0,0.0,0.005245125706477439,0.0,0.0,0.0,0.0,0.000299736681163043
2018-11-21 01:00:00,0.0,0.0,0.0,0.003719309858665832,0.0,0.0,0.14743570521923732,0.042222451297345615,0.0,0.0,0.0,6.064256983650794e-07,0.0,0.0008009449670603237,0.0001478849690758491,0.0,0.0,0.005352405116394513,0.0,0.0,0.0,0.0,0.00036168243486137336
2018-11-21 02:00:00,0.0,0.0,0.0,0.0036535195763851926,0.0,0.0,0.14373429592851128,0.04335689845655322,0.0,0.0,0.0,5.956987303538731e-07,0.0,0.0007909145723773707,0.00014199758298257206,0.0,0.0,0.005257727271076658,0.0,0.0,0.0,0.0,0.0004539748837453839
2018-11-21 03:00:00,0.0,0.0,0.0,0.003707774038492714,0.0,0.0,0.14757125150416542,0.046613409167200935,0.0,0.0,0.0,6.045448069979894e-07,0.0,0.0008172504969966407,0.00012386969968271327,0.0,0.0,0.00533580408414318,0.0,0.0,0.0,0.0,0.00037836610346641175
2018-11-21 04:00:00,0.0,0.0,0.0,0.0037988121568940554,0.0,0.0,0.1629921019381864,0.057049544979395954,0.0,0.0,0.0,6.193883819157243e-07,0.0,0.0008552772671270453,0.00014343304975771435,0.0,0.0,0.005466815725881754,0.0,0.0,0.0,0.0,0.0002439953999973634
2018-11-21 05:00:00,0.0,0.0,0.0,0.0034864415586720516,0.0,0.0,0.13020622936368373,0.05455741037300299,0.0,0.0,0.0,5.84031173416151e-07,0.028550237150387514,0.0009161790423173793,0.00043238787286966853,0.0,0.0,0.00515474764534897,0.0,0.0,0.0,0.0,0.00022576682943630715
2018-11-21 06:00:00,0.0,0.0,0.0,0.0031312088801737064,0.0,0.0,0.11284438285773729,0.04958707443440961,0.0,0.0,0.0,5.245243798652581e-07,0.07911983490071567,0.0008952810518738284,0.0006868167503064011,0.0,0.0,0.004629531667331023,0.0,0.00010790790381293787,0.0,0.0,0.0002684202554936853
2018-11-21 07:00:00,0.0,0.0,0.0,0.002955248956948078,0.0,0.0,0.10457986077190243,0.047170793132010606,0.0,0.0,0.0,4.950484575799517e-07,0.11784405766193919,0.0008383084945623007,0.0005476927548890731,0.0,0.0,0.004369372710222742,0.0,0.00019350352900337318,0.0,0.0,0.00024057829855613568
2018-11-21 08:00:00,0.0,0.0,0.0,0.0029882107465703284,0.0,0.0,0.10704901695726361,0.0478113259592426,0.0,0.0,0.0,5.005700509716711e-07,0.104596332923834,0.0008086764046576374,0.0006002080275451691,0.0,0.0,0.004418107130284696,0.0,0.00038102560690377735,0.0,0.0,0.0002119324744361693
2018-11-21 09:00:00,0.0,0.0,0.0,0.003016638982822676,0.0,0.0,0.11875981239378704,0.04829767450349037,0.0,0.0,0.0,5.053322062802299e-07,0.09013585309065254,0.0008140883439667893,0.000523983687625911,0.0,0.0,0.0044601386347333264,0.0,0.0006029656179426238,0.0,0.0,0.00019348402949905484
2018-11-21 10:00:00,0.0,0.0,0.0,0.002885162181211419,0.0,0.0,0.13911630217905196,0.04636338821641665,0.0,0.0,0.0,4.833078730367746e-07,0.10477979882998906,0.0007742853880771553,0.000683783681708297,0.0,0.0,0.0042657485317821155,0.0,0.000735771847667461,0.0,0.0,0.00017259587431480363
2018-11-21 11:00:00,0.0,0.0,0.0,0.0030525024787294358,0.0,0.0,0.16303827159486006,0.048351273392514424,0.0,0.0,0.0,5.1133987893005e-07,0.07997046649339745,0.0008473840832611927,0.0005203175794937651,0.0,0.0,0.004513163263991638,0.0,0.0008415641535743658,0.0,0.0,0.00023531763959643844
2018-11-21 12:00:00,0.0,0.0,0.0,0.002886678499528018,0.0,0.0,0.16648622630016877,0.04572464143749643,0.0,0.0,0.0,4.835618790629227e-07,0.10502496567375884,0.0007975304408834355,0.0005175965650981818,0.0,0.0,0.004267990427463015,0.0,0.000696366184596619,0.0,0.0,0.0002741622044980792
2018-11-21 13:00:00,0.0,0.0,0.0,0.0029369321512564524,0.0,0.0,0.17866870177273178,0.04648998516784175,0.0,0.0,0.0,4.919801183173283e-07,0.08003241213027905,0.0008187184263716181,0.00043693098048254946,0.0,0.0,0.004342291082890033,0.0,0.0005060636390142784,0.0,0.0,0.00033327303907533697
2018-11-21 14:00:00,0.0,0.0,0.0,0.0029140413020564424,0.0,0.0,0.18447493408212318,0.04599578592403135,0.0,0.0,0.0,4.881455582669753e-07,0.0682255994069663,0.0008189908411519203,0.00040748332247209453,0.0,0.0,0.004308446674765569,0.0,0.0002410172688410034,0.0,0.0,0.0003288783143578739
2018-11-21 15:00:00,0.0,0.0,0.0,0.0027866625177140024,0.0,0.0,0.14580520445027867,0.044159796607615175,0.0,0.0,0.0,4.668077042872363e-07,0.09444017332661428,0.0008150050245951609,0.0006846105823998078,0.0,0.0,0.004120115541830502,0.0,9.603412689092783e-05,0.0,0.0,0.00029216066384943736
2018-11-21 16:00:00,0.0,0.0,0.0,0.0028121648785131943,0.0,0.0,0.14337282612012778,0.04484777752831549,0.0,0.0,0.0,4.7107973163999283e-07,0.10345753376136511,0.0008753450513924071,0.000678864366860636,0.0,0.0,0.004157821102663292,0.0,4.845649537118862e-05,0.0,0.0,0.0002740225554466949
2018-11-21 17:00:00,0.0,0.0,0.0,0.002829130494230815,0.0,0.0,0.1428197144621848,0.04511833837434638,0.0,0.0,0.0,4.739217263467859e-07,0.10260983872440745,0.0008735078525798597,0.0006949199532357302,0.0,0.0,0.004182904978644168,0.0,3.899906431394281e-05,0.0,0.0,0.00025299353726853556
2018-11-21 18:00:00,0.0,0.0,0.0,0.0029209268285540243,0.0,0.0,0.1336557289563254,0.04693811162017075,0.0,0.0,0.0,4.892989870717602e-07,0.1065451245320251,0.0008771694969700015,0.000682470987155138,0.0,0.0,0.00431862701219647,0.0,0.0,0.0,0.0,0.00035847774523951415
2018-11-21 19:00:00,0.0,0.0,0.0,0.003610104483336877,0.0,0.0,0.1521291040386218,0.05679410445675686,0.0,0.0,0.0,6.047465652518253e-07,0.02016030780779162,0.0010188195218316166,0.00030728673656425955,0.0,0.0,0.005337584833067603,0.0,0.0,0.0,0.0,0.0004341530215784037
2018-11-21 20:00:00,0.0,0.0,0.0,0.0037701941133864436,0.0,0.0,0.15509572187861828,0.058617153514309024,0.0,0.0,0.0,6.315639757594082e-07,0.0,0.0009962824448201816,0.00013683823131092155,0.0,0.0,0.005574279362333458,0.0,0.0,0.0,0.0,0.00048130735867579923
2018-11-21 21:00:00,0.0,0.0,0.0,0.0040888609353387445,0.0,0.0,0.16476890742905992,0.06368548044631012,0.0,0.0,0.0,6.849454407349709e-07,0.0,0.0009774964046994328,0.00025614720067075917,0.0,0.0,0.006045432262064016,0.0,0.0,0.0,0.0,0.00046146830215103096
2018-11-21 22:00:00,0.0,0.0,0.0,0.004325142996271698,0.0,0.0,0.18022939152901848,0.0671699612892914,0.0,0.0,0.0,7.245262244600309e-07,0.0,0.0009824660270521424,0.00022860148045416077,0.0,0.0,0.00639477825761148,0.0,0.0,0.0,0.0,0.0005814942294472904
2018-11-21 23:00:00,0.0,0.0,0.0,0.0044852296759498355,0.0,0.0,0.13016430998575165,0.0668015766511149,0.0,0.0,0.0,7.216848588650488e-07,0.0,0.0009332506516396537,0.00020986980861210816,0.0,0.0,0.006369699934266791,0.0,0.0,0.0,0.0,0.0005181040788105562
2018-11-22 00:00:00,0.0,0.0,0.0,0.0044357270574612645,0.0,0.0,0.11473868758247083,0.06612361656717013,0.0,0.0,0.0,7.137197616864279e-07,0.0,0.0009415396782525449,0.00015146554487018455,0.0,0.0,0.006299398779473439,0.0,0.0,0.0,0.0,0.0004572058475210191
2018-11-22 01:00:00,0.0,0.0,0.0,0.004378919159934776,0.0,0.0,0.13186251344824038,0.0653938955831331,0.0,0.0,0.0,7.04579226536432e-07,0.0,0.0009115586476492072,0.0001080675883045023,0.0,0.0,0.0062187230310094144,0.0,0.0,0.0,0.0,0.0004020650645257005
2018-11-22 02:00:00,0.0,0.0,0.0,0.00420432024551728,0.0,0.0,0.12691950121948614,0.06275835764656602,0.0,0.0,0.0,6.764858172769169e-07,0.0,0.0008742726730661715,9.181711950030657e-05,0.0,0.0,0.0059707663433839,0.0,0.0,0.0,0.0,0.0003685999037528547
2018-11-22 03:00:00,0.0,0.0,0.0,0.004207849057619104,0.0,0.0,0.12799639931625115,0.06261408959007934,0.0,0.0,0.0,6.770536121163477e-07,0.0,0.0008750064763468089,0.00010304896806929005,0.0,0.0,0.005975777786684911,0.0,0.0,0.0,0.0,0.0003140714146578396
2018-11-22 04:00:00,0.0,0.0,0.0,0.004330915619195461,0.0,0.0,0.14906925813838617,0.06472045516686017,0.0,0.0,0.0,6.968553347791747e-07,0.01993667515963042,0.0008781523539240658,9.84999292723183e-05,0.0,0.0,0.006150550791819224,0.0,0.0,0.0,0.0,0.0003104293715012247
2018-11-22 05:00:00,0.0,0.0,0.0,0.003571557807465103,0.0,0.0,0.14140686486115758,0.05591891246920701,0.0,0.0,0.0,5.902044276159099e-07,0.050377913338656787,0.0008638109912525836,0.00045879843079117065,0.0,0.0,0.005209233722460598,0.0,0.0,0.0,0.0,0.00020425143807200778
2018-11-22 06:00:00,0.0,0.0,0.0,0.0030775656012688533,0.0,0.0,0.12912122102644416,0.04873580986913772,0.0,0.0,0.0,5.120312638453436e-07,0.09866781394000021,0.0008227467623319732,0.0006297512583656845,0.0,0.0,0.004519265532032046,0.0,0.00010533775452426777,0.0,0.0,0.00014326657468052338
2018-11-22 07:00:00,0.0,0.0,0.0,0.002971932148213692,0.0,0.0,0.11551639104358266,0.04743708520264034,0.0,0.0,0.0,4.978431419614947e-07,0.10792122131354881,0.0008002946171011948,0.0007863702318564647,0.0,0.0,0.004394039018103171,0.0,0.00019459590952087394,0.0,0.0,0.000122801066267746
2018-11-22 08:00:00,0.0,0.0,0.0,0.0028637474351889893,0.0,0.0,0.12447137245236019,0.04645782476387636,0.0,0.0,0.0,4.797205823745292e-07,0.10572295834952078,0.0007928193537576632,0.0007180383135544445,0.0,0.0,0.004234086560750279,0.0,0.0003947625273262226,0.0,0.0,0.00010420178774928825
2018-11-22 09:00:00,0.0,0.0,0.0,0.002855790825531348,0.0,0.0,0.14579508059771537,0.046310611805290475,0.0,0.0,0.0,4.7192303203116064e-07,0.0948813810076208,0.0007780888683077289,0.0005970211942167813,0.0,0.0,0.004165264199716259,0.0,0.0006019361692887995,0.0,0.0,9.555835591876815e-05
2018-11-22 10:00:00,0.0,0.0,0.0,0.0029157826851829234,0.0,0.0,0.14908194609279113,0.04734353465877627,0.0,0.0,0.0,4.818367624244544e-07,0.08598286321645056,0.0007621398570962915,0.0006062236733906978,0.0,0.0,0.0042527642865738515,0.0,0.0008128330645337267,0.0,0.0,7.45047614647865e-05
2018-11-22 11:00:00,0.0,0.0,0.0,0.003004464676229547,0.0,0.0,0.14298602595640816,0.048845355606928834,0.0,0.0,0.0,4.964915731784933e-07,0.06786966186629836,0.0008585112586831931,0.0005862289124090736,0.0,0.0,0.004382109867196805,0.0,0.0009396958010100954,0.0,0.0,7.311503281103904e-05
2018-11-22 12:00:00,0.0,0.0,0.0,0.002990871261924559,0.0,0.0,0.12471947081725598,0.04909109820665412,0.0,0.0,0.0,4.993057758497603e-07,0.076056820139084,0.0008676689923394081,0.0006509225991318927,0.0,0.0,0.004406948446460299,0.0,0.0008731183038690932,0.0,0.0,7.169122529417073e-05
2018-11-22 13:00:00,0.0,0.0,0.0,0.0029472615690244344,0.0,0.0,0.1282998960019142,0.04852045575121739,0.0,0.0,0.0,4.937104504850179e-07,0.07776162739765691,0.0008588887287236215,0.0006874620975415377,0.0,0.0,0.004357563256830505,0.0,0.000609412204817611,0.0,0.0,6.179965396387377e-05
2018-11-22 14:00:00,0.0,0.0,0.0,0.0029010582214055503,0.0,0.0,0.13023548233349244,0.04765884279745732,0.0,0.0,0.0,4.859706978256073e-07,0.09335462995152367,0.0008444537696000174,0.0006404646161006994,0.0,0.0,0.004289251026914224,0.0,0.000289931671160823,0.0,0.0,5.904169674750508e-05
2018-11-22 15:00:00,0.0,0.0,0.0,0.0028052419320859804,0.0,0.0,0.12440709065760668,0.045587209131594524,0.0,0.0,0.0,4.635697637009707e-07,0.10067376171519979,0.0008512482403993072,0.0006995012773861308,0.0,0.0,0.004091536987512582,0.0,0.00010490480086620342,0.0,0.0,6.826685550011724e-05
2018-11-22 16:00:00,0.0,0.0,0.0,0.0029406592674945825,0.0,0.0,0.11312280342366565,0.04836335376231657,0.0,0.0,0.0,4.85947648994344e-07,0.10895791724236616,0.00090660032833968,0.000748772403622339,0.0,0.0,0.004289047594436488,0.0,4.998584830249008e-05,0.0,0.0,0.0001198668504535216
2018-11-22 17:00:00,0.0,0.0,0.0,0.0030282056545985194,0.0,0.0,0.10597145373321146,0.049959139349234655,0.0,0.0,0.0,5.004147997660663e-07,0.10973281647831525,0.0009318964181992922,0.0007136792021700681,0.0,0.0,0.004416736859616014,0.0,4.117918186651202e-05,0.0,0.0,0.000202655146273545
2018-11-22 18:00:00,0.0,0.0,0.0,0.00305126636515223,0.0,0.0,0.10052160668604095,0.05041293024243843,0.0,0.0,0.0,5.042256112400739e-07,0.1041014588117853,0.0009199505766371306,0.0007671781165694375,0.0,0.0,0.004450371659206605,0.0,0.0,0.0,0.0,0.00029515954460017244
2018-11-22 19:00:00,0.0,0.0,0.0,0.0032969426548898682,0.0,0.0,0.09297742900531271,0.05447198644225555,0.0,0.0,0.0,5.448239276554858e-07,0.09214132888323054,0.0009237801298970114,0.0006596109702820412,0.0,0.0,0.004808698552484197,0.0,0.0,0.0,0.0,0.0004653491915928335
2018-11-22 20:00:00,0.0,0.0,0.0,0.0037023558216538483,0.0,0.0,0.10317981669012047,0.0613863123760895,0.0,0.0,0.0,6.118189642576551e-07,0.022272132127354228,0.000999979699933227,0.0004037605203329084,0.0,0.0,0.005400006898501246,0.0,0.0,0.0,0.0,0.0007275456744006239
2018-11-22 21:00:00,0.0,0.0,0.0,0.0040432896732510906,0.0,0.0,0.11486526712246929,0.06792759704115402,0.0,0.0,0.0,6.681587127887459e-07,0.0004334025420461898,0.0009920572291840877,0.00025415048909657143,0.0,0.0,0.005897270057214962,0.0,0.0,0.0,0.0,0.0010208514238594976
2018-11-22 22:00:00,0.0,0.0,0.0,0.004407628882250074,0.0,0.0,0.12607651046223017,0.07279244159318432,0.0,0.0,0.0,7.28366226119714e-07,0.0,0.0010444584217678527,0.0002896235217765859,0.0,0.0,0.006428670694204559,0.0,0.0,0.0,0.0,0.0010887060576470413
2018-11-22 23:00:00,0.0,0.0,0.0,0.004161478373687809,0.0,0.0,0.11065444773873354,0.062403919983982786,0.0,0.0,0.0,6.652160299216667e-07,0.0,0.0009101838382779,0.0001619608371191768,0.0,0.0,0.005871297492272308,0.0,0.0,0.0,0.0,0.0009894158818891552
2018-11-23 00:00:00,0.0,0.0,0.0,0.004219907051826825,0.0,0.0,0.10556466758410134,0.0624235979681246,0.0,0.0,0.0,6.701756730810563e-07,0.0,0.0009049841253095284,0.00011278070303407723,0.0,0.0,0.005915072054421267,0.0,0.0,0.0,0.0,0.0011028869260416914
2018-11-23 01:00:00,0.0,0.0,0.0,0.004058102613960466,0.0,0.0,0.09862436779218263,0.060324676888151615,0.0,0.0,0.0,6.444790412067485e-07,0.0,0.0008652484835675496,0.00013407462669914064,0.0,0.0,0.005688269687224501,0.0,0.0,0.0,0.0,0.001105680171420742
2018-11-23 02:00:00,0.0,0.0,0.0,0.004165731109113023,0.0,0.0,0.10090737282322934,0.061965836070543,0.0,0.0,0.0,6.615718345540192e-07,0.0,0.0008786045759415536,0.0001438589434530327,0.0,0.0,0.005839133271686796,0.0,0.0,0.0,0.0,0.0010765496968875993
2018-11-23 03:00:00,0.0,0.0,0.0,0.00428319702819988,0.0,0.0,0.10699398167693093,0.0639110285426885,0.0,0.0,0.0,6.802269377165496e-07,0.0,0.0008765091213932119,0.00013857626363119926,0.0,0.0,0.006003786039343558,0.0,0.0,0.0,0.0,0.0011119150351815133
2018-11-23 04:00:00,0.0,0.0,0.0,0.004057567030000116,0.0,0.0,0.10862586698376316,0.06154443817204082,0.0,0.0,0.0,6.528728517700684e-07,0.0,0.0008400149472638636,0.00018524903118229138,0.0,0.0,0.005762354731321879,0.0,0.0,0.0,0.0,0.0011657492765390991
2018-11-23 05:00:00,0.0,0.0,0.0,0.0036340361210832678,0.0,0.0,0.09641998377578137,0.05666332995770143,0.0,0.0,0.0,5.847256516689024e-07,0.02711302415039302,0.0008616810060408193,0.0005652498389708796,0.0,0.0,0.005160877215654569,0.0,0.0,0.0,0.0,0.0011344818911009616
2018-11-23 06:00:00,0.0,0.0,0.0,0.0029982000525671675,0.0,0.0,0.07646254654564738,0.046809263235207746,0.0,0.0,0.0,4.824180115877567e-07,0.1175067423919339,0.0007815294612020909,0.0006786768467160967,0.0,0.0,0.004257894479776328,0.0,0.00011909467332385107,0.0,0.0,0.0009537457290199269
2018-11-23 07:00:00,0.0,0.0,0.0,0.0028879934378429357,0.0,0.0,0.07240759402294025,0.04580313394595124,0.0,0.0,0.0,4.6468548707073546e-07,0.12971986469029287,0.0007911282687799928,0.0007092052981196277,0.0,0.0,0.004101384531059812,0.0,0.0002485535864375704,0.0,0.0,0.000970011703025772
2018-11-23 08:00:00,0.0,0.0,0.0,0.0028774605682573757,0.0,0.0,0.07233559807962713,0.046011253833773115,0.0,0.0,0.0,4.6299072157387405e-07,0.12737203827560117,0.0008082203023524203,0.0007279287389388837,0.0,0.0,0.004086426273946129,0.0,0.00044766972287301203,0.0,0.0,0.000940905856340415
2018-11-23 09:00:00,0.0,0.0,0.0,0.0028685969321242876,0.0,0.0,0.0717065740492526,0.04585993448660168,0.0,0.0,0.0,4.615645399836561e-07,0.11978060361228056,0.0008147068579980434,0.0007653384497327528,0.0,0.0,0.004073838579095844,0.0,0.0007121660674306562,0.0,0.0,0.0009159167636590756
2018-11-23 10:00:00,0.0,0.0,0.0,0.0028261707751131375,0.0,0.0,0.06997143150726494,0.04518167231624902,0.0,0.0,0.0,4.5473806344914194e-07,0.12477095738468384,0.0007857602629703973,0.0007599652533741774,0.0,0.0,0.004013587062663102,0.0,0.0009822865199235304,0.0,0.0,0.001032954705035553
2018-11-23 11:00:00,0.0,0.0,0.0,0.00303464850963312,0.0,0.0,0.07116732865913347,0.04860588888490787,0.0,0.0,0.0,4.882826610023757e-07,0.09903912850191483,0.0008343547061194663,0.0007374939790594694,0.0,0.0,0.004309656764285863,0.0,0.001165243983118298,0.0,0.0,0.0012475718858065228
2018-11-23 12:00:00,0.0,0.0,0.0,0.003045476899298539,0.0,0.0,0.08465940824669478,0.04860924602304849,0.0,0.0,0.0,4.884183371644783e-07,0.09333520111136444,0.0008379788268008048,0.0006321308801802347,0.0,0.0,0.004310854262654036,0.0,0.0010851837788287192,0.0,0.0,0.0014367246604218818
2018-11-23 13:00:00,0.0,0.0,0.0,0.0030154175507398915,0.0,0.0,0.09293617668553182,0.04715707584918105,0.0,0.0,0.0,4.804470965778758e-07,0.09470170060196852,0.0008194223529708203,0.0005770847588014588,0.0,0.0,0.004240498885210817,0.0,0.0007511847154657886,0.0,0.0,0.0017263553581204425
2018-11-23 14:00:00,0.0,0.0,0.0,0.002902318857305063,0.0,0.0,0.10399529054984133,0.046107957504993656,0.0,0.0,0.0,4.6699048348555537e-07,0.08337029181986957,0.0008507588750433137,0.0006067184534535648,0.0,0.0,0.004121728778734695,0.0,0.00033625105214864443,0.0,0.0,0.0018344558162520226
2018-11-23 15:00:00,0.0,0.0,0.0,0.0027330143969489917,0.0,0.0,0.10001863003181521,0.04358274859180083,0.0,0.0,0.0,4.397489653460367e-07,0.09231968526135904,0.0008086517059141596,0.0006338867037120101,0.0,0.0,0.0038812910112366985,0.0,9.951420746781629e-05,0.0,0.0,0.002255229526601819
2018-11-23 16:00:00,0.0,0.0,0.0,0.0026676828096615945,0.0,0.0,0.09848576743974485,0.042977923503037994,0.0,0.0,0.0,4.292369468414435e-07,0.09620442820145135,0.000799084769385567,0.0005552552870101407,0.0,0.0,0.0037885103428393872,0.0,4.41524369035277e-05,0.0,0.0,0.002548979077028214
2018-11-23 17:00:00,0.0,0.0,0.0,0.002728531822183108,0.0,0.0,0.0989659338842213,0.04372106764522104,0.0,0.0,0.0,4.3902770766895155e-07,0.08721919735062536,0.0008236769209999257,0.0006487485456898218,0.0,0.0,0.003874925081673559,0.0,3.612763217032969e-05,0.0,0.0,0.002797845986290311
2018-11-23 18:00:00,0.0,0.0,0.0,0.003017018175969303,0.0,0.0,0.10722021551856815,0.04704254187280106,0.0,0.0,0.0,4.854458954895325e-07,0.04818702298448399,0.0008864037749841967,0.0006499290701133452,0.0,0.0,0.0042846190419632635,0.0,0.0,0.0,0.0,0.003443954096614379
2018-11-23 19:00:00,0.0,0.0,0.0,0.0032886356973264516,0.0,0.0,0.10004197932950724,0.05083793527002056,0.0,0.0,0.0,5.29149845282114e-07,0.008144010729249754,0.0009017978043800852,0.00040953840360579005,0.0,0.0,0.004670356726080399,0.0,0.0,0.0,0.0,0.004017002856835027
2018-11-23 20:00:00,0.0,0.0,0.0,0.0033498498876499212,0.0,0.0,0.08908311203891114,0.050552334073144314,0.0,0.0,0.0,5.389993641464465e-07,0.0,0.0008562529647023657,0.0001917011678328032,0.0,0.0,0.004757290072252248,0.0,0.0,0.0,0.0,0.0044568991899821995
2018-11-23 21:00:00,0.0,0.0,0.0,0.003356878352357118,0.0,0.0,0.08865207271634283,0.05111852361835739,0.0,0.0,0.0,5.40130261988189e-07,0.0,0.0008072642830923033,0.0001702092486171082,0.0,0.0,0.004767271547988815,0.0,0.0,0.0,0.0,0.004673058079339458
2018-11-23 22:00:00,0.0,0.0,0.0,0.0034359302427013046,0.0,0.0,0.08896736380039656,0.05196623767074177,0.0,0.0,0.0,5.52849912139433e-07,0.0,0.0007841330182225169,9.115697983348951e-05,0.0,0.0,0.004879537107861711,0.0,0.0,0.0,0.0,0.005177965566580536
2018-11-23 23:00:00,0.0,0.0,0.0,0.0034671953340660758,0.0,0.0,0.08837415394279573,0.04383834655476105,0.0,0.0,0.0,5.578805448336683e-07,0.0,0.0007307255505691065,0.00010898316038908997,0.0,0.0,0.004923938234403543,0.0,0.0,0.0,0.0,0.005319560917452802
2018-11-24 00:00:00,0.0,0.0,0.0,0.003531459826671104,0.0,0.0,0.07966077705164974,0.03676437500608346,0.0,0.0,0.0,5.682208650907066e-07,0.0,0.0007439735753186469,0.00010216155080199582,0.0,0.0,0.005015203468047403,0.0,0.0,0.0,0.0,0.00545790613312432
2018-11-24 01:00:00,0.0,0.0,0.0,0.003589734450004778,0.0,0.0,0.07906547220017095,0.02784226901132104,0.0,0.0,0.0,5.775974001523299e-07,0.0,0.0007537430106228887,0.00013171623153388645,0.0,0.0,0.005097962187496774,0.0,0.0,0.0,0.0,0.005465037662417273
2018-11-24 02:00:00,0.0,0.0,0.0,0.0036740379582647625,0.0,0.0,0.0699299962501783,0.018436508005272627,0.0,0.0,0.0,5.911620489788254e-07,0.0,0.0007792968994093782,0.00013202677700262388,0.0,0.0,0.005217685833735329,0.0,0.0,0.0,0.0,0.00552808953638372
2018-11-24 03:00:00,0.0,0.0,0.0,0.003689994440347596,0.0,0.0,0.06862136940829403,0.01824518138989734,0.0,0.0,0.0,5.937294875164055e-07,0.0,0.0007897947878288823,0.00010488456684741128,0.0,0.0,0.005240346435358282,0.0,0.0,0.0,0.0,0.005355370342576811
2018-11-24 04:00:00,0.0,0.0,0.0,0.003658442934799733,0.0,0.0,0.07149074552649706,0.018394941936935437,0.0,0.0,0.0,5.88652770051883e-07,0.0,0.0007855458574152769,0.0001107611788205805,0.0,0.0,0.005195538557649838,0.0,0.0,0.0,0.0,0.0052900743707415794
2018-11-24 05:00:00,0.0,0.0,0.0,0.0034939697823991632,0.0,0.0,0.08288125042543021,0.017932400256937694,0.0,0.0,0.0,5.69684469934955e-07,0.0,0.0007884245447988819,0.0001130768657802383,0.0,0.0,0.00502812146620918,0.0,0.0,0.0,0.0,0.005044106728700876
2018-11-24 06:00:00,0.0,0.0,0.0,0.0033488855936191393,0.0,0.0,0.09230435522737129,0.017289877138503003,0.0,0.0,0.0,5.460287962089113e-07,0.0,0.0008177866497116636,0.00015150554288246527,0.0,0.0,0.004819332904932194,0.0,0.00013479828602561714,0.0,0.0,0.004856767157070228
2018-11-24 07:00:00,0.0,0.0,0.0,0.0032435571699157453,0.0,0.0,0.08938791597183994,0.016779044731339808,0.0,0.0,0.0,5.288552168812301e-07,0.005670605786314784,0.0008073552513095827,0.00011091972475963612,0.0,0.0,0.004667756291163841,0.0,0.00023935750585219668,0.0,0.0,0.004676754814860829
2018-11-24 08:00:00,0.0,0.0,0.0,0.0032016634768173395,0.0,0.0,0.08677638657896192,0.016529787777306702,0.0,0.0,0.0,5.220245377876076e-07,0.01147690494508595,0.0008523552319715248,0.00019037373211982633,0.0,0.0,0.004607467682307519,0.0,0.0004510532174489305,0.0,0.0,0.004422240344309139
2018-11-24 09:00:00,0.0,0.0,0.0,0.003292569186252385,0.0,0.0,0.09006368120131639,0.018906505197497495,0.0,0.0,0.0,5.368465237001488e-07,0.010736987507421707,0.0008982291018403823,0.0001994293115237119,0.0,0.0,0.004738288776214481,0.0,0.0007289230067318095,0.0,0.0,0.0038224465485291992
2018-11-24 10:00:00,0.0,0.0,0.0,0.0033395871326284627,0.0,0.0,0.09044533877843947,0.019938755781495503,0.0,0.0,0.0,5.391214867128682e-07,0.011582563764412227,0.0009073713124436825,0.00024440388193477366,0.0,0.0,0.004758367944530922,0.0,0.0010536535226315382,0.0,0.0,0.003523058093644528
2018-11-24 11:00:00,0.0,0.0,0.0,0.003509978665379783,0.0,0.0,0.09532954629762164,0.020898866346421744,0.0,0.0,0.0,5.647644916216041e-07,0.011384158817899878,0.0009422926078247658,0.00023837927515596156,0.0,0.0,0.004984696992002489,0.0,0.0011967189976595108,0.0,0.0,0.003037752630816797
2018-11-24 12:00:00,0.0,0.0,0.0,0.0038244674139950863,0.0,0.0,0.10513198072660054,0.02054665605016415,0.0,0.0,0.0,6.153665308830646e-07,0.005358404256458297,0.0010253849683670476,0.0001305125620202173,0.0,0.0,0.005431318259163869,0.0,0.0011520274867218342,0.0,0.0,0.0020502992702627677
2018-11-24 13:00:00,0.0,0.0,0.0,0.0038953567212837333,0.0,0.0,0.10866455739183728,0.019729413956117103,0.0,0.0,0.0,6.267728006667439e-07,0.00572260476018736,0.0010497783499589686,0.00018636664713439635,0.0,0.0,0.005531991724872421,0.0,0.000786552206660344,0.0,0.0,0.0010222301217244403
2018-11-24 14:00:00,0.0,0.0,0.0,0.004053993971435609,0.0,0.0,0.11249122240367197,0.020573546033863216,0.0,0.0,0.0,6.522979375622923e-07,0.009814972845590592,0.0010950786001773188,0.00034466919042628187,0.0,0.0,0.005757280451396927,0.0,0.0003891630338585985,0.0,0.0,0.0005355323057585704
2018-11-24 15:00:00,0.0,0.0,0.0,0.003984593256928852,0.0,0.0,0.11105717088964036,0.020274630913186993,0.0,0.0,0.0,6.411311861420685e-07,0.015299015315614542,0.001103717481130866,0.0004402904156361613,0.0,0.0,0.005658721011062773,0.0,0.00013189686699303688,0.0,0.0,0.00032337189810130066
2018-11-24 16:00:00,0.0,0.0,0.0,0.003952373804977993,0.0,0.0,0.10879996180094699,0.02149808989462441,0.0,0.0,0.0,6.359469944030044e-07,0.026456784757722125,0.0011119084400299463,0.000785731891958054,0.0,0.0,0.00561296454911971,0.0,5.23321391618019e-05,0.0,0.0,0.0002364705704611855
2018-11-24 17:00:00,0.0,0.0,0.0,0.0039682568335138915,0.0,0.0,0.10772802627660157,0.02329585298818298,0.0,0.0,0.0,6.385026140781221e-07,0.059351250361685724,0.0011180397678987094,0.0008354763993945524,0.0,0.0,0.005635520835671444,0.0,5.2542441349971604e-05,0.0,0.0,0.00015749700099233467
2018-11-24 18:00:00,0.0,0.0,0.0,0.004317033011818082,0.0,0.0,0.11599125409074267,0.025401090100170227,0.0,0.0,0.0,6.946215879546709e-07,0.01978401936127536,0.0011409841437686136,0.0008551379937548249,0.0,0.0,0.006130835403826207,0.0,0.0,0.0,0.0,0.00015855311258882156
2018-11-24 19:00:00,0.0,0.0,0.0,0.004701824872820597,0.0,0.0,0.12863170714216174,0.02717789049944216,0.0,0.0,0.0,7.56535576749729e-07,0.007650901770961321,0.001240713518882174,0.0003180372099610876,0.0,0.0,0.00667729765187487,0.0,0.0,0.0,0.0,0.00015597399252463117
2018-11-24 20:00:00,0.0,0.0,0.0,0.004748077567311288,0.0,0.0,0.12664100658240987,0.023683230235492746,0.0,0.0,0.0,7.639777528939361e-07,0.0,0.0011968722532428565,0.00021477650635089821,0.0,0.0,0.006742983426370828,0.0,0.0,0.0,0.0,0.00015469568779223944
2018-11-24 21:00:00,0.0,0.0,0.0,0.004767599765486284,0.0,0.0,0.12551251000636235,0.023382137606161157,0.0,0.0,0.0,7.671189242168232e-07,0.0,0.0011622330188976635,0.0001938930128875723,0.0,0.0,0.0067707078805049805,0.0,0.0,0.0,0.0,0.00012991381444455162
2018-11-24 22:00:00,0.0,0.0,0.0,0.005220163676984543,0.0,0.0,0.12174529412119807,0.02563658750828026,0.0,0.0,0.0,8.399376082517428e-07,0.0,0.001159456212953688,0.00012234882306038326,0.0,0.0,0.00741341662132582,0.0,0.0,0.0,0.0,0.00011750745762657675
2018-11-24 23:00:00,0.0,0.0,0.0,0.005166643216417734,0.0,0.0,0.11783191248335985,0.025511927739213645,0.0,0.0,0.0,8.313260300670938e-07,0.0,0.0011092442780799316,0.00026023344788850066,0.0,0.0,0.007337409527200336,0.0,0.0,0.0,0.0,0.00012242389045176108
2018-11-25 00:00:00,0.0,0.0,0.0,0.005153420684744679,0.0,0.0,0.11802032105929117,0.02541218065726769,0.0,0.0,0.0,8.291984911017035e-07,0.0,0.0010814251044570422,0.0001371565745993751,0.0,0.0,0.0073186315458674475,0.0,0.0,0.0,0.0,0.00014042716912591904
2018-11-25 01:00:00,0.0,0.0,0.0,0.005033920746137584,0.0,0.0,0.1135219303219981,0.02500803212199356,0.0,0.0,0.0,8.099706471430151e-07,0.0,0.0010547312005544489,0.00011184093630078048,0.0,0.0,0.00714892368114605,0.0,0.0,0.0,0.0,0.00012822495116566817
2018-11-25 02:00:00,0.0,0.0,0.0,0.005236211647485048,0.0,0.0,0.11748011158609101,0.0258729502202428,0.0,0.0,0.0,8.425197675083421e-07,0.0,0.001079195401346849,0.0001265807706413813,0.0,0.0,0.007436207150245733,0.0,0.0,0.0,0.0,0.000114766894324382
2018-11-25 03:00:00,0.0,0.0,0.0,0.0054192922002183124,0.0,0.0,0.1230567192067657,0.026795695981732943,0.0,0.0,0.0,8.719778939380129e-07,0.0,0.0011049675469935224,0.0001371635494523949,0.0,0.0,0.007696209038435249,0.0,0.0,0.0,0.0,0.00014767198505559898
2018-11-25 04:00:00,0.0,0.0,0.0,0.0051186170975821245,0.0,0.0,0.1195012613305832,0.025617031143401876,0.0,0.0,0.0,8.235985054367363e-07,0.0,0.001036511018987176,0.000122984178311012,0.0,0.0,0.007269205223721611,0.0,0.0,0.0,0.0,0.0001698002725558312
2018-11-25 05:00:00,0.0,0.0,0.0,0.004849070704376653,0.0,0.0,0.1169750713462377,0.02449499279218319,0.0,0.0,0.0,7.802278054297454e-07,0.0,0.0009705484304700058,0.00014119687864064926,0.0,0.0,0.006886408852715448,0.0,0.0,0.0,0.0,0.00013500631630850908
2018-11-25 06:00:00,0.0,0.0,0.0,0.004504454202311117,0.0,0.0,0.11853023206669984,0.02281440390765539,0.0,0.0,0.0,7.247781340362587e-07,0.0,0.0009322797375761821,0.00018593950931462531,0.0,0.0,0.006397001649707669,0.0,0.00017892618648550725,0.0,0.0,0.00013875327173227487
2018-11-25 07:00:00,0.0,0.0,0.0,0.004012390956513149,0.0,0.0,0.107343503986826,0.020565952389014066,0.0,0.0,0.0,6.54211958771847e-07,0.0,0.0009118827263791932,0.0001929857257085787,0.0,0.0,0.005774173892658615,0.0,0.0002960934065730819,0.0,0.0,0.0001276524499606368
2018-11-25 08:00:00,0.0,0.0,0.0,0.003910229044587422,0.0,0.0,0.11015710211972964,0.020055555763705823,0.0,0.0,0.0,6.37554672570881e-07,0.0,0.0009643853009652651,0.00023784103591317776,0.0,0.0,0.005627154160269858,0.0,0.0005115282427361496,0.0,0.0,0.0001290966369176472
2018-11-25 09:00:00,0.0,0.0,0.0,0.003974214155608374,0.0,0.0,0.11152359104039411,0.020487546323185737,0.0,0.0,0.0,6.394611623500252e-07,0.0,0.000980037979989072,0.00032091257184183665,0.0,0.0,0.00564398112798537,0.0,0.0007630091454983843,0.0,0.0,0.00015302498146513928
2018-11-25 10:00:00,0.0,0.0,0.0,0.00392779800766376,0.0,0.0,0.1105468470230211,0.022309859038822558,0.0,0.0,0.0,6.319926861294905e-07,0.007472149968201737,0.0009787973036285023,0.00036600357574528554,0.0,0.0,0.005578063225030019,0.0,0.000962124666962409,0.0,0.0,0.00018846550711005988
2018-11-25 11:00:00,0.0,0.0,0.0,0.003978880422837186,0.0,0.0,0.10931231262086966,0.020046033349041023,0.0,0.0,0.0,6.40211976611446e-07,0.0004970714046298933,0.000999808640189974,0.00038424133415090964,0.0,0.0,0.0056506079284410985,0.0,0.0009878082179396307,0.0,0.0,0.000256912419077756
2018-11-25 12:00:00,0.0,0.0,0.0,0.004073871983879964,0.0,0.0,0.10985351093027966,0.020347557057381643,0.0,0.0,0.0,6.55496360305802e-07,0.0,0.0010080280557363654,0.00038287221485307313,0.0,0.0,0.005785510215245833,0.0,0.0008360833045316851,0.0,0.0,0.0003185510360804241
2018-11-25 13:00:00,0.0,0.0,0.0,0.0037257228559006354,0.0,0.0,0.10644221344892067,0.01887024315596085,0.0,0.0,0.0,5.994782804208417e-07,0.0,0.0008980981035923437,0.0002465254182903431,0.0,0.0,0.005291086152751116,0.0,0.00048097847060805536,0.0,0.0,0.00036195293876527035
2018-11-25 14:00:00,0.0,0.0,0.0,0.0037471561834801314,0.0,0.0,0.12850640789693415,0.01885352722957752,0.0,0.0,0.0,6.029269573240911e-07,0.0,0.0008684029467405998,0.0002967439759663184,0.0,0.0,0.0053215246977394125,0.0,0.00022326712714662185,0.0,0.0,0.0004772412428280006
2018-11-25 15:00:00,0.0,0.0,0.0,0.003519226541849583,0.0,0.0,0.1382738196625868,0.017918490073437994,0.0,0.0,0.0,5.662524984589565e-07,0.0,0.0008244784039125487,0.0003454056052495459,0.0,0.0,0.004997830365853475,0.0,9.319394481261859e-05,0.0,0.0,0.000556616657174183
2018-11-25 16:00:00,0.0,0.0,0.0,0.0036627726157987977,0.0,0.0,0.12642756579308165,0.021147381788396882,0.0,0.0,0.0,5.893494267331441e-07,0.017104255820602318,0.0008457770948564849,0.0007132861668803448,0.0,0.0,0.005201687355095602,0.0,4.849762084917146e-05,0.0,0.0,0.0005446047100871261
2018-11-25 17:00:00,0.0,0.0,0.0,0.0038134290446291057,0.0,0.0,0.12956034404772296,0.02195346755624502,0.0,0.0,0.0,6.135904291862656e-07,0.024519626289364913,0.000884400896429325,0.0006503584163590462,0.0,0.0,0.005415642116423195,0.0,5.04924152659439e-05,0.0,0.0,0.0005421564447745193
2018-11-25 18:00:00,0.0,0.0,0.0,0.003923355836420989,0.0,0.0,0.12952519892317105,0.02262565267494407,0.0,0.0,0.0,6.312779294820029e-07,0.02215533660221016,0.0008955904006314475,0.0004813170329720075,0.0,0.0,0.005571754674539325,0.0,0.0,0.0,0.0,0.0006949068623265442
2018-11-25 19:00:00,0.0,0.0,0.0,0.004163853276336993,0.0,0.0,0.13726280643727684,0.0212563534817015,0.0,0.0,0.0,6.699745790457584e-07,0.0064001840744165265,0.0009197193363669216,0.00040779848829652107,0.0,0.0,0.005913297167990321,0.0,0.0,0.0,0.0,0.0008090343744010189
2018-11-25 20:00:00,0.0,0.0,0.0,0.00442453925395547,0.0,0.0,0.1373982279769939,0.022394853595068452,0.0,0.0,0.0,7.119196156565863e-07,0.0,0.0009326133445328331,0.0002461274214178799,0.0,0.0,0.006283510417805459,0.0,0.0,0.0,0.0,0.0010536389540902566
2018-11-25 21:00:00,0.0,0.0,0.0,0.004486645499989808,0.0,0.0,0.14889304284513755,0.022559210280108707,0.0,0.0,0.0,7.219126685529104e-07,0.0,0.0009241439836825886,0.0002879069204461325,0.0,0.0,0.006371710617095967,0.0,0.0,0.0,0.0,0.0012119489087286366
2018-11-25 22:00:00,0.0,0.0,0.0,0.004646886587317226,0.0,0.0,0.11174994082280311,0.02334938144566938,0.0,0.0,0.0,7.476958669278698e-07,0.0,0.0009056085447842302,0.0002452975623577648,0.0,0.0,0.006599277033346468,0.0,0.0,0.0,0.0,0.0011864161676269525
2018-11-25 23:00:00,0.0,0.0,0.0,0.004526810022269182,0.0,0.0,0.10163716534736472,0.02273089365106639,0.0,0.0,0.0,7.2837524230872e-07,0.0,0.0008649440012049153,0.0002972463664075235,0.0,0.0,0.006428750272455113,0.0,0.0,0.0,0.0,0.0011664852153813448
2018-11-26 00:00:00,0.0,0.0,0.0,0.00472012304258512,0.0,0.0,0.11531579116826271,0.023685815783349405,0.0,0.0,0.0,7.59479798789195e-07,0.0,0.00087913247312803,0.00018223000913713766,0.0,0.0,0.006703283801786268,0.0,0.0,0.0,0.0,0.0015406451875314268
2018-11-26 01:00:00,0.0,0.0,0.0,0.004733814094628425,0.0,0.0,0.12120439725524189,0.023770342519251256,0.0,0.0,0.0,7.616827238734037e-07,0.0,0.0008818146826717074,0.0001563656517397466,0.0,0.0,0.006722727152428465,0.0,0.0,0.0,0.0,0.0018031002945963735
2018-11-26 02:00:00,0.0,0.0,0.0,0.004784810744643104,0.0,0.0,0.14415289969129785,0.027833532628110273,0.0,0.0,0.0,7.698882145232532e-07,0.0,0.0008845634904857061,0.00012583611052418943,0.0,0.0,0.006795150056430039,0.0,0.0,0.0,0.0,0.0020747871936830893
2018-11-26 03:00:00,0.0,0.0,0.0,0.004641222103154226,0.0,0.0,0.14397680987677744,0.04580396144687951,0.0,0.0,0.0,7.467844370237029e-07,0.0,0.000864372115705426,0.0001283093206125137,0.0,0.0,0.0065912326148868765,0.0,0.0,0.0,0.0,0.002226973677298783
2018-11-26 04:00:00,0.0,0.0,0.0,0.0043523543436419475,0.0,0.0,0.16050454283908921,0.030075930020970067,0.0,0.0,0.0,7.003048800520448e-07,0.0,0.0008167147211965575,0.00012014026328498469,0.0,0.0,0.0061809970011693915,0.0,0.0,0.0,0.0,0.0023023609878090024
2018-11-26 05:00:00,0.0,0.0,0.0,0.0038204651453099397,0.0,0.0,0.17546682418580425,0.020908326397449297,0.0,0.0,0.0,6.147225556755813e-07,0.006573186358967401,0.0008129171134418113,0.00020569182239269722,0.0,0.0,0.005425634436389443,0.0,0.0,0.0,0.0,0.002140942933079411
2018-11-26 06:00:00,0.0,0.0,0.0,0.003143955898196835,0.0,0.0,0.1604930272384729,0.023249621095788223,0.0,0.0,0.0,5.058704977438256e-07,0.06679514730982569,0.0008132866508282806,0.0006089447813511974,0.0,0.0,0.004464889676768037,0.0,7.284923060860671e-05,0.0,0.0,0.002007672726074395
2018-11-26 07:00:00,0.0,0.0,0.0,0.00278215771191261,0.0,0.0,0.14784129447694944,0.030725997552310653,0.0,0.0,0.0,4.536249996695914e-07,0.09661929230808858,0.0007356323326545707,0.0006441609709743352,0.0,0.0,0.004003762993062158,0.0,9.332211182264706e-05,0.0,0.0,0.001837064785141306
2018-11-26 08:00:00,0.0,0.0,0.0,0.0027630284473544164,0.0,0.0,0.1415403795143236,0.03062706032167359,0.0,0.0,0.0,4.5050601306730965e-07,0.09645528871779394,0.0007168460232411119,0.0006323096277414822,0.0,0.0,0.003976234344634121,0.0,0.00016682482360089643,0.0,0.0,0.00172326054916926
2018-11-26 09:00:00,0.0,0.0,0.0,0.002813258352095837,0.0,0.0,0.13161498012863906,0.03638837462996436,0.0,0.0,0.0,4.5266042175493524e-07,0.08184410607646558,0.0007025895225624687,0.0006489468997073918,0.0,0.0,0.003995249482207514,0.0,0.0002607462866396575,0.0,0.0,0.001814826907310015
2018-11-26 10:00:00,0.0,0.0,0.0,0.0028366578843682312,0.0,0.0,0.12207662392048015,0.044438927416355314,0.0,0.0,0.0,4.5642546599248256e-07,0.07307332025400072,0.0007193701369512243,0.0006719505254396158,0.0,0.0,0.00402848033323317,0.0,0.00031925401065653077,0.0,0.0,0.0018887348119530176
2018-11-26 11:00:00,0.0,0.0,0.0,0.0028227567674254253,0.0,0.0,0.12023356196036934,0.04493835564760689,0.0,0.0,0.0,4.541887409318398e-07,0.07342050432523421,0.0007233368377942249,0.0006126540220736109,0.0,0.0,0.004008738658876645,0.0,0.00033637711546436876,0.0,0.0,0.0018727904796553851
2018-11-26 12:00:00,0.0,0.0,0.0,0.002738994580647419,0.0,0.0,0.12572488350692584,0.043568230034791135,0.0,0.0,0.0,4.4071119210814167e-07,0.08507178767946243,0.0006993856528167807,0.0005877319275572155,0.0,0.0,0.0038897837704626134,0.0,0.00027199624699717655,0.0,0.0,0.0019973167259860485
2018-11-26 13:00:00,0.0,0.0,0.0,0.0027085255325059983,0.0,0.0,0.12496735042148317,0.04296585596064285,0.0,0.0,0.0,4.358086447925381e-07,0.08475506127323593,0.0007050751985171479,0.0005624456925577273,0.0,0.0,0.0038465131448836734,0.0,0.00018827935968185333,0.0,0.0,0.0021660297407024324
2018-11-26 14:00:00,0.0,0.0,0.0,0.0027010170198198957,0.0,0.0,0.12574102084462435,0.042485552078303894,0.0,0.0,0.0,4.346005060104347e-07,0.08331560093103749,0.0007451908747774712,0.0005528738431229016,0.0,0.0,0.003835849928901767,0.0,0.00010728995196373937,0.0,0.0,0.0022032256249227724
2018-11-26 15:00:00,0.0,0.0,0.0,0.0025559974127548775,0.0,0.0,0.11980166615561137,0.04014465486733816,0.0,0.0,0.0,4.1126648251135506e-07,0.08586723501281282,0.0007393867842932659,0.0005365261522850713,0.0,0.0,0.0036299003012734282,0.0,5.0764737434382924e-05,0.0,0.0,0.0021348985170209552
2018-11-26 16:00:00,0.0,0.0,0.0,0.002526950939969258,0.0,0.0,0.10975018706630521,0.03978982553609992,0.0,0.0,0.0,4.065928311874954e-07,0.09479357422245935,0.000746374937309517,0.0005218694302363566,0.0,0.0,0.0035886499464063584,0.0,3.345856307390784e-05,0.0,0.0,0.002167519858791168
2018-11-26 17:00:00,0.0,0.0,0.0,0.0026338598368557116,0.0,0.0,0.10096140267777988,0.041561285891979945,0.0,0.0,0.0,4.2379474451974404e-07,0.09888319300352312,0.0007877024188898699,0.0004661465118152642,0.0,0.0,0.003740476640392987,0.0,3.4874110171818986e-05,0.0,0.0,0.0023216315878777346
2018-11-26 18:00:00,0.0,0.0,0.0,0.0028002115521924458,0.0,0.0,0.10186603764726768,0.044120719790186815,0.0,0.0,0.0,4.505611584780941e-07,0.09550619071695078,0.0007720103242126968,0.0004433307501700328,0.0,0.0,0.003976721066386885,0.0,0.0,0.0,0.0,0.0024102060388057904
2018-11-26 19:00:00,0.0,0.0,0.0,0.0032178556227344733,0.0,0.0,0.11890124892066106,0.05084105978604958,0.0,0.0,0.0,5.177611513170604e-07,0.0462654492051948,0.0008676447876658371,0.00036254050735038735,0.0,0.0,0.004569838387210618,0.0,0.0,0.0,0.0,0.002771588010738494
2018-11-26 20:00:00,0.0,0.0,0.0,0.0035491698007050813,0.0,0.0,0.13066242760199592,0.05592146284165469,0.0,0.0,0.0,5.710704449415997e-07,0.0,0.0009340729239431993,0.00015195734593342934,0.0,0.0,0.005040354291659618,0.0,0.0,0.0,0.0,0.003183100609077386
2018-11-26 21:00:00,0.0,0.0,0.0,0.0035813170625735263,0.0,0.0,0.1273107590135616,0.0554821283993164,0.0,0.0,0.0,5.762430211128555e-07,0.0,0.0009251736611860848,0.0001003638921936976,0.0,0.0,0.0050860082328408876,0.0,0.0,0.0,0.0,0.0031673808932560265
2018-11-26 22:00:00,0.0,0.0,0.0,0.0036373407333786015,0.0,0.0,0.12448282446753545,0.05538940309131788,0.0,0.0,0.0,5.852573721894256e-07,0.0,0.0009265879994584238,9.673008599620119e-05,0.0,0.0,0.005165570261549907,0.0,0.0,0.0,0.0,0.003421623320521891
2018-11-26 23:00:00,0.0,0.0,0.0,0.003527749482656762,0.0,0.0,0.11925499653763377,0.05156229268567325,0.0,0.0,0.0,5.676238613049944e-07,0.0,0.0008337686104756016,0.00011541403873225584,0.0,0.0,0.005009934222159954,0.0,0.0,0.0,0.0,0.003588109969880469
2018-11-27 00:00:00,0.0,0.0,0.0,0.0035435126952089954,0.0,0.0,0.1110426594622712,0.04656840476325802,0.0,0.0,0.0,5.701602022837e-07,0.0,0.0008241291203122757,0.0001037776249716476,0.0,0.0,0.005032320352015507,0.0,0.0,0.0,0.0,0.0038077549271373756
2018-11-27 01:00:00,0.0,0.0,0.0,0.0035807345958878945,0.0,0.0,0.11068794269644007,0.04469930352594032,0.0,0.0,0.0,5.761493007421758e-07,0.0,0.0008402889955454217,0.00014404245736681045,0.0,0.0,0.005085181042646129,0.0,0.0,0.0,0.0,0.0038604793460951707
2018-11-27 02:00:00,0.0,0.0,0.0,0.003523872651333925,0.0,0.0,0.1095829578847355,0.038851268033979085,0.0,0.0,0.0,5.688713566454262e-07,0.0,0.0008400953506473125,0.000188341213753931,0.0,0.0,0.005020944805090075,0.0,0.0,0.0,0.0,0.0039248083949127745
2018-11-27 03:00:00,0.0,0.0,0.0,0.0035375101830800856,0.0,0.0,0.11255055142110233,0.03883784789871137,0.0,0.0,0.0,5.691943828203589e-07,0.0,0.0008485778150107648,0.0002140509196880561,0.0,0.0,0.005023795883064014,0.0,0.0,0.0,0.0,0.0038914129107091916
2018-11-27 04:00:00,0.0,0.0,0.0,0.003337986975003809,0.0,0.0,0.11753323349332169,0.04687225189993693,0.0,0.0,0.0,5.442517992239417e-07,0.0,0.0008195196001944029,0.00026409394047952447,0.0,0.0,0.004803648860242448,0.0,0.0,0.0,0.0,0.00369483965725163
2018-11-27 05:00:00,0.0,0.0,0.0,0.0033619746009723554,0.0,0.0,0.12239569222197226,0.05282406362632653,0.0,0.0,0.0,5.481629314992489e-07,0.0037981024030822263,0.0008756168079870352,0.0003585979349844105,0.0,0.0,0.00483816910642873,0.0,0.0,0.0,0.0,0.0037395546923934945
2018-11-27 06:00:00,0.0,0.0,0.0,0.002661958260132846,0.0,0.0,0.09626162276182397,0.04222204929601008,0.0,0.0,0.0,4.340267302974368e-07,0.0782702593009452,0.0007656100823680845,0.0004913053603087317,0.0,0.0,0.0038307856975042655,0.0,8.036122784128696e-05,0.0,0.0,0.003144679412042504
2018-11-27 07:00:00,0.0,0.0,0.0,0.0025265500209857997,0.0,0.0,0.08863559145989416,0.04008285925270564,0.0,0.0,0.0,4.1194869993440897e-07,0.09142677892202732,0.0007485888171395933,0.0005596626001801477,0.0,0.0,0.003635921655638013,0.0,0.0001355971921070472,0.0,0.0,0.003206143272779911
2018-11-27 08:00:00,0.0,0.0,0.0,0.002564447769697755,0.0,0.0,0.0850966647227094,0.04111259643612097,0.0,0.0,0.0,4.2235136227084015e-07,0.08737634792294559,0.0007602688093530074,0.0005999723935461288,0.0,0.0,0.0037277371299224145,0.0,0.0002259096717028115,0.0,0.0,0.0033601871941436523
2018-11-27 09:00:00,0.0,0.0,0.0,0.002567154303128303,0.0,0.0,0.08679739945315709,0.04087487878661338,0.0,0.0,0.0,4.185691432667945e-07,0.08686538955454742,0.0007608011135439749,0.0006103620916270076,0.0,0.0,0.003694354691804841,0.0,0.0003272189019636017,0.0,0.0,0.0031898654214197702
2018-11-27 10:00:00,0.0,0.0,0.0,0.002512065521338689,0.0,0.0,0.08775987742316892,0.04033472226655275,0.0,0.0,0.0,4.1233593880107943e-07,0.08542592394217091,0.0007580272333642874,0.0006217069950181535,0.0,0.0,0.0036393394845605376,0.0,0.00044110513135311216,0.0,0.0,0.0031165560698643542
2018-11-27 11:00:00,0.0,0.0,0.0,0.0025193461656297456,0.0,0.0,0.0894983751987349,0.04060868421490413,0.0,0.0,0.0,4.1077412637608126e-07,0.07127120440437866,0.0007497709487770407,0.0005783162234940798,0.0,0.0,0.0036255546914078962,0.0,0.00047323699158394476,0.0,0.0,0.0032786659069189653
2018-11-27 12:00:00,0.0,0.0,0.0,0.00261589050112792,0.0,0.0,0.09552875788282195,0.04204965374696076,0.0,0.0,0.0,4.2651547848237626e-07,0.05365949423020412,0.000767061057273064,0.0005361749588094686,0.0,0.0,0.003764490250669071,0.0,0.00045627399519707247,0.0,0.0,0.003630424693075807
2018-11-27 13:00:00,0.0,0.0,0.0,0.0027350583862958393,0.0,0.0,0.09647182437013362,0.04349269585206376,0.0,0.0,0.0,4.459455530746469e-07,0.0466152529566762,0.0008045987774244785,0.0003990212010256458,0.0,0.0,0.003935983033610119,0.0,0.0003394463465732274,0.0,0.0,0.003899242609426481
2018-11-27 14:00:00,0.0,0.0,0.0,0.0026939230125720935,0.0,0.0,0.09522521104742114,0.04273817500293174,0.0,0.0,0.0,4.392385163700258e-07,0.040479228500453636,0.0008270087149620507,0.0003938239963008576,0.0,0.0,0.003876785711216885,0.0,0.00016265240837351691,0.0,0.0,0.00392468674385223
2018-11-27 15:00:00,0.0,0.0,0.0,0.002600745641670757,0.0,0.0,0.09250733067925826,0.04117184180743094,0.0,0.0,0.0,4.240461408036259e-07,0.042150619688190165,0.0008280033617053241,0.00033878324772183816,0.0,0.0,0.0037426955020931417,0.0,6.978959519226106e-05,0.0,0.0,0.0038529473690672236
2018-11-27 16:00:00,0.0,0.0,0.0,0.0024600404897122874,0.0,0.0,0.08757815477253741,0.0391277160537773,0.0,0.0,0.0,4.0110445987828686e-07,0.08700564079287643,0.0007748144414372324,0.0005501746563025974,0.0,0.0,0.0035402087494793844,0.0,3.300692447249457e-05,0.0,0.0,0.003637112286048676
2018-11-27 17:00:00,0.0,0.0,0.0,0.002518096788692436,0.0,0.0,0.09306725168616102,0.04009377265921969,0.0,0.0,0.0,4.105704180778969e-07,0.08370032060142449,0.0008007635169842819,0.0005039437694224079,0.0,0.0,0.0036237567310965276,0.0,3.378587908060122e-05,0.0,0.0,0.0037153894162496397
2018-11-27 18:00:00,0.0,0.0,0.0,0.0029741455105272594,0.0,0.0,0.10898363672952145,0.04700245119062814,0.0,0.0,0.0,4.849282089413853e-07,0.03570615723956468,0.0008767437102614932,0.000364406618675356,0.0,0.0,0.004280049862034936,0.0,0.0,0.0,0.0,0.004475757916376959
2018-11-27 19:00:00,0.0,0.0,0.0,0.0031522721359950683,0.0,0.0,0.11674505100898804,0.04884571869285877,0.0,0.0,0.0,5.139713829041698e-07,0.0,0.0008926633309425948,0.0001469790099093998,0.0,0.0,0.004536389316866481,0.0,0.0,0.0,0.0,0.00480436999404045
2018-11-27 20:00:00,0.0,0.0,0.0,0.003214061066694523,0.0,0.0,0.11771572802078802,0.049792273928017494,0.0,0.0,0.0,5.24045938903677e-07,0.0,0.0008501961510384615,0.00011272048889677803,0.0,0.0,0.004625308874897319,0.0,0.0,0.0,0.0,0.004883107790696664
2018-11-27 21:00:00,0.0,0.0,0.0,0.0030134214270297805,0.0,0.0,0.10964453062001966,0.044335982350779825,0.0,0.0,0.0,4.913320650327177e-07,0.0,0.0007617599554840543,8.004989128407993e-05,0.0,0.0,0.004336571266388857,0.0,0.0,0.0,0.0,0.00455657036642633
2018-11-27 22:00:00,0.0,0.0,0.0,0.0031836119479235012,0.0,0.0,0.11437514839249803,0.03890208955780089,0.0,0.0,0.0,5.190812737327193e-07,0.0,0.0007735517445700529,5.6199611858464057e-05,0.0,0.0,0.004581489987713185,0.0,0.0,0.0,0.0,0.004703073668169217
2018-11-27 23:00:00,0.0,0.0,0.0,0.0032593769595339627,0.0,0.0,0.10539588288977621,0.035980400540738436,0.0,0.0,0.0,5.244420399789509e-07,0.0,0.0007272675387803348,0.00011959459849672694,0.0,0.0,0.004628804923016027,0.0,0.0,0.0,0.0,0.004680205468409628
2018-11-28 00:00:00,0.0,0.0,0.0,0.003270528882888132,0.0,0.0,0.10354675372158328,0.035666153906673145,0.0,0.0,0.0,5.262364128011681e-07,0.0,0.0007293446841830817,0.00011381093377545181,0.0,0.0,0.004644642329478597,0.0,0.0,0.0,0.0,0.004628410302366451
2018-11-28 01:00:00,0.0,0.0,0.0,0.003315775065799067,0.0,0.0,0.10315483284084569,0.036214999956872676,0.0,0.0,0.0,5.335166386730675e-07,0.0,0.0007437888018311684,0.00011503664560926334,0.0,0.0,0.004708898706327922,0.0,0.0,0.0,0.0,0.004598161153561159
2018-11-28 02:00:00,0.0,0.0,0.0,0.003324770387199758,0.0,0.0,0.10273520481694243,0.03640217050900714,0.0,0.0,0.0,5.349640087576615e-07,0.0,0.0007445990127557821,0.00011464923048196693,0.0,0.0,0.004721673414040645,0.0,0.0,0.0,0.0,0.004720928302665979
2018-11-28 03:00:00,0.0,0.0,0.0,0.0032496023555219126,0.0,0.0,0.10083980447020724,0.03550312405850432,0.0,0.0,0.0,5.228692813408095e-07,0.0,0.0007257674407598765,0.00014713059464882504,0.0,0.0,0.0046149235169273065,0.0,0.0,0.0,0.0,0.00456992053684189
2018-11-28 04:00:00,0.0,0.0,0.0,0.003083813840560916,0.0,0.0,0.11409806340747765,0.035207337121082156,0.0,0.0,0.0,4.96193487754891e-07,0.0,0.000677367417489278,9.81652096857876e-05,0.0,0.0,0.0043794789200738305,0.0,0.0,0.0,0.0,0.004292929224764159
2018-11-28 05:00:00,0.0,0.0,0.0,0.003019136841257581,0.0,0.0,0.11827057641914059,0.04496605875121942,0.0,0.0,0.0,4.857867941212685e-07,0.002301233058642385,0.0007078664852315604,0.00022930868728495945,0.0,0.0,0.004287627864949484,0.0,0.0,0.0,0.0,0.0040580276944595225
2018-11-28 06:00:00,0.0,0.0,0.0,0.0030664473500640684,0.0,0.0,0.1313329810333106,0.04753647096355986,0.0,0.0,0.0,4.933991752784526e-07,0.007327077583442389,0.0008545776290440209,0.00026554697669448155,0.0,0.0,0.004354815894684214,0.0,0.0001421065290910022,0.0,0.0,0.003916354370109103
2018-11-28 07:00:00,0.0,0.0,0.0,0.0030364613114315132,0.0,0.0,0.13224772087602052,0.04695995841645839,0.0,0.0,0.0,4.885743454209103e-07,0.009310571578859035,0.0008595398996938452,0.00019663773306308988,0.0,0.0,0.0043122312151680515,0.0,0.00035179226024998397,0.0,0.0,0.0034769409824656605
2018-11-28 08:00:00,0.0,0.0,0.0,0.0029890154233757934,0.0,0.0,0.14812943415541624,0.046751404209658114,0.0,0.0,0.0,4.873527171502914e-07,0.0039371601630427645,0.0008442319916120275,0.0001432541810452027,0.0,0.0,0.0043014489389162,0.0,0.0007018252821177884,0.0,0.0,0.0030788992754457456
2018-11-28 09:00:00,0.0,0.0,0.0,0.003059381297722355,0.0,0.0,0.14126886287975052,0.048028196365706044,0.0,0.0,0.0,4.988257258839573e-07,0.0011765976426752062,0.0008270355550849421,0.0002442689507640845,0.0,0.0,0.004402711452711491,0.0,0.0011390935668756685,0.0,0.0,0.002694100318388678
2018-11-28 10:00:00,0.0,0.0,0.0,0.003188276496869387,0.0,0.0,0.1525679980876713,0.04969162384870845,0.0,0.0,0.0,5.181147694569963e-07,0.002693701983749,0.0008479056468612034,0.0001408471458531407,0.0,0.0,0.0045729594745038266,0.0,0.0017587232053852978,0.0,0.0,0.002617067294272859
2018-11-28 11:00:00,0.0,0.0,0.0,0.0032377199003151887,0.0,0.0,0.16042999390963333,0.049955392882993874,0.0,0.0,0.0,5.226766953206959e-07,0.0010582012105042565,0.0008509242883267696,0.00016682784066165713,0.0,0.0,0.004613223723527753,0.0,0.0019139946347123983,0.0,0.0,0.0023784083093969424
2018-11-28 12:00:00,0.0,0.0,0.0,0.0032015011373200237,0.0,0.0,0.18658354196494487,0.049276889618681645,0.0,0.0,0.0,5.15129673031472e-07,0.0,0.0008264731227009267,0.0002159472586555018,0.0,0.0,0.004546612561066647,0.0,0.0016532127377530334,0.0,0.0,0.002036834088877401
2018-11-28 13:00:00,0.0,0.0,0.0,0.0029772518627733387,0.0,0.0,0.18181358839403305,0.04585514983964087,0.0,0.0,0.0,4.790473945877174e-07,0.0057015184830817335,0.0007661289611244756,0.0002903326129296693,0.0,0.0,0.00422814490332359,0.0,0.001005231829149577,0.0,0.0,0.0016031611204358309
2018-11-28 14:00:00,0.0,0.0,0.0,0.0029360920243054096,0.0,0.0,0.18826862270205375,0.04525065877492863,0.0,0.0,0.0,4.724246719265094e-07,0.018079917048577535,0.0007592287507349144,0.0001979213620370305,0.0,0.0,0.004169691749455149,0.0,0.00044707252296436655,0.0,0.0,0.0014853378463738352
2018-11-28 15:00:00,0.0,0.0,0.0,0.0027572152471683213,0.0,0.0,0.1905251103075991,0.042420092851825006,0.0,0.0,0.0,4.4364294367865185e-07,0.039398317689016714,0.0007463289825415978,0.000244917276558604,0.0,0.0,0.003915659854125133,0.0,0.00014602968153682317,0.0,0.0,0.001630042491931963
2018-11-28 16:00:00,0.0,0.0,0.0,0.0026626826709203527,0.0,0.0,0.1943723935950348,0.04099240169796481,0.0,0.0,0.0,4.284324118047814e-07,0.051816384873751904,0.0007259480958774421,0.0002882274234565897,0.0,0.0,0.003781409394680101,0.0,5.288361638624087e-05,0.0,0.0,0.0015110632170830915
2018-11-28 17:00:00,0.0,0.0,0.0,0.0027040104296623116,0.0,0.0,0.19714311801418183,0.04156536851735177,0.0,0.0,0.0,4.3508215326502955e-07,0.04093428525156777,0.0007171959178444956,0.000406197347129561,0.0,0.0,0.003840101020563518,0.0,3.5802952120020873e-05,0.0,0.0,0.0012093528350039845
2018-11-28 18:00:00,0.0,0.0,0.0,0.00287860059297371,0.0,0.0,0.2060870350122684,0.04435498435454961,0.0,0.0,0.0,4.631741544493233e-07,0.0545160002509271,0.0006960276651111033,0.00039124106915965117,0.0,0.0,0.004088045280303737,0.0,0.0,0.0,0.0,0.0008969430471322577
2018-11-28 19:00:00,0.0,0.0,0.0,0.0030871239430669173,0.0,0.0,0.2223584714366624,0.04755769994480081,0.0,0.0,0.0,4.967260916642698e-07,0.037604927255500915,0.0007229442899824254,0.00036580297243813976,0.0,0.0,0.004384179762893085,0.0,0.0,0.0,0.0,0.0006364012485475909
2018-11-28 20:00:00,0.0,0.0,0.0,0.0029903455153808918,0.0,0.0,0.21554501309029722,0.04606681084870279,0.0,0.0,0.0,4.811541965837843e-07,0.032165388586896444,0.0006474379669557947,0.000386233136014245,0.0,0.0,0.004246739857022585,0.0,0.0,0.0,0.0,0.0004339954421616918
2018-11-28 21:00:00,0.0,0.0,0.0,0.003186993671155246,0.0,0.0,0.22900386442604312,0.041616711926007806,0.0,0.0,0.0,5.127953848393297e-07,0.0,0.0006665521178655744,0.00024789123690575925,0.0,0.0,0.0045260097797260035,0.0,0.0,0.0,0.0,0.00025109065812859815
2018-11-28 22:00:00,0.0,0.0,0.0,0.0033004503640800585,0.0,0.0,0.2291846168976326,0.03652208114019608,0.0,0.0,0.0,5.310508552023715e-07,0.0,0.0006754355854089744,0.0002358149874463088,0.0,0.0,0.004687135327730914,0.0,0.0,0.0,0.0,0.0001368576122939802
2018-11-28 23:00:00,0.0,0.0,0.0,0.003542379449944583,0.0,0.0,0.19942869008517697,0.038389809581358326,0.0,0.0,0.0,5.775775650424929e-07,0.00029517635943226457,0.0007163095820366336,0.00017309818920753178,0.0,0.0,0.00509778711981138,0.0,0.0,0.0,0.0,0.00012120484411614264
2018-11-29 00:00:00,0.0,0.0,0.0,0.003702813221740869,0.0,0.0,0.18283582697000336,0.04015356729574997,0.0,0.0,0.0,6.037359561956855e-07,0.0008722324897822467,0.0007462351678331669,0.0002237249809584967,0.0,0.0,0.0053286650443822945,0.0,0.0,0.0,0.0,9.113090945925602e-05
2018-11-29 01:00:00,0.0,0.0,0.0,0.00374296708235976,0.0,0.0,0.17854998391990912,0.04055095596792641,0.0,0.0,0.0,6.102829592401157e-07,0.0,0.0007508305491419579,0.00014435685018706444,0.0,0.0,0.005386449885437898,0.0,0.0,0.0,0.0,0.0001550297834322157
2018-11-29 02:00:00,0.0,0.0,0.0,0.003730609343643902,0.0,0.0,0.191841396065696,0.04011701145829038,0.0,0.0,0.0,6.022455997748553e-07,0.0,0.0007264067766324812,0.00011394880085520034,0.0,0.0,0.0053155109327514575,0.0,0.0,0.0,0.0,0.000443443647048689
2018-11-29 03:00:00,0.0,0.0,0.0,0.0034130571053891602,0.0,0.0,0.23092860648859245,0.036961580713634694,0.0,0.0,0.0,5.528064507336858e-07,0.0,0.0006598639803317398,6.780216418931698e-05,0.0,0.0,0.004879153510908096,0.0,0.0,0.0,0.0,0.00107865802274044
2018-11-29 04:00:00,0.0,0.0,0.0,0.0031227915498323257,0.0,0.0,0.2151238563328203,0.036497972277311067,0.0,0.0,0.0,5.091646349505679e-07,0.0077763736081332396,0.0006016701390416927,0.00017256823235856254,0.0,0.0,0.004493964230974774,0.0,0.0,0.0,0.0,0.001529618741657586
2018-11-29 05:00:00,0.0,0.0,0.0,0.0027866038188900954,0.0,0.0,0.19836212146695445,0.04269809020282785,0.0,0.0,0.0,4.5434992811903073e-07,0.042814055976183825,0.0005955920009039881,0.00020211213523054137,0.0,0.0,0.004010161321418394,0.0,0.0,0.0,0.0,0.0011842912690404677
2018-11-29 06:00:00,0.0,0.0,0.0,0.0025641561724242265,0.0,0.0,0.1889504606377148,0.04008009143405019,0.0,0.0,0.0,4.180803043221787e-07,0.08108130390496095,0.0006201693587138716,0.0003264181985321807,0.0,0.0,0.0036900401251970796,0.0,0.00014621644044457942,0.0,0.0,0.0010882130468769962
2018-11-29 07:00:00,0.0,0.0,0.0,0.0024780917102880558,0.0,0.0,0.18431443692954488,0.03969423837977381,0.0,0.0,0.0,4.0812896329551363e-07,0.0720476774439083,0.0006302463071736622,0.00023224903415929943,0.0,0.0,0.0036022080811895325,0.0,0.0003274534724409385,0.0,0.0,0.0014920434507574524
2018-11-29 08:00:00,0.0,0.0,0.0,0.0025667275225668383,0.0,0.0,0.1913812558470083,0.040653636594065824,0.0,0.0,0.0,4.2415495701517203e-07,0.05886926696462674,0.0006493969004087738,0.00023637721223288333,0.0,0.0,0.003743655930467131,0.0,0.0006806231658059927,0.0,0.0,0.0013726133803802967
2018-11-29 09:00:00,0.0,0.0,0.0,0.0025343780168869748,0.0,0.0,0.1860785122164893,0.03411093705092848,0.0,0.0,0.0,4.188091604432856e-07,0.06488591907535403,0.0006368490633737765,0.00022764798534622953,0.0,0.0,0.0036964731197786835,0.0,0.0010597632638853084,0.0,0.0,0.0013522300156095957
2018-11-29 10:00:00,0.0,0.0,0.0,0.0026165962242264964,0.0,0.0,0.19052231059655075,0.03479528385145252,0.0,0.0,0.0,4.323958227957757e-07,0.03770681535868094,0.0006568334626212708,0.0001508463815129087,0.0,0.0,0.003816391060733774,0.0,0.0016278716380589966,0.0,0.0,0.0013626680101933115
2018-11-29 11:00:00,0.0,0.0,0.0,0.0026604777831410846,0.0,0.0,0.1672693347782911,0.03499722904991726,0.0,0.0,0.0,4.337853416184187e-07,0.054753169015493396,0.000631715768835477,0.00016846082505070923,0.0,0.0,0.003828655164441271,0.0,0.0018026599869449588,0.0,0.0,0.0016177787400803412
2018-11-29 12:00:00,0.0,0.0,0.0,0.0026184555610777225,0.0,0.0,0.18734803348524967,0.03452428549536764,0.0,0.0,0.0,4.269337061457108e-07,0.03642068062971435,0.0006216266092907995,0.00016334369516238356,0.0,0.0,0.0037681815914072433,0.0,0.0015809587031282038,0.0,0.0,0.001960025416505643
2018-11-29 13:00:00,0.0,0.0,0.0,0.0025444879737621497,0.0,0.0,0.18384999894190565,0.03353178325583903,0.0,0.0,0.0,4.1487344564073734e-07,0.038564067237516285,0.0006090731382869585,0.00015824124358281835,0.0,0.0,0.003661735904481539,0.0,0.0009900592933118166,0.0,0.0,0.001990191468473758
2018-11-29 14:00:00,0.0,0.0,0.0,0.0023731273733488926,0.0,0.0,0.17183331930879442,0.031305715603864255,0.0,0.0,0.0,3.8693345792077217e-07,0.06588361442158788,0.0005907969391080166,0.00022383036275039345,0.0,0.0,0.003415133338614827,0.0,0.00039800989202873506,0.0,0.0,0.002038500040777967
2018-11-29 15:00:00,0.0,0.0,0.0,0.0023047812042856237,0.0,0.0,0.16514572958096618,0.030024365610173697,0.0,0.0,0.0,3.733010840185084e-07,0.06815211479698337,0.0005956502592003706,0.0002872099853545706,0.0,0.0,0.003294811940593939,0.0,0.0001228759280257134,0.0,0.0,0.0022250557963393153
2018-11-29 16:00:00,0.0,0.0,0.0,0.0022668800757432547,0.0,0.0,0.16399813468081154,0.029609173692741315,0.0,0.0,0.0,3.6474676788548465e-07,0.07503606607308222,0.000580480726154979,0.00029851353154798166,0.0,0.0,0.003219310250014051,0.0,3.7518808139268526e-05,0.0,0.0,0.0027394061459651087
2018-11-29 17:00:00,0.0,0.0,0.0,0.0023109545839286863,0.0,0.0,0.16582633213168074,0.0302157619847579,0.0,0.0,0.0,3.7183846831498686e-07,0.07610029515401268,0.0005919283114721599,0.00025744702854494294,0.0,0.0,0.003281902672738119,0.0,3.059862321990908e-05,0.0,0.0,0.003121217049709158
2018-11-29 18:00:00,0.0,0.0,0.0,0.002403126876729179,0.0,0.0,0.1690762834176741,0.03130040616613049,0.0,0.0,0.0,3.866692245809755e-07,0.07878973765591586,0.0005493711104700325,0.00021857094625306287,0.0,0.0,0.0034128011751137386,0.0,0.0,0.0,0.0,0.0033026488364212543
2018-11-29 19:00:00,0.0,0.0,0.0,0.0024648246757397727,0.0,0.0,0.17370134848276758,0.03214521299300927,0.0,0.0,0.0,3.965965573126746e-07,0.05739474523111394,0.0005443660227843763,0.0001763175159670785,0.0,0.0,0.003500421318271504,0.0,0.0,0.0,0.0,0.0034838077862252284
2018-11-29 20:00:00,0.0,0.0,0.0,0.0025865349194713365,0.0,0.0,0.18277037010612057,0.03371521176794088,0.0,0.0,0.0,4.16180044985743e-07,0.020729352540835928,0.0005420877293248126,0.00016429031365543587,0.0,0.0,0.003673268148313125,0.0,0.0,0.0,0.0,0.00370486472676675
2018-11-29 21:00:00,0.0,0.0,0.0,0.0026995327664940246,0.0,0.0,0.1762781742204481,0.033509492899088486,0.0,0.0,0.0,4.343616858764859e-07,0.0,0.0005430681758634781,0.00011427390844708407,0.0,0.0,0.0038337420662068133,0.0,0.0,0.0,0.0,0.0038571241668768344
2018-11-29 22:00:00,0.0,0.0,0.0,0.0027944787861230876,0.0,0.0,0.16968541294161726,0.03239919413219926,0.0,0.0,0.0,4.4963874184158264e-07,0.0,0.0005294948170155814,0.00011976292122066646,0.0,0.0,0.0039685796773626025,0.0,0.0,0.0,0.0,0.004158322471357388
2018-11-29 23:00:00,0.0,0.0,0.0,0.00304279794307989,0.0,0.0,0.15414112741536526,0.027170731415093637,0.0,0.0,0.0,4.895939255644557e-07,0.0,0.0005740382210325975,0.00012048229583708915,0.0,0.0,0.004321230184030351,0.0,0.0,0.0,0.0,0.0043331656360732764
2018-11-30 00:00:00,0.0,0.0,0.0,0.0031537463506552026,0.0,0.0,0.15113610865842336,0.026337437488590874,0.0,0.0,0.0,5.074458064372752e-07,0.0,0.0005872594550110356,0.00010583223234750094,0.0,0.0,0.004478793590031363,0.0,0.0,0.0,0.0,0.00447995501146223
2018-11-30 01:00:00,0.0,0.0,0.0,0.00309918850758986,0.0,0.0,0.14508594181128562,0.025767844462327986,0.0,0.0,0.0,4.986673107709958e-07,0.0,0.0005761044650719467,6.853007564253338e-05,0.0,0.0,0.004401313256916994,0.0,0.0,0.0,0.0,0.004437336420153195
2018-11-30 02:00:00,0.0,0.0,0.0,0.0030229023695795545,0.0,0.0,0.1388240293057817,0.02513357218941938,0.0,0.0,0.0,4.863926772023886e-07,0.0,0.000560825816235427,4.5282938840143646e-05,0.0,0.0,0.004292975480843841,0.0,0.0,0.0,0.0,0.004403321165314879
2018-11-30 03:00:00,0.0,0.0,0.0,0.0029814083309524743,0.0,0.0,0.14375775092089163,0.02473873850457298,0.0,0.0,0.0,4.797161808858464e-07,0.0,0.0005567093305417609,5.7143960762939575e-05,0.0,0.0,0.004234047712544127,0.0,0.0,0.0,0.0,0.004342878730799065
2018-11-30 04:00:00,0.0,0.0,0.0,0.002951482945114039,0.0,0.0,0.15570681115845988,0.024727241633703004,0.0,0.0,0.0,4.7490111021709185e-07,0.0,0.0005510802844435809,9.395279908933997e-05,0.0,0.0,0.004191549169107191,0.0,0.0,0.0,0.0,0.004320268478683129
2018-11-30 05:00:00,0.0,0.0,0.0,0.002765619709965234,0.0,0.0,0.1718212872254252,0.033497708468138196,0.0,0.0,0.0,4.449952431115994e-07,0.0018674592779572353,0.000554585826102965,0.00010258297504020945,0.0,0.0,0.003927595453858653,0.0,0.0,0.0,0.0,0.003936805379542715
2018-11-30 06:00:00,0.0,0.0,0.0,0.002533990710858745,0.0,0.0,0.1686667351884718,0.03353938460254135,0.0,0.0,0.0,4.131618888656848e-07,0.03904654276582964,0.0006074212993065148,0.00016196436280280826,0.0,0.0,0.0036466294450018554,0.0,0.00010199739438081288,0.0,0.0,0.003460480938935916
2018-11-30 07:00:00,0.0,0.0,0.0,0.0024416507880947857,0.0,0.0,0.1599478067706159,0.03203595534990209,0.0,0.0,0.0,3.981060574676527e-07,0.06794249051234207,0.0005826597904626106,0.0002219645287885118,0.0,0.0,0.003513744395401127,0.0,0.00021294120672859338,0.0,0.0,0.003181950471391028
2018-11-30 08:00:00,0.0,0.0,0.0,0.0025647548327995544,0.0,0.0,0.1500158828530327,0.033303609733110216,0.0,0.0,0.0,4.1817791464505774e-07,0.06242494532882749,0.000600164651195981,0.00019701211877412792,0.0,0.0,0.0036909016486994625,0.0,0.00039573685808142215,0.0,0.0,0.0032792573616528342
2018-11-30 09:00:00,0.0,0.0,0.0,0.00255054580775457,0.0,0.0,0.14923706145825347,0.0316415776054415,0.0,0.0,0.0,4.1586116281113484e-07,0.06758035236420558,0.000594167947973056,0.00018928665481118964,0.0,0.0,0.0036704536459140663,0.0,0.0005817613345261063,0.0,0.0,0.0031324835508897146
2018-11-30 10:00:00,0.0,0.0,0.0,0.0025154069587425706,0.0,0.0,0.16339754326000827,0.031265300628655485,0.0,0.0,0.0,4.1013184692684585e-07,0.06158258321274232,0.0005949194579363409,0.0001842655969028183,0.0,0.0,0.003619885835652754,0.0,0.0007593702529166722,0.0,0.0,0.0032524003482487787
2018-11-30 11:00:00,0.0,0.0,0.0,0.0026152298672405708,0.0,0.0,0.17046090283518672,0.03265666656111889,0.0,0.0,0.0,4.264077635078989e-07,0.04619477103493648,0.0006146785169827196,0.00019854762022066745,0.0,0.0,0.0037635395419803406,0.0,0.000815822406302903,0.0,0.0,0.003218205482892182
2018-11-30 12:00:00,0.0,0.0,0.0,0.002595148727486731,0.0,0.0,0.16934351556306917,0.03244986923197282,0.0,0.0,0.0,4.231335756445738e-07,0.04911286558221921,0.0006126036337580653,0.00019337141256835707,0.0,0.0,0.0037346410637018887,0.0,0.0006789841991725625,0.0,0.0,0.003098468442351315
2018-11-30 13:00:00,0.0,0.0,0.0,0.002565201124200458,0.0,0.0,0.16662685640986735,0.03216230456467381,0.0,0.0,0.0,4.1825068152513815e-07,0.056775517397113964,0.0006064783812580418,0.0002615800562236642,0.0,0.0,0.0036915439002107304,0.0,0.0004474325530515503,0.0,0.0,0.0029503053595326405
2018-11-30 14:00:00,0.0,0.0,0.0,0.002621965164305271,0.0,0.0,0.1707440222556068,0.03265194359280771,0.0,0.0,0.0,4.275059396162004e-07,0.05605294281734237,0.0006392359149138795,0.0002199654600992976,0.0,0.0,0.0037732322107386436,0.0,0.0002110770286334372,0.0,0.0,0.0028644968380511625
2018-11-30 15:00:00,0.0,0.0,0.0,0.0025329496550061397,0.0,0.0,0.1652790280562215,0.031216257016680262,0.0,0.0,0.0,4.1162007995175687e-07,0.05856970392539403,0.000647251627284598,0.0002162051324177662,0.0,0.0,0.003633021205869413,0.0,7.621257567796219e-05,0.0,0.0,0.0027186531149402207
2018-11-30 16:00:00,0.0,0.0,0.0,0.002326264092671201,0.0,0.0,0.14809690686688537,0.02851056359435275,0.0,0.0,0.0,3.743018071971357e-07,0.10603373203403631,0.000588050611881752,0.0003988844758857248,0.0,0.0,0.003303644475026137,0.0,3.080133161277491e-05,0.0,0.0,0.002560368289713517
2018-11-30 17:00:00,0.0,0.0,0.0,0.002429839314408622,0.0,0.0,0.1563128779595726,0.029853084862526167,0.0,0.0,0.0,3.9096732372180663e-07,0.0939709881119266,0.0006277764178659653,0.00031716106635734474,0.0,0.0,0.003450736849499202,0.0,3.217273856594577e-05,0.0,0.0,0.0026830031071496657
2018-11-30 18:00:00,0.0,0.0,0.0,0.0027402507233795378,0.0,0.0,0.17309996176897438,0.031642219881891274,0.0,0.0,0.0,4.409133086675688e-07,0.05358587547468115,0.0006456943902949931,0.00021856197226780867,0.0,0.0,0.0038915676818464854,0.0,0.0,0.0,0.0,0.002946216405293909
2018-11-30 19:00:00,0.0,0.0,0.0,0.0028699691087713123,0.0,0.0,0.1824785615179671,0.03237252762011123,0.0,0.0,0.0,4.617853266950158e-07,0.026472806509304926,0.000663791925881943,0.00012885525460103122,0.0,0.0,0.004075787276070097,0.0,0.0,0.0,0.0,0.0029326756591255237
2018-11-30 20:00:00,0.0,0.0,0.0,0.0030192364491751595,0.0,0.0,0.19075385759767124,0.038780090443947916,0.0,0.0,0.0,4.85802821288467e-07,0.009042903207835825,0.0006709854791105944,8.76610605810131e-05,0.0,0.0,0.004287769323156063,0.0,0.0,0.0,0.0,0.0030029322560083185
2018-11-30 21:00:00,0.0,0.0,0.0,0.0030909925232122906,0.0,0.0,0.18102474857645168,0.04032176653383298,0.0,0.0,0.0,4.973485560457913e-07,0.01840321631570297,0.0006694017179760698,0.00010125513735815032,0.0,0.0,0.0043896737278576485,0.0,0.0,0.0,0.0,0.002821618578927875
2018-11-30 22:00:00,0.0,0.0,0.0,0.003546813670658292,0.0,0.0,0.15993531094856153,0.04619677369606472,0.0,0.0,0.0,5.70691337626449e-07,0.011929895878244773,0.0007291732978832912,0.00010656070840328103,0.0,0.0,0.005037008233043126,0.0,0.0,0.0,0.0,0.0027649798837804727
2018-11-30 23:00:00,0.0,0.0,0.0,0.003983937034182413,0.0,0.0,0.10582639243875891,0.05146611864125838,0.0,0.0,0.0,6.327005904644067e-07,0.0,0.0007916490209617029,0.00014527482739843243,0.0,0.0,0.0055843112959715014,0.0,0.0,0.0,0.0,0.0025087001121503836
2018-12-01 00:00:00,0.0,0.0,0.0,0.0041208244052297624,0.0,0.0,0.0994575734911618,0.05330247321300472,0.0,0.0,0.0,6.544400707186552e-07,0.0,0.0008183386415266613,0.00018124391998319334,0.0,0.0,0.005776187243271061,0.0,0.0,0.0,0.0,0.0020407419845892578
2018-12-01 01:00:00,0.0,0.0,0.0,0.004183892191670636,0.0,0.0,0.10415414963473645,0.05386974857586726,0.0,0.0,0.0,6.64456048726855e-07,0.0,0.0008198447948201303,0.0001269357914059075,0.0,0.0,0.0058645897830732424,0.0,0.0,0.0,0.0,0.0017246071505637472
2018-12-01 02:00:00,0.0,0.0,0.0,0.004244299987902973,0.0,0.0,0.10915783812353735,0.0547175548242773,0.0,0.0,0.0,6.740495859783033e-07,0.0,0.0008305114691617627,0.00012400909439845003,0.0,0.0,0.005949263796736264,0.0,0.0,0.0,0.0,0.0014343478635291023
2018-12-01 03:00:00,0.0,0.0,0.0,0.004254801418925558,0.0,0.0,0.11115247065867112,0.05483889885711807,0.0,0.0,0.0,6.757173486843157e-07,0.0,0.0008360862258017408,8.71183375368426e-05,0.0,0.0,0.0059639837231256956,0.0,0.0,0.0,0.0,0.0011169821078677161
2018-12-01 04:00:00,0.0,0.0,0.0,0.004210670454893319,0.0,0.0,0.11062172659889108,0.05413116732240114,0.0,0.0,0.0,6.687087823436852e-07,0.0,0.0008396641833033903,9.55707078665486e-05,0.0,0.0,0.005902125054468819,0.0,0.0,0.0,0.0,0.0008518201945595185
2018-12-01 05:00:00,0.0,0.0,0.0,0.004036807983920435,0.0,0.0,0.11824083486418484,0.05196264313691261,0.0,0.0,0.0,6.410971792735781e-07,0.0,0.0008130084909275766,0.00017411170079702343,0.0,0.0,0.005658420861287802,0.0,0.0,0.0,0.0,0.0006278274626774469
2018-12-01 06:00:00,0.0,0.0,0.0,0.003707910220048198,0.0,0.0,0.15205747194424654,0.04851204542246478,0.0,0.0,0.0,5.888639718661994e-07,0.0004919282897994962,0.0008611844904348758,0.0001554600816431053,0.0,0.0,0.005197402656870216,0.0,0.0001453730181648348,0.0,0.0,0.00040323919058888355
2018-12-01 07:00:00,0.0,0.0,0.0,0.003558627386727909,0.0,0.0,0.15963336217035826,0.051048588025556264,0.0,0.0,0.0,5.707148431215984e-07,0.004010449930306065,0.0008667000564752343,0.00014417630288804162,0.0,0.0,0.005037215696105529,0.0,0.0002583029854711486,0.0,0.0,0.00025423734484690416
2018-12-01 08:00:00,0.0,0.0,0.0,0.0034220673664348274,0.0,0.0,0.152537991636373,0.04923966944402605,0.0,0.0,0.0,5.506193401008411e-07,0.013425984008868371,0.00082968129182749,0.0001013008644239051,0.0,0.0,0.004859849741010284,0.0,0.00047576044220959445,0.0,0.0,0.0001621721426614922
2018-12-01 09:00:00,0.0,0.0,0.0,0.0033297727997713476,0.0,0.0,0.1471980616779397,0.047956182155688656,0.0,0.0,0.0,5.357689096594081e-07,0.019945978819010963,0.0008046996488269557,0.00012175726654142415,0.0,0.0,0.004728777591380611,0.0,0.00076052619306648,0.0,0.0,0.000124266155866474
2018-12-01 10:00:00,0.0,0.0,0.0,0.003255571578897701,0.0,0.0,0.1445303508883746,0.046876637304287254,0.0,0.0,0.0,5.238297445591345e-07,0.026101532307889457,0.0007880864556607224,7.000170850539178e-05,0.0,0.0,0.004623400710848559,0.0,0.0010129909981015095,0.0,0.0,9.449765718412498e-05
2018-12-01 11:00:00,0.0,0.0,0.0,0.003218580755447526,0.0,0.0,0.150375683339203,0.04606424546050311,0.0,0.0,0.0,5.178778270142904e-07,0.02342296297622836,0.0007757598835596435,6.798743211208317e-05,0.0,0.0,0.004570868184596342,0.0,0.0011612918874609182,0.0,0.0,8.579750071251982e-05
2018-12-01 12:00:00,0.0,0.0,0.0,0.003308361462009616,0.0,0.0,0.15311459365923427,0.04705070153208794,0.0,0.0,0.0,5.288445306405858e-07,0.02191792920410423,0.000760094172334678,5.511298372768149e-05,0.0,0.0,0.004667661972784436,0.0,0.0011750040129639703,0.0,0.0,0.00011681915856754334
2018-12-01 13:00:00,0.0,0.0,0.0,0.003320717585258665,0.0,0.0,0.15207850301516268,0.0469635879100549,0.0,0.0,0.0,5.2737278700236e-07,0.02145265383775414,0.0007529424698829546,6.137271335149163e-05,0.0,0.0,0.0046546721403935955,0.0,0.0008354029765171893,0.0,0.0,0.00013396816627293703
2018-12-01 14:00:00,0.0,0.0,0.0,0.0033559527338084053,0.0,0.0,0.15550803796409257,0.04738439068045768,0.0,0.0,0.0,5.329685830958335e-07,0.005196143750262701,0.0007641244507173071,0.00010174710635055167,0.0,0.0,0.0047040614847465075,0.0,0.00038375781341524806,0.0,0.0,0.00012165447954291464
2018-12-01 15:00:00,0.0,0.0,0.0,0.003163799635857467,0.0,0.0,0.15714755210740447,0.04529079714257891,0.0,0.0,0.0,5.090634055874882e-07,0.020727870567587153,0.0007706882976154572,0.0002157339620095133,0.0,0.0,0.00449307076527512,0.0,0.00010472719117256742,0.0,0.0,0.00010120464470645524
2018-12-01 16:00:00,0.0,0.0,0.0,0.0030977917103037268,0.0,0.0,0.15769777377304353,0.04426302005271299,0.0,0.0,0.0,4.984425625362039e-07,0.03771038002306493,0.0007777172265174416,0.00029165925454855784,0.0,0.0,0.0043993295949365675,0.0,4.101688627571339e-05,0.0,0.0,0.00011193857173333217
2018-12-01 17:00:00,0.0,0.0,0.0,0.003184078121545348,0.0,0.0,0.16186703274576028,0.04530432367441646,0.0,0.0,0.0,5.106465072465901e-07,0.03758980497195569,0.0007921483499652684,0.0002992008945768651,0.0,0.0,0.004507043460434303,0.0,4.20211500563865e-05,0.0,0.0,0.00020491873670453107
2018-12-01 18:00:00,0.0,0.0,0.0,0.0034224252753901163,0.0,0.0,0.15850624383273615,0.048210019573200584,0.0,0.0,0.0,5.435252801388754e-07,0.005614232304595506,0.0008154055952144489,0.00016203998609626432,0.0,0.0,0.00479723649269511,0.0,0.0,0.0,0.0,0.00029415205681015364
2018-12-01 19:00:00,0.0,0.0,0.0,0.0034962143464713647,0.0,0.0,0.15388399309152234,0.04608707351350313,0.0,0.0,0.0,5.625497777125127e-07,0.006142467954291993,0.0008105890620287425,0.00014336409074224886,0.0,0.0,0.004965149591405302,0.0,0.0,0.0,0.0,0.00039971741725904834
2018-12-01 20:00:00,0.0,0.0,0.0,0.0037081457906702232,0.0,0.0,0.1302215726615884,0.04798818189487754,0.0,0.0,0.0,5.96650085934372e-07,0.0,0.0007793312660757179,9.822296608290677e-05,0.0,0.0,0.005266124079606213,0.0,0.0,0.0,0.0,0.0006260360948424153
2018-12-01 21:00:00,0.0,0.0,0.0,0.0037608200794801887,0.0,0.0,0.11026473135460291,0.048414205222719664,0.0,0.0,0.0,6.011704442199219e-07,0.0,0.0007601310953397874,0.0001610672219232577,0.0,0.0,0.005306021446885902,0.0,0.0,0.0,0.0,0.0008432520443462212
2018-12-01 22:00:00,0.0,0.0,0.0,0.003934289752904198,0.0,0.0,0.10303079800516092,0.050396348562308985,0.0,0.0,0.0,6.248159617892635e-07,0.0,0.0007836821849495327,0.00010465712882071126,0.0,0.0,0.005514720368384687,0.0,0.0,0.0,0.0,0.0012168655434419008
2018-12-01 23:00:00,0.0,0.0,0.0,0.004139530937401105,0.0,0.0,0.08895774680627648,0.053066365073085146,0.0,0.0,0.0,6.574109093259927e-07,0.0,0.0008093827732420847,0.00011475874074260975,0.0,0.0,0.005802408315044181,0.0,0.0,0.0,0.0,0.0015030149936206296
2018-12-02 00:00:00,0.0,0.0,0.0,0.004023508146927507,0.0,0.0,0.08270476224958176,0.05152591576770966,0.0,0.0,0.0,6.389849936023927e-07,0.0,0.0007815936748647921,0.00010995479421944814,0.0,0.0,0.005639778390456327,0.0,0.0,0.0,0.0,0.0018255224844881028
2018-12-02 01:00:00,0.0,0.0,0.0,0.0038435164145824404,0.0,0.0,0.078444748970274,0.04928431535809235,0.0,0.0,0.0,6.103999847640674e-07,0.0,0.0007347054678367116,0.00011118168246399205,0.0,0.0,0.005387482770447283,0.0,0.0,0.0,0.0,0.0023213981916600664
2018-12-02 02:00:00,0.0,0.0,0.0,0.0036813542117740653,0.0,0.0,0.054892269895664196,0.04722924831447594,0.0,0.0,0.0,5.846465352021008e-07,0.0,0.000722690896795022,9.288321938654697e-05,0.0,0.0,0.005160178921728633,0.0,0.0,0.0,0.0,0.002802458374586046
2018-12-02 03:00:00,0.0,0.0,0.0,0.0034956289030713844,0.0,0.0,0.06708001782505006,0.044823452966194506,0.0,0.0,0.0,5.55150960479875e-07,0.0,0.0006504204461000433,8.449513092664146e-05,0.0,0.0,0.004899846509233811,0.0,0.0,0.0,0.0,0.002889983153642895
2018-12-02 04:00:00,0.0,0.0,0.0,0.003509317230918928,0.0,0.0,0.06882113306712716,0.04495265613178487,0.0,0.0,0.0,5.573248435099788e-07,0.0,0.000646628851439549,8.489887390350463e-05,0.0,0.0,0.004919033530305213,0.0,0.0,0.0,0.0,0.00292592193283386
2018-12-02 05:00:00,0.0,0.0,0.0,0.0034998817515432684,0.0,0.0,0.0695747669344733,0.044931476272866006,0.0,0.0,0.0,5.576368770163398e-07,0.0,0.0006521710479102914,7.626947662784678e-05,0.0,0.0,0.004921787585320422,0.0,0.0,0.0,0.0,0.0028290166928503597
2018-12-02 06:00:00,0.0,0.0,0.0,0.0032937785452471766,0.0,0.0,0.07117249718052159,0.042412774714318334,0.0,0.0,0.0,5.265134383886775e-07,0.0,0.0006953540101878499,9.294174678060531e-05,0.0,0.0,0.004647087399296638,0.0,0.00015164394469641853,0.0,0.0,0.0030064643905286207
2018-12-02 07:00:00,0.0,0.0,0.0,0.003186962484245939,0.0,0.0,0.08000647698804488,0.041264705688537524,0.0,0.0,0.0,5.127903667863273e-07,0.0,0.0006964182080678033,5.7194794825308545e-05,0.0,0.0,0.00452596548962973,0.0,0.00028483358712879156,0.0,0.0,0.002994179600312719
2018-12-02 08:00:00,0.0,0.0,0.0,0.003144367850581538,0.0,0.0,0.0846745806818702,0.040692169314852936,0.0,0.0,0.0,5.059367819299415e-07,0.0,0.0007155734058536637,9.169108358203707e-05,0.0,0.0,0.004465474711039935,0.0,0.0005204198288547418,0.0,0.0,0.00304356872266785
2018-12-02 09:00:00,0.0,0.0,0.0,0.0032597943474315396,0.0,0.0,0.10366189851689477,0.04229491625768601,0.0,0.0,0.0,5.245091987529082e-07,2.0619636076860566e-05,0.0007419779995522911,9.889764772902122e-05,0.0,0.0,0.004629397676532756,0.0,0.0008956096796021656,0.0,0.0,0.0030471575829031225
2018-12-02 10:00:00,0.0,0.0,0.0,0.0031509666092347155,0.0,0.0,0.11511022936404054,0.04086183739610708,0.0,0.0,0.0,5.069985389750353e-07,0.0048682082386832136,0.000718879777115901,0.00015811122114967207,0.0,0.0,0.004474845939627129,0.0,0.0012724892311222573,0.0,0.0,0.0028726329246092286
2018-12-02 11:00:00,0.0,0.0,0.0,0.003262100588021875,0.0,0.0,0.12173052617114408,0.04254295213719891,0.0,0.0,0.0,5.248802787276685e-07,0.007717200000214049,0.0007588166390380848,0.00020493572350893682,0.0,0.0,0.004632672884626432,0.0,0.0013605621270159375,0.0,0.0,0.0026048634004310163
2018-12-02 12:00:00,0.0,0.0,0.0,0.003309190495389425,0.0,0.0,0.12369528824376567,0.044053189246085575,0.0,0.0,0.0,5.324571645524331e-07,0.010879452508658988,0.0007553015133972786,0.00018728567338017945,0.0,0.0,0.004699547627177979,0.0,0.001150168717369874,0.0,0.0,0.0024366357393396766
2018-12-02 13:00:00,0.0,0.0,0.0,0.003378455699476791,0.0,0.0,0.12643668800485272,0.04377243034274755,0.0,0.0,0.0,5.400491570212296e-07,0.0021124393327764668,0.0007604914624932209,0.00016481690820029847,0.0,0.0,0.0047665557032591345,0.0,0.0006888308023574909,0.0,0.0,0.0025429548136077177
2018-12-02 14:00:00,0.0,0.0,0.0,0.0033078607959935954,0.0,0.0,0.12435140809438046,0.04236118096985324,0.0,0.0,0.0,5.253309630253013e-07,0.013320502055028934,0.0007439157963156967,0.0001451443396707344,0.0,0.0,0.004636650692537659,0.0,0.0002809919796500235,0.0,0.0,0.00227444336337722
2018-12-02 15:00:00,0.0,0.0,0.0,0.003245215843665114,0.0,0.0,0.13540902285595205,0.041708851787966,0.0,0.0,0.0,5.153821365283536e-07,0.005146250853125817,0.0007641464215893098,0.00014697810408455242,0.0,0.0,0.004548840842150471,0.0,9.54244022493766e-05,0.0,0.0,0.002195318446671377
2018-12-02 16:00:00,0.0,0.0,0.0,0.0030826417258351868,0.0,0.0,0.1658813060812945,0.0409445329778879,0.0,0.0,0.0,4.96004891515339e-07,0.008277354247590536,0.000741875510862558,0.00016434638709978672,0.0,0.0,0.0043778143410821545,0.0,4.081629009361436e-05,0.0,0.0,0.0018479970691968133
2018-12-02 17:00:00,0.0,0.0,0.0,0.003072306793493148,0.0,0.0,0.17220516856090148,0.04401186021452845,0.0,0.0,0.0,4.943419746242291e-07,0.012729069811801594,0.0007335514692275977,0.0001842213454046767,0.0,0.0,0.0043631371845894275,0.0,4.067944850315796e-05,0.0,0.0,0.001559707340544905
2018-12-02 18:00:00,0.0,0.0,0.0,0.003232312432972902,0.0,0.0,0.16232491059172832,0.04264158055035444,0.0,0.0,0.0,5.133329084672876e-07,0.010438245467336198,0.0007434151087089763,0.00015485110084983097,0.0,0.0,0.004530754044727011,0.0,0.0,0.0,0.0,0.0015421409571727083
2018-12-02 19:00:00,0.0,0.0,0.0,0.0034178707969574292,0.0,0.0,0.14492659208818498,0.048315033164850515,0.0,0.0,0.0,5.428019702148244e-07,0.006508323550810329,0.0007728033360820113,0.0001836848206545239,0.0,0.0,0.004790852449689237,0.0,0.0,0.0,0.0,0.0012549772852072257
2018-12-02 20:00:00,0.0,0.0,0.0,0.0035855076459412635,0.0,0.0,0.15007328150528626,0.04641369373297794,0.0,0.0,0.0,5.694248642077838e-07,0.0,0.0007697243755658918,0.0001377449726051781,0.0,0.0,0.00502583014671843,0.0,0.0,0.0,0.0,0.000960144748905573
2018-12-02 21:00:00,0.0,0.0,0.0,0.003551555828735612,0.0,0.0,0.15609084151956706,0.045470272422014284,0.0,0.0,0.0,5.640328776856466e-07,0.0,0.0007367273834993385,0.00018224044941630847,0.0,0.0,0.0049782396565290704,0.0,0.0,0.0,0.0,0.0008056955253368412
2018-12-02 22:00:00,0.0,0.0,0.0,0.003767022967228154,0.0,0.0,0.1309397118832987,0.048340750541686434,0.0,0.0,0.0,5.982518386230864e-07,0.007578876459148826,0.0007715550153644161,0.00014143277975271572,0.0,0.0,0.005280261391579281,0.0,0.0,0.0,0.0,0.0007488550540876172
2018-12-02 23:00:00,0.0,0.0,0.0,0.0037995926010318706,0.0,0.0,0.12135979841128575,0.04874616571098732,0.0,0.0,0.0,6.034243165919933e-07,0.004898585984234565,0.0007461119129534342,0.00014423365452064906,0.0,0.0,0.005325914466011737,0.0,0.0,0.0,0.0,0.0006309224098437247
2018-12-03 00:00:00,0.0,0.0,0.0,0.0037360279055400044,0.0,0.0,0.1265279405822711,0.04785671020471278,0.0,0.0,0.0,5.933294230167871e-07,0.0,0.0007317755398599405,0.00019263722433970402,0.0,0.0,0.005236815405455661,0.0,0.0,0.0,0.0,0.0006007079580084132
2018-12-03 01:00:00,0.0,0.0,0.0,0.0036546672540088204,0.0,0.0,0.13875334229583536,0.046850696287739725,0.0,0.0,0.0,5.804083020696753e-07,0.0,0.0007209288057484345,0.00016984833961644375,0.0,0.0,0.005122771633805933,0.0,0.0,0.0,0.0,0.0006859199815175889
2018-12-03 02:00:00,0.0,0.0,0.0,0.0033863446534325224,0.0,0.0,0.15579395482710218,0.04352269742818478,0.0,0.0,0.0,5.37795211962339e-07,0.0,0.0006632831042944877,0.00015259639257535716,0.0,0.0,0.004746662042588416,0.0,0.0,0.0,0.0,0.0005900217231443696
2018-12-03 03:00:00,0.0,0.0,0.0,0.003370304522331036,0.0,0.0,0.1578150242307518,0.043316543051095384,0.0,0.0,0.0,5.352478322392256e-07,0.0,0.0006659035159782477,0.00014228525741870256,0.0,0.0,0.00472417848310182,0.0,0.0,0.0,0.0,0.0006187559259878775
2018-12-03 04:00:00,0.0,0.0,0.0,0.003389308389791584,0.0,0.0,0.17018208035697208,0.04467916570358533,0.0,0.0,0.0,5.382658915258637e-07,0.0,0.0006789110961948271,0.00014970349720879784,0.0,0.0,0.00475081633174665,0.0,0.0,0.0,0.0,0.0005310879660167934
2018-12-03 05:00:00,0.0,0.0,0.0,0.0029797563099998366,0.0,0.0,0.19992741595359706,0.04332440602387106,0.0,0.0,0.0,4.747651837795238e-07,0.014016728834284058,0.0006507530237533625,0.00020926913821334763,0.0,0.0,0.004190349461769831,0.0,0.0,0.0,0.0,0.0004020143034095799
2018-12-03 06:00:00,0.0,0.0,0.0,0.002698347343926275,0.0,0.0,0.2012034656369748,0.03937000946336918,0.0,0.0,0.0,4.313332297545107e-07,0.04412128071412894,0.0007105293459570588,0.00034669193648901073,0.0,0.0,0.003807012453517679,0.0,9.760974532316886e-05,0.0,0.0,0.0004446371593150538
2018-12-03 07:00:00,0.0,0.0,0.0,0.0026229186668153643,0.0,0.0,0.19693477709258234,0.03865277825168519,0.0,0.0,0.0,4.2203428244157537e-07,0.04748377725403212,0.0007037851345208035,0.00032680127666154176,0.0,0.0,0.0037249385352964974,0.0,0.0001736462078928208,0.0,0.0,0.0006075182017857345
2018-12-03 08:00:00,0.0,0.0,0.0,0.0026302373889778,0.0,0.0,0.19650526118591707,0.03899804972198309,0.0,0.0,0.0,4.232118834458654e-07,0.051521899167229546,0.0006655893936174561,0.00031044760716582596,0.0,0.0,0.0037353322202234823,0.0,0.0003047287816837994,0.0,0.0,0.0007151635072397369
2018-12-03 09:00:00,0.0,0.0,0.0,0.002591874539427455,0.0,0.0,0.19394327333675004,0.038437916276702525,0.0,0.0,0.0,4.1703920341303317e-07,0.06298862629890546,0.0006615297726088004,0.0002767999941488897,0.0,0.0,0.0036808512107961615,0.0,0.00046329564662420743,0.0,0.0,0.0007385106539091423
2018-12-03 10:00:00,0.0,0.0,0.0,0.0025788868642734664,0.0,0.0,0.19171939414736192,0.03820219909062603,0.0,0.0,0.0,4.149494534586997e-07,0.06197155074172861,0.0006665366932311314,0.0002736224682834977,0.0,0.0,0.0036624067610017104,0.0,0.0006231687033778109,0.0,0.0,0.0008066106012159014
2018-12-03 11:00:00,0.0,0.0,0.0,0.0026505458780882373,0.0,0.0,0.19926109440961948,0.039308021665284874,0.0,0.0,0.0,4.2647957097946413e-07,0.03354431532769187,0.0006936106894793909,0.00030408942842732797,0.0,0.0,0.0037641733256066562,0.0,0.0007808647467707541,0.0,0.0,0.0007489475731428561
2018-12-03 12:00:00,0.0,0.0,0.0,0.002665987263708379,0.0,0.0,0.19911682174162293,0.039537019897504244,0.0,0.0,0.0,4.2896412918652904e-07,0.042538290463683626,0.0006950072762724846,0.0002902117711777101,0.0,0.0,0.0037861024128721314,0.0,0.000856012858796971,0.0,0.0,0.0008338534037318358
2018-12-03 13:00:00,0.0,0.0,0.0,0.0026042855232895753,0.0,0.0,0.1913215790360405,0.038352241748405076,0.0,0.0,0.0,4.1629736382600414e-07,0.0581223750661895,0.000700000981002401,0.00033319127826114014,0.0,0.0,0.00367430362217671,0.0,0.0006680144249117167,0.0,0.0,0.0008260897472947553
2018-12-03 14:00:00,0.0,0.0,0.0,0.00252776574017765,0.0,0.0,0.18429744521140473,0.03698364321712756,0.0,0.0,0.0,4.0144180559176703e-07,0.06374574938980038,0.0007002197341240938,0.00035101164944298185,0.0,0.0,0.0035431862138706406,0.0,0.00032208817566520715,0.0,0.0,0.000864596094793759
2018-12-03 15:00:00,0.0,0.0,0.0,0.00247827297357681,0.0,0.0,0.18106997589168475,0.036349470649394165,0.0,0.0,0.0,3.9358171584050035e-07,0.0573723324411865,0.0007089593994053976,0.00039745553043322036,0.0,0.0,0.003473811870544787,0.0,0.00010526060071843579,0.0,0.0,0.0008737496867074775
2018-12-03 16:00:00,0.0,0.0,0.0,0.002510513908014578,0.0,0.0,0.18895730868503344,0.037038284612398914,0.0,0.0,0.0,4.03948070953704e-07,0.028536551431965887,0.0007823064244835135,0.0003358255209600019,0.0,0.0,0.003565306891774693,0.0,3.324092550061558e-05,0.0,0.0,0.0009889674320813432
2018-12-03 17:00:00,0.0,0.0,0.0,0.0026109919280158616,0.0,0.0,0.19878053905008727,0.03821515204287022,0.0,0.0,0.0,4.2011523984418217e-07,0.010821896003098627,0.0008379444615421351,0.00026598725881404786,0.0,0.0,0.0037080007745047667,0.0,3.4571323379173216e-05,0.0,0.0,0.0011213501584734814
2018-12-03 18:00:00,0.0,0.0,0.0,0.0027129754685793557,0.0,0.0,0.198028447457848,0.038995179927151805,0.0,0.0,0.0,4.3085549951164587e-07,0.016607609806352855,0.0008047537981798512,0.00024185781138835852,0.0,0.0,0.003802795933995073,0.0,0.0,0.0,0.0,0.0012673986091933116
2018-12-03 19:00:00,0.0,0.0,0.0,0.0028420606623184453,0.0,0.0,0.20805226955105777,0.03730570859824423,0.0,0.0,0.0,4.5135589336781915e-07,0.0,0.000840536571978371,0.000203613146004248,0.0,0.0,0.00398373551696411,0.0,0.0,0.0,0.0,0.0011150040471850891
2018-12-03 20:00:00,0.0,0.0,0.0,0.0029879958737157064,0.0,0.0,0.2175780290034024,0.038107168143801703,0.0,0.0,0.0,4.745322873791627e-07,0.0,0.0008752511766522073,0.00018937293742127766,0.0,0.0,0.004188293882845251,0.0,0.0,0.0,0.0,0.0009783372747962467
2018-12-03 21:00:00,0.0,0.0,0.0,0.003000138262061436,0.0,0.0,0.2102975748812428,0.03728196351180357,0.0,0.0,0.0,4.764606552750595e-07,0.0,0.0008833581493877276,0.00019300832496618487,0.0,0.0,0.0042053139501348055,0.0,0.0,0.0,0.0,0.0008735568882796723
2018-12-03 22:00:00,0.0,0.0,0.0,0.0030711402718092405,0.0,0.0,0.19072218855314524,0.03814401857925179,0.0,0.0,0.0,4.877366902892058e-07,0.0,0.0009097686880269149,0.0001466833650795018,0.0,0.0,0.0043048379440306355,0.0,0.0,0.0,0.0,0.0012318117679896753
2018-12-03 23:00:00,0.0,0.0,0.0,0.003230069936742155,0.0,0.0,0.15999257134370704,0.03962466061283209,0.0,0.0,0.0,5.064001458685106e-07,0.0,0.0009391737022546865,0.00019328382419571787,0.0,0.0,0.00446956443138364,0.0,0.0,0.0,0.0,0.00137962275232118
2018-12-04 00:00:00,0.0,0.0,0.0,0.0032500364226285884,0.0,0.0,0.13880348501669765,0.039945687859375106,0.0,0.0,0.0,5.128177214449785e-07,0.0,0.0009712442093667302,0.00014638088488046314,0.0,0.0,0.00452620692599253,0.0,0.0,0.0,0.0,0.0015349293003786004
2018-12-04 01:00:00,0.0,0.0,0.0,0.003313832468764915,0.0,0.0,0.1274143813092049,0.04163941881849519,0.0,0.0,0.0,5.262793416909419e-07,0.0,0.0010202703042257477,0.0001213210734464422,0.0,0.0,0.004645021226365528,0.0,0.0,0.0,0.0,0.0016546608812586855
2018-12-04 02:00:00,0.0,0.0,0.0,0.0033322215641318396,0.0,0.0,0.12004440212037822,0.04198043798832074,0.0,0.0,0.0,5.291997672390699e-07,0.0,0.0010468825400008043,0.0001443449395564145,0.0,0.0,0.004670797344838065,0.0,0.0,0.0,0.0,0.0016112389806886896
2018-12-04 03:00:00,0.0,0.0,0.0,0.0032714135995133486,0.0,0.0,0.11768394084649372,0.041052437712194925,0.0,0.0,0.0,5.195426780860649e-07,0.0,0.0010416709968610336,0.0001678655533944354,0.0,0.0,0.004585562412460737,0.0,0.0,0.0,0.0,0.001572272623033147
2018-12-04 04:00:00,0.0,0.0,0.0,0.0030956939220488817,0.0,0.0,0.143775767811729,0.04376073976967269,0.0,0.0,0.0,4.916361266686931e-07,0.0,0.0009839263484909045,0.00017646303277054433,0.0,0.0,0.00433925496046792,0.0,0.0,0.0,0.0,0.0012706200577710812
2018-12-04 05:00:00,0.0,0.0,0.0,0.002722589525649672,0.0,0.0,0.19532725013538588,0.03927710949067925,0.0,0.0,0.0,4.323823357876604e-07,0.01429950160738281,0.0008755128400832287,0.00024853824926871995,0.0,0.0,0.0038162720223562183,0.0,0.0,0.0,0.0,0.0015218107294929816
2018-12-04 06:00:00,0.0,0.0,0.0,0.0024783019573443757,0.0,0.0,0.1857581040220529,0.03609638642834722,0.0,0.0,0.0,3.9358631883665606e-07,0.04265840955696729,0.0008340997168358088,0.00023508974189269115,0.0,0.0,0.0034738524972864316,0.0,0.00017003834360692832,0.0,0.0,0.0016721706977793924
2018-12-04 07:00:00,0.0,0.0,0.0,0.0024849828958233787,0.0,0.0,0.1869683783792611,0.036431486314270206,0.0,0.0,0.0,3.946473380456078e-07,0.042381662669864,0.000840870896691329,0.00020589683706822716,0.0,0.0,0.003483217213620018,0.0,0.00034911234844913587,0.0,0.0,0.0015517267131779945
2018-12-04 08:00:00,0.0,0.0,0.0,0.002426075989183708,0.0,0.0,0.1828788875779275,0.035958140752964475,0.0,0.0,0.0,3.890819203864915e-07,0.04581439955799656,0.0008172574910351686,0.0002635350669315034,0.0,0.0,0.003434095993932536,0.0,0.0006083341823484925,0.0,0.0,0.001631546969818862
2018-12-04 09:00:00,0.0,0.0,0.0,0.002477105763724135,0.0,0.0,0.18558930582983946,0.03609531241987461,0.0,0.0,0.0,3.933963478598705e-07,0.041651907220597875,0.0008234851367861373,0.00023106687179630449,0.0,0.0,0.0034721757846555936,0.0,0.0009307129168628566,0.0,0.0,0.0017148132570355451
2018-12-04 10:00:00,0.0,0.0,0.0,0.002442672333781048,0.0,0.0,0.1801222304580452,0.03550490139721529,0.0,0.0,0.0,3.879278750226292e-07,0.03214766844999545,0.0008056727319451368,0.00022029691039195283,0.0,0.0,0.003423910214657777,0.0,0.0012928661926598169,0.0,0.0,0.002219406267385957
2018-12-04 11:00:00,0.0,0.0,0.0,0.00258174046780857,0.0,0.0,0.19042349108183904,0.037338874709889114,0.0,0.0,0.0,4.1001368856813707e-07,0.011871319585096858,0.0008586256989648831,0.0002281747500023016,0.0,0.0,0.003618842952072123,0.0,0.0013917777124287422,0.0,0.0,0.002513317760243838
2018-12-04 12:00:00,0.0,0.0,0.0,0.0025514930507935882,0.0,0.0,0.1865979562180758,0.03679196737094969,0.0,0.0,0.0,4.052100085799242e-07,0.003408959249563727,0.0008491641601406476,0.0001620261935095173,0.0,0.0,0.003576444944507883,0.0,0.0011670669664117488,0.0,0.0,0.0026464798120573395
2018-12-04 13:00:00,0.0,0.0,0.0,0.002439691003598718,0.0,0.0,0.1763951386708965,0.03522810877990997,0.0,0.0,0.0,3.874544013330239e-07,0.016621596515924115,0.0008132335060730677,0.00016384311934833454,0.0,0.0,0.0034197312641193124,0.0,0.0006854986866815958,0.0,0.0,0.0029113767507802533
2018-12-04 14:00:00,0.0,0.0,0.0,0.00244912181539666,0.0,0.0,0.18070050907054033,0.03532387863331694,0.0,0.0,0.0,3.889521358960757e-07,0.023386946045799873,0.0008232657775009729,0.00017846256186583462,0.0,0.0,0.0034329504963515403,0.0,0.0002720587228151974,0.0,0.0,0.002703540979370051
2018-12-04 15:00:00,0.0,0.0,0.0,0.0024294388719192624,0.0,0.0,0.1811836952452157,0.034983873707715045,0.0,0.0,0.0,3.8582623057845224e-07,0.02051051853527631,0.0008774123793109722,0.00025769751458781,0.0,0.0,0.0034053607822933816,0.0,7.937419379526846e-05,0.0,0.0,0.0021988596635679585
2018-12-04 16:00:00,0.0,0.0,0.0,0.002291578152221313,0.0,0.0,0.1586675087740143,0.032998681957095835,0.0,0.0,0.0,3.639321700031097e-07,0.09782047599249255,0.0008207348950483132,0.00041843221736234546,0.0,0.0,0.0032121204856535002,0.0,2.9948013173547768e-05,0.0,0.0,0.0019119618670898318
2018-12-04 17:00:00,0.0,0.0,0.0,0.0022292841988989357,0.0,0.0,0.16249087614400576,0.033381596418810756,0.0,0.0,0.0,3.5403908667592327e-07,0.09779882220346792,0.0008018667511930345,0.00046293371739347753,0.0,0.0,0.003124802632930392,0.0,2.9133910397728162e-05,0.0,0.0,0.0017752647325816274
2018-12-04 18:00:00,0.0,0.0,0.0,0.002341175230475703,0.0,0.0,0.1685570294737084,0.03522702340380873,0.0,0.0,0.0,3.7180882579049256e-07,0.08685208152272815,0.0008382722800271386,0.00036555051090286577,0.0,0.0,0.0032816410433246655,0.0,0.0,0.0,0.0,0.0018766874751232157
2018-12-04 19:00:00,0.0,0.0,0.0,0.002566875579930425,0.0,0.0,0.18514713541718794,0.03815509467680386,0.0,0.0,0.0,4.0502293357932285e-07,0.03705133603834627,0.0009062641435579809,0.0003214666375890092,0.0,0.0,0.003574793792201726,0.0,0.0,0.0,0.0,0.0022903699486992147
2018-12-04 20:00:00,0.0,0.0,0.0,0.0026919429048139457,0.0,0.0,0.1876334895216275,0.03952089046536346,0.0,0.0,0.0,4.220342922489183e-07,0.007370603519672545,0.0008926287518810436,0.00024297635680944066,0.0,0.0,0.003724938621857593,0.0,0.0,0.0,0.0,0.0028185116205850895
2018-12-04 21:00:00,0.0,0.0,0.0,0.0027555830365017216,0.0,0.0,0.1835475085208506,0.0393960231925109,0.0,0.0,0.0,4.3201159075976284e-07,0.0008321840119659102,0.0009042797589454013,0.0001801430500426155,0.0,0.0,0.0038129997705543123,0.0,0.0,0.0,0.0,0.0030791834094126887
2018-12-04 22:00:00,0.0,0.0,0.0,0.00286235435168059,0.0,0.0,0.18027290087944042,0.037426056239741386,0.0,0.0,0.0,4.4875085976632975e-07,0.0,0.0009238121536635585,0.00016083551001508077,0.0,0.0,0.003960743095609636,0.0,0.0,0.0,0.0,0.0030993664948783966
2018-12-04 23:00:00,0.0,0.0,0.0,0.0029041094171200787,0.0,0.0,0.17230160261869135,0.035824620732212535,0.0,0.0,0.0,4.552970868274791e-07,0.0,0.000913452999588879,0.00019407968260845318,0.0,0.0,0.004018521087719202,0.0,0.0,0.0,0.0,0.0030808828505885025
2018-12-05 00:00:00,0.0,0.0,0.0,0.0030155742473210573,0.0,0.0,0.17811242605555516,0.0371308706508945,0.0,0.0,0.0,4.727721902705691e-07,0.0,0.0009509756438084552,0.00016666306809983548,0.0,0.0,0.004172758999025542,0.0,0.0,0.0,0.0,0.0028405790706284096
2018-12-05 01:00:00,0.0,0.0,0.0,0.0030637330948978486,0.0,0.0,0.18169019786978122,0.03785516333297587,0.0,0.0,0.0,4.818668269941877e-07,0.0,0.0009827820438154183,0.0002268912562709603,0.0,0.0,0.004253029641022545,0.0,0.0,0.0,0.0,0.002465906672420782
2018-12-05 02:00:00,0.0,0.0,0.0,0.003342760987951504,0.0,0.0,0.15221908826336747,0.04107242358232175,0.0,0.0,0.0,5.240674923619575e-07,0.0,0.0010817732347090572,0.00016411955884970675,0.0,0.0,0.004625499108986487,0.0,0.0,0.0,0.0,0.002411748630869265
2018-12-05 03:00:00,0.0,0.0,0.0,0.003404485854457748,0.0,0.0,0.14384365382701914,0.04186410365998434,0.0,0.0,0.0,5.33744521656872e-07,0.0,0.0011218129881529354,0.00025508705123802975,0.0,0.0,0.004710910036078198,0.0,0.0,0.0,0.0,0.001980745914151788
2018-12-05 04:00:00,0.0,0.0,0.0,0.003254932623123856,0.0,0.0,0.15829214874282913,0.04058702560466231,0.0,0.0,0.0,5.102980391825714e-07,0.0,0.0010748374048536288,0.00023787622370873907,0.0,0.0,0.004503967828491623,0.0,0.0,0.0,0.0,0.0015574468556963479
2018-12-05 05:00:00,0.0,0.0,0.0,0.002953418331894877,0.0,0.0,0.17178088990399343,0.04303255768869823,0.0,0.0,0.0,4.630275824896753e-07,0.0036723855508365194,0.0009925978333195755,0.0003738015575585997,0.0,0.0,0.004086751613975191,0.0,0.0,0.0,0.0,0.001125085698928133
2018-12-05 06:00:00,0.0,0.0,0.0,0.0026920265702018507,0.0,0.0,0.1705753096371544,0.03982122831619082,0.0,0.0,0.0,4.247702955537057e-07,0.017458465492352172,0.0009768176875480127,0.0003446938180039744,0.0,0.0,0.003749087001661577,0.0,0.0001136017621698921,0.0,0.0,0.0009586264757382578
2018-12-05 07:00:00,0.0,0.0,0.0,0.0025170606748598657,0.0,0.0,0.1732646040345023,0.037425021836444215,0.0,0.0,0.0,3.9974170313296584e-07,0.055775556853922284,0.0009291518691850603,0.00034063932954774044,0.0,0.0,0.0035281808519220708,0.0,0.00021381609007994876,0.0,0.0,0.0008388592934939906
2018-12-05 08:00:00,0.0,0.0,0.0,0.0025920614992934504,0.0,0.0,0.19121062467334102,0.038719787300879695,0.0,0.0,0.0,4.1165280150055963e-07,0.030865022163569907,0.0009512624909209251,0.00033017369195291306,0.0,0.0,0.003633310011218033,0.0,0.0003980306450660705,0.0,0.0,0.0006971459571841797
2018-12-05 09:00:00,0.0,0.0,0.0,0.0026951100983365387,0.0,0.0,0.19458269522611557,0.040436975209829085,0.0,0.0,0.0,4.280182482688397e-07,0.01669595503804373,0.0009899350612937144,0.0002992540804998269,0.0,0.0,0.0037777539245462096,0.0,0.0006516007599573944,0.0,0.0,0.0004774629971996847
2018-12-05 10:00:00,0.0,0.0,0.0,0.002822643380736597,0.0,0.0,0.16729861539272128,0.042397032641860385,0.0,0.0,0.0,4.4827217858602413e-07,0.017120343651953005,0.001044679435216795,0.0003178109895233395,0.0,0.0,0.003956518182969064,0.0,0.0010144299156396332,0.0,0.0,0.000349874630559325
2018-12-05 11:00:00,0.0,0.0,0.0,0.0028832508993120206,0.0,0.0,0.16298098659175056,0.043164668678365194,0.0,0.0,0.0,4.578974343218047e-07,0.011075101717040415,0.0010548665052791952,0.0003261318370706279,0.0,0.0,0.004041472148781679,0.0,0.0011304127135904987,0.0,0.0,0.00024106771631532487
2018-12-05 12:00:00,0.0,0.0,0.0,0.0029016593486104283,0.0,0.0,0.16431123570877512,0.04323918702310516,0.0,0.0,0.0,4.608209335239016e-07,0.009682952367571423,0.001072163387563471,0.00022053670748943985,0.0,0.0,0.004067275395789952,0.0,0.001061787966850166,0.0,0.0,0.00019679995499390334
2018-12-05 13:00:00,0.0,0.0,0.0,0.0028078159708193645,0.0,0.0,0.16599705899530745,0.04116190132421937,0.0,0.0,0.0,4.4161594066256076e-07,0.01674894290484331,0.0010211159005059799,0.00026643417336564163,0.0,0.0,0.0038977692183167845,0.0,0.0006450459714810055,0.0,0.0,0.00018697235056991
2018-12-05 14:00:00,0.0,0.0,0.0,0.002593684223132801,0.0,0.0,0.18546810254520288,0.038444484718315,0.0,0.0,0.0,4.1191051097802097e-07,0.030560482214575448,0.0009786074716109459,0.0002780818158848027,0.0,0.0,0.0036355845941214715,0.0,0.00024574712704061554,0.0,0.0,0.00015468131381976858
2018-12-05 15:00:00,0.0,0.0,0.0,0.002479287954422601,0.0,0.0,0.18463405257778961,0.036863396564035866,0.0,0.0,0.0,3.937429078912111e-07,0.03968407831903012,0.0009384876431727864,0.0002807989626698167,0.0,0.0,0.0034752345760126987,0.0,8.100285413361671e-05,0.0,0.0,0.00015655657295903633
2018-12-05 16:00:00,0.0,0.0,0.0,0.0024310276882821037,0.0,0.0,0.17909367047733546,0.03613781457799202,0.0,0.0,0.0,3.8607855511126596e-07,0.07254900427686485,0.0009148566545272979,0.0003268255437282988,0.0,0.0,0.0034075878368592825,0.0,3.177044132811256e-05,0.0,0.0,0.00013929533145450517
2018-12-05 17:00:00,0.0,0.0,0.0,0.002533880365215004,0.0,0.0,0.18488844657415457,0.03731574124186211,0.0,0.0,0.0,3.998166747475325e-07,0.05773108199300735,0.000940537904391916,0.0002817846098751833,0.0,0.0,0.0035288425627540377,0.0,3.2900952510575954e-05,0.0,0.0,0.00010745300593400802
2018-12-05 18:00:00,0.0,0.0,0.0,0.002623839944920107,0.0,0.0,0.18650677013316524,0.0383928547542972,0.0,0.0,0.0,4.113573256507583e-07,0.04439448834512741,0.0009589366484342615,0.00029820164196808096,0.0,0.0,0.0036307020965889005,0.0,0.0,0.0,0.0,9.692459968887718e-05
2018-12-05 19:00:00,0.0,0.0,0.0,0.002693518513702892,0.0,0.0,0.18728142920883117,0.03879823974217257,0.0,0.0,0.0,4.2228131122585084e-07,0.04765682811463963,0.000935495423471946,0.000325998671226426,0.0,0.0,0.00372711884878324,0.0,0.0,0.0,0.0,0.00010727184699426952
2018-12-05 20:00:00,0.0,0.0,0.0,0.002786894926340194,0.0,0.0,0.18948382727674892,0.035458972574690203,0.0,0.0,0.0,4.3692056978874763e-07,0.052039986423832126,0.0009421701118486315,0.00035598182669782083,0.0,0.0,0.003856327163410269,0.0,0.0,0.0,0.0,0.00016407313231541097
2018-12-05 21:00:00,0.0,0.0,0.0,0.0027720120450545303,0.0,0.0,0.18189903566433557,0.0341589712259264,0.0,0.0,0.0,4.3458727874502313e-07,0.06701007970105771,0.0009108408158168212,0.0003291343226126186,0.0,0.0,0.003835733183052679,0.0,0.0,0.0,0.0,0.00026879494520599354
2018-12-05 22:00:00,0.0,0.0,0.0,0.0030666020652667706,0.0,0.0,0.17909541980285162,0.03784908319246625,0.0,0.0,0.0,4.807721701338916e-07,0.036713706192079566,0.000997036646864681,0.00026535194810185754,0.0,0.0,0.004243368033680473,0.0,0.0,0.0,0.0,0.0006425112724030654
2018-12-05 23:00:00,0.0,0.0,0.0,0.0035217661141535034,0.0,0.0,0.1312576068998247,0.04155107633014747,0.0,0.0,0.0,5.521313497381639e-07,0.0001465122937935166,0.001077530509695021,0.00019694926078924808,0.0,0.0,0.004873194967211388,0.0,0.0,0.0,0.0,0.0012216637433388636
2018-12-06 00:00:00,0.0,0.0,0.0,0.003617445830454803,0.0,0.0,0.08871764822479825,0.03764505401431055,0.0,0.0,0.0,5.726378460982129e-07,0.005172058817765253,0.0011263005975689798,0.00039257939085136543,0.0,0.0,0.005054188411804455,0.0,0.0,0.0,0.0,0.0016549486022011625
2018-12-06 01:00:00,0.0,0.0,0.0,0.0036219049819527574,0.0,0.0,0.07865123083824233,0.03764651604751417,0.0,0.0,0.0,5.752052306614242e-07,0.0,0.0011331481176510287,0.00017622305367346095,0.0,0.0,0.0050768485370414505,0.0,0.0,0.0,0.0,0.0021324904915786024
2018-12-06 02:00:00,0.0,0.0,0.0,0.003608901712539456,0.0,0.0,0.07235212523288194,0.03774952585668142,0.0,0.0,0.0,5.731401437473556e-07,0.0,0.0011134058558387155,0.0001597025652501191,0.0,0.0,0.005058621766978012,0.0,0.0,0.0,0.0,0.0024877654928499773
2018-12-06 03:00:00,0.0,0.0,0.0,0.0035467700685445996,0.0,0.0,0.07045499003603084,0.03721665524099993,0.0,0.0,0.0,5.632728372350334e-07,0.0017548741246105086,0.0010852391271366647,0.000192158889102584,0.0,0.0,0.00497153142432932,0.0,0.0,0.0,0.0,0.003002770749938714
2018-12-06 04:00:00,0.0,0.0,0.0,0.003275274955971147,0.0,0.0,0.07485154660174945,0.03458397649540193,0.0,0.0,0.0,5.201559112998132e-07,0.01895575725654069,0.0010126440254353926,0.0001556850538309184,0.0,0.0,0.00459097490173957,0.0,0.0,0.0,0.0,0.003111871891997219
2018-12-06 05:00:00,0.0,0.0,0.0,0.0028474595739122963,0.0,0.0,0.09323397934877475,0.03716047352558901,0.0,0.0,0.0,4.522133101703404e-07,0.018350846667301593,0.0009083653905226488,0.00011885213841838383,0.0,0.0,0.003991303207602996,0.0,0.0,0.0,0.0,0.003124945300167235
2018-12-06 06:00:00,0.0,0.0,0.0,0.0025135713898777855,0.0,0.0,0.10839871422317421,0.038036667945735514,0.0,0.0,0.0,3.991875596689707e-07,0.0628581509563692,0.0008742152413250866,0.0001258466970119457,0.0,0.0,0.0035232898977294955,0.0,7.39106607834539e-05,0.0,0.0,0.002620373192452992
2018-12-06 07:00:00,0.0,0.0,0.0,0.002541522496965868,0.0,0.0,0.14167495500449534,0.038291912328223814,0.0,0.0,0.0,4.036265560203256e-07,0.07030478278047556,0.000886284384566999,0.00016645966434129754,0.0,0.0,0.003562469152247738,0.0,0.00011625063802069213,0.0,0.0,0.0023344830418978095
2018-12-06 08:00:00,0.0,0.0,0.0,0.0025174003247166424,0.0,0.0,0.16492415280005998,0.037654351800245,0.0,0.0,0.0,3.997956439114195e-07,0.06671023777135304,0.0008441348470944491,0.0002199790783130646,0.0,0.0,0.0035286569414073217,0.0,0.00020562013675659495,0.0,0.0,0.0020989031025510233
2018-12-06 09:00:00,0.0,0.0,0.0,0.002531404836253883,0.0,0.0,0.17775461894334685,0.03808100281713922,0.0,0.0,0.0,4.020197409899507e-07,0.05346199422546012,0.0008392675669414371,0.00018403782814971776,0.0,0.0,0.0035482871592799857,0.0,0.0003142813089080833,0.0,0.0,0.0017864442009832573
2018-12-06 10:00:00,0.0,0.0,0.0,0.0025039514608491418,0.0,0.0,0.1809763183137944,0.037915880195612615,0.0,0.0,0.0,3.9765979085023035e-07,0.05408592801121603,0.000835516843561841,0.000172474450099177,0.0,0.0,0.0035098055786049274,0.0,0.00041722414467950894,0.0,0.0,0.0015782116567524226
2018-12-06 11:00:00,0.0,0.0,0.0,0.0024529595960607266,0.0,0.0,0.1793429472258563,0.03705470466189344,0.0,0.0,0.0,3.8956162496967137e-07,0.06640003282652363,0.0008058190395252023,0.00022713352282326704,0.0,0.0,0.0034383299392819694,0.0,0.0004487988887314081,0.0,0.0,0.0012018630778634785
2018-12-06 12:00:00,0.0,0.0,0.0,0.002514626437678133,0.0,0.0,0.18189103045811722,0.03623780608023942,0.0,0.0,0.0,3.942351774987809e-07,0.06709976670908459,0.0008070323403419348,0.00018856742128121046,0.0,0.0,0.003479579422171603,0.0,0.0004217414573666603,0.0,0.0,0.0010885576725485967
2018-12-06 13:00:00,0.0,0.0,0.0,0.002495584339346399,0.0,0.0,0.181167869739342,0.03606094488901038,0.0,0.0,0.0,3.9124981756488467e-07,0.05619031100714587,0.0008004455465128394,0.00017250802064677927,0.0,0.0,0.0034532301829695963,0.0,0.0002897638651024747,0.0,0.0,0.0009866872714386172
2018-12-06 14:00:00,0.0,0.0,0.0,0.002519397522914859,0.0,0.0,0.18302074244603786,0.03647069583434208,0.0,0.0,0.0,3.949831731481463e-07,0.054901984120303435,0.0008128157687902851,0.00016976412382805245,0.0,0.0,0.003486181345130174,0.0,0.00014626441440176034,0.0,0.0,0.000837598486731614
2018-12-06 15:00:00,0.0,0.0,0.0,0.0024862389691589085,0.0,0.0,0.18016109765977095,0.036063581912745786,0.0,0.0,0.0,3.897846799923795e-07,0.07764322407065045,0.0008633352313353022,0.0002177836377710347,0.0,0.0,0.0034402986567159417,0.0,6.415083740005253e-05,0.0,0.0,0.00060845074677704
2018-12-06 16:00:00,0.0,0.0,0.0,0.002485903103033943,0.0,0.0,0.18239219142969065,0.03685704386352293,0.0,0.0,0.0,3.9098518159719494e-07,0.07545765703815181,0.00088809218358876,0.0001814914843668761,0.0,0.0,0.0034508944658137057,0.0,3.217420809222419e-05,0.0,0.0,0.0005009268929247987
2018-12-06 17:00:00,0.0,0.0,0.0,0.002585518692662686,0.0,0.0,0.19531729535998346,0.038698837423634974,0.0,0.0,0.0,4.1061371941089286e-07,0.039540194536149716,0.0009475423572978223,0.0001611265328109491,0.0,0.0,0.003624138915223782,0.0,3.37894423514464e-05,0.0,0.0,0.00043990738323013433
2018-12-06 18:00:00,0.0,0.0,0.0,0.0027041710002625374,0.0,0.0,0.1909498788594014,0.04050153774027586,0.0,0.0,0.0,4.294572363727006e-07,0.02884448597689925,0.0009519891070203261,0.0001661061370578277,0.0,0.0,0.0037904546516267083,0.0,0.0,0.0,0.0,0.00042531138779689133
2018-12-06 19:00:00,0.0,0.0,0.0,0.0029188394652534446,0.0,0.0,0.16572320828557946,0.04341554007632314,0.0,0.0,0.0,4.6055871663872985e-07,0.024148342064039843,0.0009741503271154563,0.00013104230124871328,0.0,0.0,0.004064961029822972,0.0,0.0,0.0,0.0,0.0005273272343251439
2018-12-06 20:00:00,0.0,0.0,0.0,0.0031835126684445184,0.0,0.0,0.17081970888510564,0.04710066415765669,0.0,0.0,0.0,4.991010446357545e-07,0.004458823263922084,0.0010289812646277032,0.00011264110113069199,0.0,0.0,0.004405141457738871,0.0,0.0,0.0,0.0,0.0005218451182338198
2018-12-06 21:00:00,0.0,0.0,0.0,0.0032401251499110753,0.0,0.0,0.1632495569860523,0.046872257556995325,0.0,0.0,0.0,5.079765703779489e-07,0.0033848644685736855,0.0010312706700116904,0.00015409880404271235,0.0,0.0,0.004483478193007983,0.0,0.0,0.0,0.0,0.0005217743083215752
2018-12-06 22:00:00,0.0,0.0,0.0,0.0034482021282171236,0.0,0.0,0.1589507663645041,0.037358400660768475,0.0,0.0,0.0,5.405982207538344e-07,0.0059027794138151275,0.0010790527909889935,7.966473539468735e-05,0.0,0.0,0.004771401822972635,0.0,0.0,0.0,0.0,0.0007085319130699213
2018-12-06 23:00:00,0.0,0.0,0.0,0.003460476200411679,0.0,0.0,0.16271388114929147,0.036514013588808465,0.0,0.0,0.0,5.531602072549814e-07,0.0,0.001027239984812187,7.384894033546e-05,0.0,0.0,0.004882275819576156,0.0,0.0,0.0,0.0,0.0005987328231283338
2018-12-07 00:00:00,0.0,0.0,0.0,0.0035547544530934033,0.0,0.0,0.16328480501893883,0.037850651671125904,0.0,0.0,0.0,5.719690297102432e-07,0.0,0.0010444410824604624,2.587713806663561e-05,0.0,0.0,0.005048285337006424,0.0,0.0,0.0,0.0,0.0004737943070185715
2018-12-07 01:00:00,0.0,0.0,0.0,0.0035571600147809366,0.0,0.0,0.16125814988296175,0.03779301984707981,0.0,0.0,0.0,5.723560907020734e-07,0.0,0.0010485267545755832,3.3004448857069776e-05,0.0,0.0,0.005051701595978651,0.0,0.0,0.0,0.0,0.000522580013426854
2018-12-07 02:00:00,0.0,0.0,0.0,0.003484733580069059,0.0,0.0,0.15915206038103535,0.037198274919919116,0.0,0.0,0.0,5.607024932077442e-07,0.0,0.001022261447254359,4.6775753094935295e-05,0.0,0.0,0.004948845178413873,0.0,0.0,0.0,0.0,0.000503682798977942
2018-12-07 03:00:00,0.0,0.0,0.0,0.00342243934814098,0.0,0.0,0.15459002841612135,0.03669349286447351,0.0,0.0,0.0,5.506791929031501e-07,0.0,0.001005182391647306,4.291533604109538e-05,0.0,0.0,0.004860378010914038,0.0,0.0,0.0,0.0,0.0004987335455629614
2018-12-07 04:00:00,0.0,0.0,0.0,0.0032833031581842123,0.0,0.0,0.15175904256015244,0.035904249580070415,0.0,0.0,0.0,5.282918261757804e-07,0.000778812725904302,0.0009602814392020016,0.00010886736786805884,0.0,0.0,0.004662783719416788,0.0,0.0,0.0,0.0,0.0006554485368015474
2018-12-07 05:00:00,0.0,0.0,0.0,0.00299183321676792,0.0,0.0,0.15340758918975264,0.04316105988895297,0.0,0.0,0.0,4.82982329181321e-07,0.0005031587290808396,0.0009400226461795444,0.00013439108899185353,0.0,0.0,0.004262875232378349,0.0,0.0,0.0,0.0,0.0006436868223231
2018-12-07 06:00:00,0.0,0.0,0.0,0.0026172079450619682,0.0,0.0,0.15613125076663217,0.04031529231746173,0.0,0.0,0.0,4.2673028496210537e-07,0.019896011786283967,0.0009211961830780876,0.00021560467738908346,0.0,0.0,0.00376638616521266,0.0,0.00014924162332454103,0.0,0.0,0.0006362727078943229
2018-12-07 07:00:00,0.0,0.0,0.0,0.002558935349750665,0.0,0.0,0.1630410660740007,0.03939166212780123,0.0,0.0,0.0,4.172290600978025e-07,0.027666429660607485,0.0009109004641792159,0.00016743221821905577,0.0,0.0,0.0036825269146683443,0.0,0.00029183746465380624,0.0,0.0,0.0006174977916461381
2018-12-07 08:00:00,0.0,0.0,0.0,0.0026121657586364944,0.0,0.0,0.15654261118547064,0.03960932691037815,0.0,0.0,0.0,4.259081670045949e-07,0.027362914288621094,0.0009166111985127549,0.00016595862721125959,0.0,0.0,0.0037591300275293094,0.0,0.0005169583526841732,0.0,0.0,0.0005393978570246205
2018-12-07 09:00:00,0.0,0.0,0.0,0.00264579708421355,0.0,0.0,0.15734861997923058,0.03867621626017569,0.0,0.0,0.0,4.3139168434383727e-07,0.023606897967317,0.0009244425387030772,0.0001570393873665917,0.0,0.0,0.0038075283825817533,0.0,0.0007809837877281136,0.0,0.0,0.00046534408264537765
2018-12-07 10:00:00,0.0,0.0,0.0,0.002680275989695556,0.0,0.0,0.1567234243649761,0.03936182843855971,0.0,0.0,0.0,4.3701339781497286e-07,0.022686160347307277,0.0009289392336518953,0.00019394303318379588,0.0,0.0,0.0038571464776376396,0.0,0.0010878467011825375,0.0,0.0,0.00048588836624638535
2018-12-07 11:00:00,0.0,0.0,0.0,0.002792509301036883,0.0,0.0,0.1614539755049999,0.04047288596453847,0.0,0.0,0.0,4.508047570687557e-07,0.022728655412243916,0.0009142638101993708,0.000196762534648288,0.0,0.0,0.0039788711044649525,0.0,0.0011036288091748326,0.0,0.0,0.0005111801874692803
2018-12-07 12:00:00,0.0,0.0,0.0,0.0028375018311458423,0.0,0.0,0.1626316746333224,0.040980213321713053,0.0,0.0,0.0,4.5656125917479284e-07,0.030853383610069684,0.000898390149090504,0.00017139565756978497,0.0,0.0,0.004029678864439432,0.0,0.0009204765102311368,0.0,0.0,0.0006303258689601665
2018-12-07 13:00:00,0.0,0.0,0.0,0.002837482600458792,0.0,0.0,0.15325902974460928,0.04148788500318312,0.0,0.0,0.0,4.6264560710712905e-07,0.025690039952471124,0.000916226790569343,0.0001474856447992168,0.0,0.0,0.004083380241361218,0.0,0.0005901028463937488,0.0,0.0,0.000822678939872301
2018-12-07 14:00:00,0.0,0.0,0.0,0.0028123769161304915,0.0,0.0,0.1510555554330204,0.04195922666530374,0.0,0.0,0.0,4.585521777532263e-07,0.02353387958570388,0.0009156044518694447,0.00013946527381356546,0.0,0.0,0.0040472510135324885,0.0,0.00027357369447434646,0.0,0.0,0.00107369438556042
2018-12-07 15:00:00,0.0,0.0,0.0,0.0026470260464541433,0.0,0.0,0.14514246445511708,0.039725428216955655,0.0,0.0,0.0,4.3159206406839276e-07,0.03286479629045596,0.0008634960662488407,0.00015141249122864348,0.0,0.0,0.003809296964397834,0.0,8.878938086325576e-05,0.0,0.0,0.001452293696503283
2018-12-07 16:00:00,0.0,0.0,0.0,0.00250835400663722,0.0,0.0,0.164812621197564,0.033638615502112834,0.0,0.0,0.0,4.0627338857098793e-07,0.033049068788487,0.0008085372640644641,0.00014938304690103268,0.0,0.0,0.003585830497462162,0.0,3.3432276110358353e-05,0.0,0.0,0.0017739356907564095
2018-12-07 17:00:00,0.0,0.0,0.0,0.002615379011404024,0.0,0.0,0.17180936071891997,0.029465841780881134,0.0,0.0,0.0,4.2082113271579865e-07,0.030386135986217134,0.0008332510983231922,0.00014202119334430927,0.0,0.0,0.0037142310919663327,0.0,3.4629411371279275e-05,0.0,0.0,0.001863794279887222
2018-12-07 18:00:00,0.0,0.0,0.0,0.0027500879979410774,0.0,0.0,0.17122351461239502,0.03218792839607457,0.0,0.0,0.0,4.424961511564673e-07,0.01886543927405164,0.0008607639079374991,0.00012896954148577662,0.0,0.0,0.003905538089530176,0.0,0.0,0.0,0.0,0.0017284614091258312
2018-12-07 19:00:00,0.0,0.0,0.0,0.002919692832020813,0.0,0.0,0.15708326453988278,0.03374355818094322,0.0,0.0,0.0,4.697860001918443e-07,0.007267293007084311,0.0009009609892881123,0.00011646783946349657,0.0,0.0,0.004146402432839471,0.0,0.0,0.0,0.0,0.0016361609117547546
2018-12-07 20:00:00,0.0,0.0,0.0,0.003086033940756354,0.0,0.0,0.15154316426628733,0.03381924817951823,0.0,0.0,0.0,4.965507075210945e-07,0.005690232853683146,0.0009009902507117497,7.739402813593954e-05,0.0,0.0,0.004382631795866297,0.0,0.0,0.0,0.0,0.0016489403625913619
2018-12-07 21:00:00,0.0,0.0,0.0,0.00314213393881449,0.0,0.0,0.14678493092719516,0.03042128340854245,0.0,0.0,0.0,5.055773398467493e-07,0.0,0.0008560940280769486,6.075341860396675e-05,0.0,0.0,0.004462302220740938,0.0,0.0,0.0,0.0,0.0017682595485471293
2018-12-07 22:00:00,0.0,0.0,0.0,0.0033623911121927644,0.0,0.0,0.1381856171219624,0.016996297681391354,0.0,0.0,0.0,5.410172790623151e-07,0.0,0.0009031407970730779,7.739199921134504e-05,0.0,0.0,0.004775100495110751,0.0,0.0,0.0,0.0,0.0021929728806006844
2018-12-07 23:00:00,0.0,0.0,0.0,0.003229700587479741,0.0,0.0,0.12658445849383956,0.01602324462593533,0.0,0.0,0.0,5.196670362612108e-07,0.0,0.0008856368313954917,5.483606585760407e-05,0.0,0.0,0.004586660016560813,0.0,0.0,0.0,0.0,0.0013220199924639676
2018-12-08 00:00:00,0.0,0.0,0.0,0.0033124289354228473,0.0,0.0,0.11503165784988871,0.01641153041394951,0.0,0.0,0.0,5.329782377877672e-07,0.0,0.0009047130499275011,5.394088250689863e-05,0.0,0.0,0.004704146698520664,0.0,0.0,0.0,0.0,0.001185171559949382
2018-12-08 01:00:00,0.0,0.0,0.0,0.0036169273358081914,0.0,0.0,0.10566069400884637,0.017920177046480246,0.0,0.0,0.0,5.819728046178802e-07,0.0,0.0010147594611931597,0.00013773644426430296,0.0,0.0,0.00513658017039368,0.0,0.0,0.0,0.0,0.0009748749106014245
2018-12-08 02:00:00,0.0,0.0,0.0,0.0035793818966586527,0.0,0.0,0.11155122357703888,0.017805955958943916,0.0,0.0,0.0,5.759316479968599e-07,0.0,0.001000575653621441,8.080500846520549e-05,0.0,0.0,0.005083260006531126,0.0,0.0,0.0,0.0,0.0009711162653953508
2018-12-08 03:00:00,0.0,0.0,0.0,0.003380181624376329,0.0,0.0,0.10319608780698204,0.01688281780538562,0.0,0.0,0.0,5.438798177062507e-07,0.0,0.0009639678020825028,0.00021043380169313716,0.0,0.0,0.004800365694994238,0.0,0.0,0.0,0.0,0.0011553499839249098
2018-12-08 04:00:00,0.0,0.0,0.0,0.0032472380648776336,0.0,0.0,0.10432676047354622,0.016555347092578998,0.0,0.0,0.0,5.224888609647735e-07,0.0,0.000960121176033403,0.0001520791966343004,0.0,0.0,0.004611565869036451,0.0,0.0,0.0,0.0,0.001908198343051991
2018-12-08 05:00:00,0.0,0.0,0.0,0.003169680529974314,0.0,0.0,0.07595626936053283,0.016106953229791388,0.0,0.0,0.0,5.100096564034663e-07,0.0,0.0009848326230980239,5.401706952002518e-05,0.0,0.0,0.004501422518379397,0.0,0.0,0.0,0.0,0.0028878161486520695
2018-12-08 06:00:00,0.0,0.0,0.0,0.0028992755545428307,0.0,0.0,0.07089438505653911,0.014810667594895839,0.0,0.0,0.0,4.6804041496146844e-07,0.0,0.0009480811565305166,7.533711844902705e-05,0.0,0.0,0.004130995633056158,0.0,7.703018127196093e-05,0.0,0.0,0.0036168508547455265
2018-12-08 07:00:00,0.0,0.0,0.0,0.0027625717952690534,0.0,0.0,0.07245402374038216,0.014047437953019043,0.0,0.0,0.0,4.4450482588745137e-07,0.0,0.0009069670172202779,8.03252554769056e-05,0.0,0.0,0.003923266957116554,0.0,0.00013716879282685976,0.0,0.0,0.0037589996193174925
2018-12-08 08:00:00,0.0,0.0,0.0,0.0027921916238909565,0.0,0.0,0.07439042945327963,0.014396817853793493,0.0,0.0,0.0,4.552610080448078e-07,0.0,0.0009212461262423078,0.000109533226397057,0.0,0.0,0.004018202650915677,0.0,0.00027161017210992173,0.0,0.0,0.003942144861931794
2018-12-08 09:00:00,0.0,0.0,0.0,0.0029056312012051356,0.0,0.0,0.07662336992143585,0.014784595660255667,0.0,0.0,0.0,4.67523448040939e-07,0.0,0.0009413514392689473,0.00012104202736724412,0.0,0.0,0.004126432804670243,0.0,0.0004712887298867334,0.0,0.0,0.003955380132262209
2018-12-08 10:00:00,0.0,0.0,0.0,0.002946377282485373,0.0,0.0,0.07965283661990699,0.014991922156549611,0.0,0.0,0.0,4.740795961186413e-07,0.0017612091952637033,0.0009478432595858374,0.00010457646097872364,0.0,0.0,0.004184298361175417,0.0,0.0007802411086521952,0.0,0.0,0.0037996579212966532
2018-12-08 11:00:00,0.0,0.0,0.0,0.002917429500725431,0.0,0.0,0.0929635017302321,0.014844628429663505,0.0,0.0,0.0,4.6942182443174204e-07,0.0,0.000943625108173178,9.710405128087089e-05,0.0,0.0,0.004143188162390687,0.0,0.0009464047903675473,0.0,0.0,0.0035912333575952395
2018-12-08 12:00:00,0.0,0.0,0.0,0.002924081338549285,0.0,0.0,0.1036097901338958,0.014878474683992851,0.0,0.0,0.0,4.704921220503549e-07,0.0,0.0009254347670818332,6.711888019926252e-05,0.0,0.0,0.004152634771374068,0.0,0.0009679210461865789,0.0,0.0,0.0037327975519991998
2018-12-08 13:00:00,0.0,0.0,0.0,0.002911108704678639,0.0,0.0,0.08960563666511011,0.014831930780538094,0.0,0.0,0.0,4.6840479227675484e-07,0.0,0.0009283236258415593,9.015643542956851e-05,0.0,0.0,0.0041342116824615435,0.0,0.0006456300109433847,0.0,0.0,0.0034817088774049716
2018-12-08 14:00:00,0.0,0.0,0.0,0.003162436120440083,0.0,0.0,0.08349144119274898,0.01583754644358919,0.0,0.0,0.0,5.088440124899993e-07,0.0013802623626096202,0.0010229594727096327,0.0002445838315290364,0.0,0.0,0.00449113436854809,0.0,0.0002931097581299514,0.0,0.0,0.002343563818457313
2018-12-08 15:00:00,0.0,0.0,0.0,0.0031086390065006393,0.0,0.0,0.08272514917513618,0.015484988174975668,0.0,0.0,0.0,5.001879200742833e-07,0.02557239747134655,0.0010272268245946684,0.0003591958735895696,0.0,0.0,0.004414734385073164,0.0,8.232102382983126e-05,0.0,0.0,0.0015284319148483401
2018-12-08 16:00:00,0.0,0.0,0.0,0.0030554518718925116,0.0,0.0,0.08356579579820667,0.015536707738184137,0.0,0.0,0.0,4.916299748838902e-07,0.04269351757378301,0.0010760653421154176,0.00032727215641753374,0.0,0.0,0.004339200663882959,0.0,4.045627778442311e-05,0.0,0.0,0.0013918726467288319
2018-12-08 17:00:00,0.0,0.0,0.0,0.0030345038723034717,0.0,0.0,0.09987382050217139,0.015430188977306742,0.0,0.0,0.0,4.882593884882851e-07,0.011655904910524702,0.0010655934288958612,0.00020040544256131365,0.0,0.0,0.004309451357549594,0.0,4.017891190666269e-05,0.0,0.0,0.0020959646779065725
2018-12-08 18:00:00,0.0,0.0,0.0,0.0031261477131500144,0.0,0.0,0.0822298481433101,0.01589618995880984,0.0,0.0,0.0,5.030051154912576e-07,0.0,0.0010519651591525251,0.00014897322166654005,0.0,0.0,0.004439599378763817,0.0,0.0,0.0,0.0,0.0026500059052799946
2018-12-08 19:00:00,0.0,0.0,0.0,0.003165000040332167,0.0,0.0,0.07980086210474023,0.016104330735984686,0.0,0.0,0.0,5.092565537195783e-07,0.0,0.0010497416497059371,9.655443584326153e-05,0.0,0.0,0.004494775519960167,0.0,0.0,0.0,0.0,0.002836680092889516
2018-12-08 20:00:00,0.0,0.0,0.0,0.0031676229869311676,0.0,0.0,0.07591978398933265,0.016107088128415055,0.0,0.0,0.0,5.096785924963794e-07,0.0,0.0009645023890666724,4.751749556856032e-05,0.0,0.0,0.004498500498163363,0.0,0.0,0.0,0.0,0.0031448882160634494
2018-12-08 21:00:00,0.0,0.0,0.0,0.0032261809516892187,0.0,0.0,0.0780281004858306,0.016329350004000622,0.0,0.0,0.0,5.191007179136e-07,0.0,0.0009643507511766109,5.986704212418562e-05,0.0,0.0,0.004581661605000365,0.0,0.0,0.0,0.0,0.003088359098407526
2018-12-08 22:00:00,0.0,0.0,0.0,0.0032256727055323237,0.0,0.0,0.08584610013289606,0.016283642691412137,0.0,0.0,0.0,5.190189398147047e-07,0.0,0.000971228159184959,4.5877267513392644e-05,0.0,0.0,0.004580939819106205,0.0,0.0,0.0,0.0,0.0027687669219446523
2018-12-08 23:00:00,0.0,0.0,0.0,0.003510710967777374,0.0,0.0,0.10638571183628868,0.01760518741139466,0.0,0.0,0.0,5.648823209393059e-07,0.0,0.0010249778245338998,4.047679684245703e-05,0.0,0.0,0.004985736971417325,0.0,0.0,0.0,0.0,0.002345858912499892
2018-12-09 00:00:00,0.0,0.0,0.0,0.003513782545780188,0.0,0.0,0.10432504372726784,0.01765583201502739,0.0,0.0,0.0,5.653765456496568e-07,0.0,0.0010179227431702127,2.173465317895384e-05,0.0,0.0,0.0049900990736096665,0.0,0.0,0.0,0.0,0.00245406690855342
2018-12-09 01:00:00,0.0,0.0,0.0,0.0034142022094601977,0.0,0.0,0.09913763763532717,0.017121224250482396,0.0,0.0,0.0,5.49353816345921e-07,0.0,0.0009757683517478975,1.4869285800658551e-05,0.0,0.0,0.004848680036561718,0.0,0.0,0.0,0.0,0.0028901419972374
2018-12-09 02:00:00,0.0,0.0,0.0,0.0033462855961133753,0.0,0.0,0.09734832814279522,0.016858951646320744,0.0,0.0,0.0,5.3842586057576e-07,0.0,0.0009640241463742095,1.520713044838878e-05,0.0,0.0,0.004752228242824029,0.0,0.0,0.0,0.0,0.0029159051287279956
2018-12-09 03:00:00,0.0,0.0,0.0,0.003334425834120196,0.0,0.0,0.0933608801854727,0.01704444434557426,0.0,0.0,0.0,5.365175947167973e-07,0.0,0.0009506395976448378,1.5293540905197166e-05,0.0,0.0,0.00473538559915888,0.0,0.0,0.0,0.0,0.003116920849032428
2018-12-09 04:00:00,0.0,0.0,0.0,0.0033542823856919216,0.0,0.0,0.095830335839491,0.017426291687858288,0.0,0.0,0.0,5.397125643513352e-07,0.0,0.0009601429623166191,5.391672411692011e-05,0.0,0.0,0.004763584885344689,0.0,0.0,0.0,0.0,0.0028930684526700754
2018-12-09 05:00:00,0.0,0.0,0.0,0.003402394606276632,0.0,0.0,0.07553114375219983,0.017642121700224667,0.0,0.0,0.0,5.474539429720428e-07,0.0,0.0010038104267064997,6.614349941682444e-05,0.0,0.0,0.004831911466241788,0.0,0.0,0.0,0.0,0.0028942552793110765
2018-12-09 06:00:00,0.0,0.0,0.0,0.003363491986432643,0.0,0.0,0.07374218096814311,0.017451647136561367,0.0,0.0,0.0,5.411944125265601e-07,0.0,0.0010723961464586377,0.00010084068106589828,0.0,0.0,0.004776663901910405,0.0,8.9069880223325e-05,0.0,0.0,0.0029587928733074993
2018-12-09 07:00:00,0.0,0.0,0.0,0.0034218554541711995,0.0,0.0,0.08155621741870513,0.0177773480424062,0.0,0.0,0.0,5.505852428788218e-07,0.0,0.001113423038441581,6.090634299340638e-05,0.0,0.0,0.004859548793761375,0.0,0.00020388470598902474,0.0,0.0,0.002596620628113795
2018-12-09 08:00:00,0.0,0.0,0.0,0.003289925409871281,0.0,0.0,0.08803526346820104,0.017080942604759227,0.0,0.0,0.0,5.293573633097598e-07,0.0,0.001077940020603965,5.0736505638564734e-05,0.0,0.0,0.004672188311641351,0.0,0.00032670651147258576,0.0,0.0,0.0026699573979145842
2018-12-09 09:00:00,0.0,0.0,0.0,0.0032209353815741467,0.0,0.0,0.09155153973123907,0.016755058143982805,0.0,0.0,0.0,5.182566923448623e-07,0.0,0.0010507910792171824,5.251873092261801e-05,0.0,0.0,0.004574212107420267,0.0,0.0004904450185570073,0.0,0.0,0.0028887210109955256
2018-12-09 10:00:00,0.0,0.0,0.0,0.003270057689595201,0.0,0.0,0.09384081629104765,0.01697779151546556,0.0,0.0,0.0,5.261605966022943e-07,0.002523515784205714,0.0010559448245387151,8.138993072214549e-05,0.0,0.0,0.00464397316421754,0.0,0.0007360627012756649,0.0,0.0,0.0025666639201736476
2018-12-09 11:00:00,0.0,0.0,0.0,0.003276443271426656,0.0,0.0,0.09337452926378503,0.016956176765035302,0.0,0.0,0.0,5.271880529547561e-07,0.0,0.0010414839945814777,7.720602340847025e-05,0.0,0.0,0.00465304164969336,0.0,0.0007917279867649871,0.0,0.0,0.003134533333633265
2018-12-09 12:00:00,0.0,0.0,0.0,0.0031241362250080604,0.0,0.0,0.088920208933177,0.016220181207017823,0.0,0.0,0.0,5.026814619348704e-07,0.0,0.0009915863285576588,4.232980787843444e-05,0.0,0.0,0.004436742763426082,0.0,0.0006825341442772686,0.0,0.0,0.003455190473119446
2018-12-09 13:00:00,0.0,0.0,0.0,0.0029615648630733236,0.0,0.0,0.0834902561177867,0.015376129590854846,0.0,0.0,0.0,4.765233164507101e-07,0.0,0.0009452823202285936,6.212221071721759e-05,0.0,0.0,0.004205867007167276,0.0,0.00042154135619091026,0.0,0.0,0.003657842664527495
2018-12-09 14:00:00,0.0,0.0,0.0,0.0030260829075663665,0.0,0.0,0.08473980711782984,0.01570098318112507,0.0,0.0,0.0,4.869044338512031e-07,0.0,0.0009650299663426624,4.399358653064299e-05,0.0,0.0,0.004297492322581994,0.0,0.00017028650337841172,0.0,0.0,0.003748284683864902
2018-12-09 15:00:00,0.0,0.0,0.0,0.0031557689230387502,0.0,0.0,0.0893226071555609,0.016394965607878783,0.0,0.0,0.0,5.077712434763173e-07,0.0,0.001018334089414718,9.461294653576446e-05,0.0,0.0,0.004481665946657294,0.0,6.267681648745511e-05,0.0,0.0,0.00329575728236235
2018-12-09 16:00:00,0.0,0.0,0.0,0.003227276200343816,0.0,0.0,0.09257394694769894,0.01674488468764208,0.0,0.0,0.0,5.192769462068697e-07,0.0,0.0011019547443766457,0.00015019371529923265,0.0,0.0,0.004583217022623815,0.0,4.273134970615569e-05,0.0,0.0,0.0027797020975768886
2018-12-09 17:00:00,0.0,0.0,0.0,0.0031397786512570624,0.0,0.0,0.09028004464312599,0.016290899258767755,0.0,0.0,0.0,5.051983680902787e-07,0.0,0.0010833068579363223,0.00013528806945232097,0.0,0.0,0.0044589573585859035,0.0,4.157282216269373e-05,0.0,0.0,0.003054006084483933
2018-12-09 18:00:00,0.0,0.0,0.0,0.0032985168784554044,0.0,0.0,0.09326293424120465,0.017092466066403234,0.0,0.0,0.0,5.307397524493447e-07,0.0002921040148208703,0.0011446649030025955,0.0001916088813878743,0.0,0.0,0.004684389487685688,0.0,0.0,0.0,0.0,0.002397513086763943
2018-12-09 19:00:00,0.0,0.0,0.0,0.0033149792720419003,0.0,0.0,0.09394298089553804,0.01722210270078079,0.0,0.0,0.0,5.33388593434179e-07,0.0,0.0011576016958135705,0.00015281068248522404,0.0,0.0,0.004707768559644487,0.0,0.0,0.0,0.0,0.0024782087446373127
2018-12-09 20:00:00,0.0,0.0,0.0,0.0033414048305329467,0.0,0.0,0.08660766965542026,0.017325877063534216,0.0,0.0,0.0,5.37640532984187e-07,0.0,0.0010866387283373507,0.00010889576878630115,0.0,0.0,0.004745296822485952,0.0,0.0,0.0,0.0,0.0027928899475461347
2018-12-09 21:00:00,0.0,0.0,0.0,0.0032639697960678143,0.0,0.0,0.08184065127767684,0.016935271252358126,0.0,0.0,0.0,5.2518103905485e-07,0.0,0.0010536141793406548,0.0001086383374055048,0.0,0.0,0.0046353274408537735,0.0,0.0,0.0,0.0,0.0030220581887202684
2018-12-09 22:00:00,0.0,0.0,0.0,0.0031578213709659267,0.0,0.0,0.08129351170513376,0.016236716999401872,0.0,0.0,0.0,5.081014875662899e-07,0.0,0.001008982792699037,7.733410328395046e-05,0.0,0.0,0.004484580731043235,0.0,0.0,0.0,0.0,0.003539210588740061
2018-12-09 23:00:00,0.0,0.0,0.0,0.0029858260366854954,0.0,0.0,0.0943094250132865,0.015332396837428418,0.0,0.0,0.0,4.804270009706099e-07,0.0,0.0009455600790438484,4.0707087965208205e-05,0.0,0.0,0.004240321518335639,0.0,0.0,0.0,0.0,0.003487940954807896
2018-12-10 00:00:00,0.0,0.0,0.0,0.00298733402160277,0.0,0.0,0.08531052194051314,0.014990592974089731,0.0,0.0,0.0,4.806696395779546e-07,0.0,0.0009346452004317635,5.4617784243647184e-05,0.0,0.0,0.004242463083455468,0.0,0.0,0.0,0.0,0.0034950114098586207
2018-12-10 01:00:00,0.0,0.0,0.0,0.0030433899610510123,0.0,0.0,0.081379385975009,0.015434370921317149,0.0,0.0,0.0,4.945698058452548e-07,0.0,0.000967298347755035,7.980137332848175e-05,0.0,0.0,0.0043651480574735755,0.0,0.0,0.0,0.0,0.0033266028257472836
2018-12-10 02:00:00,0.0,0.0,0.0,0.0030278751706406984,0.0,0.0,0.07986891389585367,0.015509451508833297,0.0,0.0,0.0,4.936887177173061e-07,0.0,0.0009582886937285095,4.951264767792734e-05,0.0,0.0,0.004357371440129123,0.0,0.0,0.0,0.0,0.003760525164575231
2018-12-10 03:00:00,0.0,0.0,0.0,0.002925745652016551,0.0,0.0,0.08315439066882398,0.015154816521578626,0.0,0.0,0.0,4.770367131764543e-07,0.0,0.0009209959914238907,4.116833863872741e-05,0.0,0.0,0.00421039832447296,0.0,0.0,0.0,0.0,0.004113140084991293
2018-12-10 04:00:00,0.0,0.0,0.0,0.002757038300447526,0.0,0.0,0.10440769011220595,0.014449065201628579,0.0,0.0,0.0,4.495293321347284e-07,0.0,0.0008674202661244209,4.073417177548699e-05,0.0,0.0,0.003967614010709081,0.0,0.0,0.0,0.0,0.003962022953863569
2018-12-10 05:00:00,0.0,0.0,0.0,0.002571607509983822,0.0,0.0,0.14419108238710632,0.013146209651274986,0.0,0.0,0.0,4.192952293365072e-07,0.007998588587994728,0.0008428977740667337,0.00010625301643697979,0.0,0.0,0.0037007632374930445,0.0,0.0,0.0,0.0,0.004099990004821525
2018-12-10 06:00:00,0.0,0.0,0.0,0.0024124369668695285,0.0,0.0,0.1602346843565916,0.012332520423053306,0.0,0.0,0.0,3.9334280497951653e-07,0.011133496764595076,0.0008556441161903692,0.00011166026335880851,0.0,0.0,0.003471703207079271,0.0,8.901259715279325e-05,0.0,0.0,0.0038635971931209544
2018-12-10 07:00:00,0.0,0.0,0.0,0.0024101309045723852,0.0,0.0,0.17690385839100273,0.012337062357852004,0.0,0.0,0.0,3.929668063420919e-07,0.014432676205151828,0.0008687457176425206,0.00015666821117411145,0.0,0.0,0.003468384586123506,0.0,0.0001940236570952121,0.0,0.0,0.003317376228168494
2018-12-10 08:00:00,0.0,0.0,0.0,0.0024396489239742205,0.0,0.0,0.17972561878820892,0.012827017544394036,0.0,0.0,0.0,3.977796577070849e-07,0.014980833353946184,0.0008818376405593971,0.00012165791856494702,0.0,0.0,0.0035108635416491126,0.0,0.0003764332511039408,0.0,0.0,0.0034121907152924826
2018-12-10 09:00:00,0.0,0.0,0.0,0.002424908955320445,0.0,0.0,0.17942015472406597,0.012798808634666994,0.0,0.0,0.0,3.9537633662752545e-07,0.007903682716148911,0.0008592438162107593,0.00012164666516331162,0.0,0.0,0.0034896514655823278,0.0,0.0005937739090599066,0.0,0.0,0.0037147205585836137
2018-12-10 10:00:00,0.0,0.0,0.0,0.0023849707123678177,0.0,0.0,0.17580020918042563,0.0125476143115034,0.0,0.0,0.0,3.888644895928959e-07,0.01094176922593514,0.0008397241914395447,6.625372695305058e-05,0.0,0.0,0.003432176916797051,0.0,0.0008479919478106782,0.0,0.0,0.003696488250152599
2018-12-10 11:00:00,0.0,0.0,0.0,0.0024290573464550956,0.0,0.0,0.17569272554564824,0.012686751536365583,0.0,0.0,0.0,3.934298574149755e-07,0.00586571255041834,0.0008569264843487465,3.179240534115832e-05,0.0,0.0,0.0034724715450672582,0.0,0.0008903229692426636,0.0,0.0,0.003755818859707412
2018-12-10 12:00:00,0.0,0.0,0.0,0.002383091882457963,0.0,0.0,0.17326095519375936,0.012390539862525134,0.0,0.0,0.0,3.8598491751975383e-07,0.015333261632302057,0.0008429559044108814,6.465276260206916e-05,0.0,0.0,0.0034067613772860027,0.0,0.0007861277130727291,0.0,0.0,0.0035980636545444953
2018-12-10 13:00:00,0.0,0.0,0.0,0.0023670332783054093,0.0,0.0,0.17186622702965845,0.012305211271290984,0.0,0.0,0.0,3.8086167282413634e-07,0.02136954233900259,0.0008388102108104981,9.223077277414643e-05,0.0,0.0,0.0033615428431848053,0.0,0.0004701171537654618,0.0,0.0,0.0033049253878825657
2018-12-10 14:00:00,0.0,0.0,0.0,0.0023728209662995745,0.0,0.0,0.17919270594410808,0.01233621534371133,0.0,0.0,0.0,3.8305296919983366e-07,0.029850056213538718,0.0008583687156749507,0.00015056201551327385,0.0,0.0,0.0033808835570833737,0.0,0.00017336806065305658,0.0,0.0,0.002594845247175582
2018-12-10 15:00:00,0.0,0.0,0.0,0.002389180015592065,0.0,0.0,0.18192648460780905,0.012445306887065246,0.0,0.0,0.0,3.8569386899538257e-07,0.040593785527789375,0.0008802590322679682,0.00017959006935697248,0.0,0.0,0.00340419253890207,0.0,5.554287457379859e-05,0.0,0.0,0.0020987077950581482
2018-12-10 16:00:00,0.0,0.0,0.0,0.0023839121322407585,0.0,0.0,0.18465535332665156,0.01248427895736827,0.0,0.0,0.0,3.874005551320465e-07,0.03977968245100071,0.0009184265328775371,0.0002691334299985245,0.0,0.0,0.0034192560093891993,0.0,3.187922883661291e-05,0.0,0.0,0.0019254347842964413
2018-12-10 17:00:00,0.0,0.0,0.0,0.0023794770805326193,0.0,0.0,0.1761074053881127,0.01251871166163856,0.0,0.0,0.0,3.879687644049397e-07,0.0315447920389228,0.0009544331629499974,0.00015619748746115012,0.0,0.0,0.0034242711105427555,0.0,3.192598683217508e-05,0.0,0.0,0.0025924369166485006
2018-12-10 18:00:00,0.0,0.0,0.0,0.0024441334459633767,0.0,0.0,0.1839288619397078,0.012834036160277429,0.0,0.0,0.0,3.9851084964388236e-07,0.034595233261572204,0.0009486411213580942,0.0001400673770952781,0.0,0.0,0.00351731715249399,0.0,0.0,0.0,0.0,0.0026511427235787104
2018-12-10 19:00:00,0.0,0.0,0.0,0.002548242337279449,0.0,0.0,0.18252807118194025,0.013415237654940473,0.0,0.0,0.0,4.1548558676487356e-07,0.03037654839669521,0.0010053172437775723,0.00020840213784965026,0.0,0.0,0.003667138754811951,0.0,0.0,0.0,0.0,0.0019426496750600927
2018-12-10 20:00:00,0.0,0.0,0.0,0.0026449493694336336,0.0,0.0,0.18320372431647358,0.013888511654499443,0.0,0.0,0.0,4.312534662208629e-07,0.009464315661188279,0.0009667537678502483,0.00016916926218307011,0.0,0.0,0.0038063084484816967,0.0,0.0,0.0,0.0,0.002200546931100173
2018-12-10 21:00:00,0.0,0.0,0.0,0.0026987760586081335,0.0,0.0,0.17461075660732514,0.01396005119465724,0.0,0.0,0.0,4.3856790237446485e-07,0.012585995847074611,0.0009589346228412659,0.00011446296607262019,0.0,0.0,0.00387086677046183,0.0,0.0,0.0,0.0,0.0020231250188934885
2018-12-10 22:00:00,0.0,0.0,0.0,0.0029305934489432784,0.0,0.0,0.1645880840150802,0.01493120442763521,0.0,0.0,0.0,4.7153993717023677e-07,0.0008758871717719499,0.0009995060112836366,5.080580099078433e-05,0.0,0.0,0.004161882946416469,0.0,0.0,0.0,0.0,0.002168281806816163
2018-12-10 23:00:00,0.0,0.0,0.0,0.0031061688955459402,0.0,0.0,0.1417996962009835,0.01579459781973269,0.0,0.0,0.0,4.997904729412453e-07,0.0,0.001031877884329597,4.0321877362729664e-05,0.0,0.0,0.004411226456444637,0.0,0.0,0.0,0.0,0.002647790218194645
2018-12-11 00:00:00,0.0,0.0,0.0,0.003152493278021623,0.0,0.0,0.12611566425788823,0.016040693126468508,0.0,0.0,0.0,5.07244183864509e-07,0.007108934441305783,0.0010284187000814539,7.428526901123578e-05,0.0,0.0,0.004477014038648624,0.0,0.0,0.0,0.0,0.0027787841526011213
2018-12-11 01:00:00,0.0,0.0,0.0,0.0031986890719720752,0.0,0.0,0.12101424130731006,0.01623297517187066,0.0,0.0,0.0,5.146772045671178e-07,0.0037330100347504804,0.0010450527879734225,4.320535148580177e-05,0.0,0.0,0.004542619005829548,0.0,0.0,0.0,0.0,0.0030089864893113848
2018-12-11 02:00:00,0.0,0.0,0.0,0.00314107203869185,0.0,0.0,0.11763988095467971,0.02024600085017735,0.0,0.0,0.0,5.054064774170626e-07,0.0,0.0010209631527696985,6.965447488798445e-05,0.0,0.0,0.004460794163042656,0.0,0.0,0.0,0.0,0.0031743487340697464
2018-12-11 03:00:00,0.0,0.0,0.0,0.0030050221312224695,0.0,0.0,0.11424333854163819,0.031544946403291876,0.0,0.0,0.0,4.883347947583244e-07,0.0,0.0009846114338750976,3.658810497642021e-05,0.0,0.0,0.004310116904716634,0.0,0.0,0.0,0.0,0.003415907303048648
2018-12-11 04:00:00,0.0,0.0,0.0,0.002895386143111744,0.0,0.0,0.11641891498523613,0.030220722633264613,0.0,0.0,0.0,4.720866587068806e-07,0.0010856890725516775,0.0009452522853420675,5.463017600700003e-05,0.0,0.0,0.004166708393553464,0.0,0.0,0.0,0.0,0.003399580926519487
2018-12-11 05:00:00,0.0,0.0,0.0,0.002680815558548716,0.0,0.0,0.13947208599105887,0.028980134331455683,0.0,0.0,0.0,4.3710137338867544e-07,0.0074103574866004294,0.0009483281181808994,8.504576907854452e-05,0.0,0.0,0.003857922963383663,0.0,0.0,0.0,0.0,0.00322006075480727
2018-12-11 06:00:00,0.0,0.0,0.0,0.002494885874179556,0.0,0.0,0.14600586888858363,0.03020729739111969,0.0,0.0,0.0,4.0678592698195624e-07,0.0376563842571053,0.0009297035733383385,0.00019191107390500016,0.0,0.0,0.0035903542391515575,0.0,6.694890589070687e-05,0.0,0.0,0.0032992499830414817
2018-12-11 07:00:00,0.0,0.0,0.0,0.002445144896195972,0.0,0.0,0.16095359887127994,0.036339495426756276,0.0,0.0,0.0,3.986757644901767e-07,0.04052212740225103,0.0009092642352177065,0.00015300144870059393,0.0,0.0,0.0035187727159199044,0.0,0.0001148247341362652,0.0,0.0,0.0031835684631691774
2018-12-11 08:00:00,0.0,0.0,0.0,0.0024254768955362716,0.0,0.0,0.17810483482061937,0.03738653229947606,0.0,0.0,0.0,3.9546893809260896e-07,0.037374441399192666,0.0009117355395969391,0.00019867231563691873,0.0,0.0,0.0034904687801467255,0.0,0.00021153064948768832,0.0,0.0,0.0028624024661577565
2018-12-11 09:00:00,0.0,0.0,0.0,0.002433636405032429,0.0,0.0,0.16781373402490868,0.0373556594756866,0.0,0.0,0.0,3.96799329060975e-07,0.05246358646919183,0.0009214858368559391,0.0001054295196760237,0.0,0.0,0.003502211012451664,0.0,0.0003673423670022188,0.0,0.0,0.002908553089527635
2018-12-11 10:00:00,0.0,0.0,0.0,0.0023325314839415475,0.0,0.0,0.1681288275664977,0.03581162875932754,0.0,0.0,0.0,3.8031438300631157e-07,0.061000134645193375,0.0008677504610133454,0.00012024489678181933,0.0,0.0,0.003356712380311986,0.0,0.0005085617396074455,0.0,0.0,0.0033127777198475625
2018-12-11 11:00:00,0.0,0.0,0.0,0.0023208564186994788,0.0,0.0,0.16959157715522824,0.03550574581091269,0.0,0.0,0.0,3.759047563130254e-07,0.051086371560185154,0.0008589292438083633,0.00012941847008819118,0.0,0.0,0.003317792346846772,0.0,0.0005413316728619985,0.0,0.0,0.0034293667208743386
2018-12-11 12:00:00,0.0,0.0,0.0,0.0023384504958997255,0.0,0.0,0.16679648831250016,0.03543791852773971,0.0,0.0,0.0,3.7626263046137304e-07,0.05173407529729851,0.0008814701303499921,0.00016275119043803867,0.0,0.0,0.003320950998315213,0.0,0.0004799216631823372,0.0,0.0,0.0032871811036405984
2018-12-11 13:00:00,0.0,0.0,0.0,0.002334410209055117,0.0,0.0,0.16964390630533785,0.035415711503117966,0.0,0.0,0.0,3.756125380353686e-07,0.0349662988185098,0.0008817407072631024,7.691294037579774e-05,0.0,0.0,0.0033152131840430664,0.0,0.0003090919177916261,0.0,0.0,0.0036686994688464045
2018-12-11 14:00:00,0.0,0.0,0.0,0.0023298126540838206,0.0,0.0,0.14559398512182528,0.03531480619319174,0.0,0.0,0.0,3.7487277975088745e-07,0.03692009817215639,0.0009310684524594693,9.641750635948293e-05,0.0,0.0,0.00330868396531532,0.0,0.00013881742649542782,0.0,0.0,0.003697357342815391
2018-12-11 15:00:00,0.0,0.0,0.0,0.002212580971268131,0.0,0.0,0.11163257442596186,0.033782277272922025,0.0,0.0,0.0,3.5836758539912116e-07,0.07318838311164809,0.000890634681807687,0.00016672558543780595,0.0,0.0,0.0031630066186368218,0.0,4.423515445919638e-05,0.0,0.0,0.003808994193139269
2018-12-11 16:00:00,0.0,0.0,0.0,0.002190713928957309,0.0,0.0,0.0907750881880229,0.033574913801954466,0.0,0.0,0.0,3.571913270927624e-07,0.08242299133315875,0.0008957741538577559,0.0003633691926789721,0.0,0.0,0.0031526247845652623,0.0,2.93933085639548e-05,0.0,0.0,0.003774136542376149
2018-12-11 17:00:00,0.0,0.0,0.0,0.002269204349584041,0.0,0.0,0.08983635075648709,0.03474710995391546,0.0,0.0,0.0,3.6998902611550767e-07,0.08753968321401147,0.0009491331478425968,0.0004285891361946098,0.0,0.0,0.0032655792156061807,0.0,3.0446432443937707e-05,0.0,0.0,0.003747263558261287
2018-12-11 18:00:00,0.0,0.0,0.0,0.0022940878050575256,0.0,0.0,0.0929376444706511,0.03522139845983724,0.0,0.0,0.0,3.7404622151913484e-07,0.08676815769826488,0.0009405112925299327,0.00043612566664048613,0.0,0.0,0.003301388637098594,0.0,0.0,0.0,0.0,0.0035239550821477635
2018-12-11 19:00:00,0.0,0.0,0.0,0.0023846597180792457,0.0,0.0,0.09614737786741542,0.03633728718899133,0.0,0.0,0.0,3.888137826241836e-07,0.07545511193036723,0.0009747739564056881,0.0003179560894186739,0.0,0.0,0.0034317293694066543,0.0,0.0,0.0,0.0,0.003152054893242675
2018-12-11 20:00:00,0.0,0.0,0.0,0.0027889223409344904,0.0,0.0,0.11469937417518968,0.042317904463833635,0.0,0.0,0.0,4.547279582922015e-07,0.032789744768818685,0.001080608600691867,0.00017070744428089734,0.0,0.0,0.004013497873016529,0.0,0.0,0.0,0.0,0.0026066041101770205
2018-12-11 21:00:00,0.0,0.0,0.0,0.0029404945719406013,0.0,0.0,0.12308452678647118,0.044419921940055285,0.0,0.0,0.0,4.778486648590587e-07,0.023472238377993906,0.0011015751770141436,0.0001280890013433094,0.0,0.0,0.004217564733073312,0.0,0.0,0.0,0.0,0.002170902619926936
2018-12-11 22:00:00,0.0,0.0,0.0,0.0030983260707539125,0.0,0.0,0.12828590859845476,0.04472641247387447,0.0,0.0,0.0,4.985285424912869e-07,0.02689863623106209,0.0011192542426095749,7.854972643013989e-05,0.0,0.0,0.004400088467050222,0.0,0.0,0.0,0.0,0.0016408253353766855
2018-12-11 23:00:00,0.0,0.0,0.0,0.0034015843156559073,0.0,0.0,0.12593782663380604,0.04609057737219668,0.0,0.0,0.0,5.473235651509484e-07,0.015932983570345702,0.0011579085010235014,0.00011178737804215297,0.0,0.0,0.004830760731834307,0.0,0.0,0.0,0.0,0.0014367079112662135
2018-12-12 00:00:00,0.0,0.0,0.0,0.0035126063664398756,0.0,0.0,0.12697857561624395,0.04777104403158188,0.0,0.0,0.0,5.651872954032836e-07,0.018674887956584584,0.0011778397093404913,0.00010390712588149766,0.0,0.0,0.004988428722254675,0.0,0.0,0.0,0.0,0.0013296215803771003
2018-12-12 01:00:00,0.0,0.0,0.0,0.0036088446608092063,0.0,0.0,0.13172779657846428,0.04907987380589595,0.0,0.0,0.0,5.806722816597868e-07,0.00013696520236715026,0.0012270488985083833,6.16530704363769e-05,0.0,0.0,0.005125101557673846,0.0,0.0,0.0,0.0,0.0012313694796887164
2018-12-12 02:00:00,0.0,0.0,0.0,0.0037447838800477922,0.0,0.0,0.1372427607590141,0.05099122825702156,0.0,0.0,0.0,6.025452476700833e-07,0.0,0.0012559545393997045,3.6714972326365156e-05,0.0,0.0,0.005318155670485791,0.0,0.0,0.0,0.0,0.0010315194576841508
2018-12-12 03:00:00,0.0,0.0,0.0,0.0035510969852293873,0.0,0.0,0.16236756890320075,0.04843508680828988,0.0,0.0,0.0,5.751645108768018e-07,0.0,0.001203775457471792,2.9330825750582734e-05,0.0,0.0,0.005076489138051368,0.0,0.0,0.0,0.0,0.0008808870347565687
2018-12-12 04:00:00,0.0,0.0,0.0,0.0032784657565150346,0.0,0.0,0.1779915448301357,0.04723595154948455,0.0,0.0,0.0,5.345469889604207e-07,0.004670415780037646,0.0011112013853967118,0.00017383181679384623,0.0,0.0,0.0047179927341116645,0.0,0.0,0.0,0.0,0.0006927289810836837
2018-12-12 05:00:00,0.0,0.0,0.0,0.002745842556707342,0.0,0.0,0.16547110526609926,0.04171073820019991,0.0,0.0,0.0,4.4770388951920154e-07,0.0516083181949477,0.0009683382886867592,0.0004011799253296229,0.0,0.0,0.003951502377542196,0.0,0.0,0.0,0.0,0.0004697540505695831
2018-12-12 06:00:00,0.0,0.0,0.0,0.002462583811443358,0.0,0.0,0.14962791668606323,0.03750800584570887,0.0,0.0,0.0,4.015191431704944e-07,0.11023189121954127,0.0009136227199480617,0.0006460866386505976,0.0,0.0,0.0035438688070608473,0.0,6.608209760076353e-05,0.0,0.0,0.0004789454725842776
2018-12-12 07:00:00,0.0,0.0,0.0,0.002434425815500026,0.0,0.0,0.14832122742807258,0.03702139596601514,0.0,0.0,0.0,3.9692804078769324e-07,0.11889179325964584,0.0009392563008551717,0.0006722273864366734,0.0,0.0,0.003503347041657689,0.0,0.00013065298617991118,0.0,0.0,0.0005304606971487813
2018-12-12 08:00:00,0.0,0.0,0.0,0.002474063281796138,0.0,0.0,0.15126871381998336,0.037640944399955426,0.0,0.0,0.0,4.0339084681716033e-07,0.11201439934960017,0.0009603979215110556,0.0006439820225013415,0.0,0.0,0.003560388747099335,0.0,0.0002655605717838174,0.0,0.0,0.000533157219440264
2018-12-12 09:00:00,0.0,0.0,0.0,0.0025100466561363307,0.0,0.0,0.15300572572984417,0.03820540847272101,0.0,0.0,0.0,4.09257860790987e-07,0.09735763283057437,0.0009806907134377524,0.0006106978287752584,0.0,0.0,0.0036121719015667813,0.0,0.0004378122920024973,0.0,0.0,0.0005846063947570077
2018-12-12 10:00:00,0.0,0.0,0.0,0.0025363597200017845,0.0,0.0,0.15402738769968644,0.03862310546326005,0.0,0.0,0.0,4.1354815085476155e-07,0.0943138655090699,0.0009553192381168194,0.0005993633893867816,0.0,0.0,0.0036500386518546935,0.0,0.0006125565059351583,0.0,0.0,0.0006227076447578705
2018-12-12 11:00:00,0.0,0.0,0.0,0.0025280222569955863,0.0,0.0,0.15236027681144226,0.03853040081987924,0.0,0.0,0.0,4.1218874493854124e-07,0.08974621679676446,0.0009518210804399619,0.0005791759997427326,0.0,0.0,0.0036380403292228343,0.0,0.0006783810270634814,0.0,0.0,0.0006191431867803646
2018-12-12 12:00:00,0.0,0.0,0.0,0.0025273212550681393,0.0,0.0,0.15324537027027016,0.03851115426154951,0.0,0.0,0.0,4.120744480395032e-07,0.09211887553939226,0.0009401805164503973,0.0006033700784048693,0.0,0.0,0.0036370315274704534,0.0,0.0006273284482322195,0.0,0.0,0.0007024112888765759
2018-12-12 13:00:00,0.0,0.0,0.0,0.0025175351212013888,0.0,0.0,0.16233851797070425,0.038856699217300256,0.0,0.0,0.0,4.1047883936747733e-07,0.0861546246626926,0.0009384643712651898,0.0005524594016970899,0.0,0.0,0.003622948443519791,0.0,0.00040534011671685197,0.0,0.0,0.0006377317376276941
2018-12-12 14:00:00,0.0,0.0,0.0,0.0024488897102249003,0.0,0.0,0.1577263126433736,0.03800460038727561,0.0,0.0,0.0,3.9928634859019436e-07,0.09471476060089216,0.00091793650910765,0.0005863161002536115,0.0,0.0,0.0035241618237194824,0.0,0.00016428655960113052,0.0,0.0,0.0005189123102744904
2018-12-12 15:00:00,0.0,0.0,0.0,0.002389942071648977,0.0,0.0,0.15465961668605435,0.037057399961039954,0.0,0.0,0.0,3.8967505933256864e-07,0.0958624924094735,0.0009728735154746623,0.0005766356769369628,0.0,0.0,0.003439331128159655,0.0,4.809959700812539e-05,0.0,0.0,0.00029553208429437496
2018-12-12 16:00:00,0.0,0.0,0.0,0.0023585713478899675,0.0,0.0,0.1528132567308023,0.03657896740602508,0.0,0.0,0.0,3.8456012839465535e-07,0.10160000095057567,0.0009643769609744571,0.0006497226007974064,0.0,0.0,0.003394185972543889,0.0,3.164548984797347e-05,0.0,0.0,0.00026475286398859756
2018-12-12 17:00:00,0.0,0.0,0.0,0.0024314879987545916,0.0,0.0,0.15756748085284922,0.037899284913971674,0.0,0.0,0.0,3.9644903590796604e-07,0.10391890702875156,0.0009981494331587624,0.0006265755908678451,0.0,0.0,0.0034991192719969672,0.0,3.2623829187484655e-05,0.0,0.0,0.0003006695119237371
2018-12-12 18:00:00,0.0,0.0,0.0,0.00247578253800164,0.0,0.0,0.15812366295802294,0.03862324654827054,0.0,0.0,0.0,4.036711679478833e-07,0.10556206081842283,0.0009681796600426718,0.0005830954703565167,0.0,0.0,0.003562862903881212,0.0,0.0,0.0,0.0,0.00034478671390634363
2018-12-12 19:00:00,0.0,0.0,0.0,0.0025691722020447032,0.0,0.0,0.16285593301363377,0.04013238674199002,0.0,0.0,0.0,4.188981574673073e-07,0.08656314352652465,0.0009652050136779872,0.0005509737020589242,0.0,0.0,0.0036972586210000232,0.0,0.0,0.0,0.0,0.0003500814615684205
2018-12-12 20:00:00,0.0,0.0,0.0,0.0028734161359593234,0.0,0.0,0.18372594292182357,0.044719419538157494,0.0,0.0,0.0,4.6850449496232185e-07,0.018910646082239437,0.0010400104164001213,0.00027861327677474124,0.0,0.0,0.004135091673474105,0.0,0.0,0.0,0.0,0.0004277600767166338
2018-12-12 21:00:00,0.0,0.0,0.0,0.003007333500727228,0.0,0.0,0.19122211379811244,0.046986981759795834,0.0,0.0,0.0,4.903394413740519e-07,0.00794667325732786,0.001035863888499629,0.000193693552116222,0.0,0.0,0.004327810219547306,0.0,0.0,0.0,0.0,0.0003881236384711069
2018-12-12 22:00:00,0.0,0.0,0.0,0.0030688860696072764,0.0,0.0,0.19552599568135628,0.047116966860286005,0.0,0.0,0.0,5.003754590729478e-07,0.0016031769878254738,0.0010386895879610847,0.00024129843281550078,0.0,0.0,0.004416389632696543,0.0,0.0,0.0,0.0,0.0003960675552283242
2018-12-12 23:00:00,0.0,0.0,0.0,0.003234095868838025,0.0,0.0,0.18792052078685853,0.04595112380361493,0.0,0.0,0.0,5.203742482070638e-07,0.0,0.0010330829154007787,8.396505237663681e-05,0.0,0.0,0.004592901976371492,0.0,0.0,0.0,0.0,0.0003486759482056792
2018-12-13 00:00:00,0.0,0.0,0.0,0.003299788296584289,0.0,0.0,0.18923445828163662,0.0376399842836993,0.0,0.0,0.0,5.309443268589502e-07,0.0,0.0010288531119076693,5.373503742231094e-05,0.0,0.0,0.0046861950924277146,0.0,0.0,0.0,0.0,0.00029125276653539905
2018-12-13 01:00:00,0.0,0.0,0.0,0.0032210914054510483,0.0,0.0,0.18567273075168808,0.03455628724568125,0.0,0.0,0.0,5.182817969833573e-07,0.0,0.0009965764792475764,3.625662206830246e-05,0.0,0.0,0.004574433684764183,0.0,0.0,0.0,0.0,0.00022706370681961787
2018-12-13 02:00:00,0.0,0.0,0.0,0.0031231664658674368,0.0,0.0,0.18735048264341422,0.033223825904234866,0.0,0.0,0.0,5.025254252234648e-07,0.0,0.0009616112909638132,1.5770188452421433e-05,0.0,0.0,0.004435365559764159,0.0,0.0,0.0,0.0,0.00021276034518638096
2018-12-13 03:00:00,0.0,0.0,0.0,0.0031436656684591274,0.0,0.0,0.19551186762000972,0.03359953929874806,0.0,0.0,0.0,5.058237990410994e-07,0.0,0.0009654636554079756,1.9775982598314508e-05,0.0,0.0,0.004464477506940678,0.0,0.0,0.0,0.0,0.00021043235171246482
2018-12-13 04:00:00,0.0,0.0,0.0,0.00298147717362778,0.0,0.0,0.19295343454605782,0.03817147439573832,0.0,0.0,0.0,4.813105161240642e-07,0.0,0.0009195528167732371,6.822165340536318e-05,0.0,0.0,0.004248119556975014,0.0,0.0,0.0,0.0,0.0001630226633915747
2018-12-13 05:00:00,0.0,0.0,0.0,0.0026949733221009373,0.0,0.0,0.1653279917105742,0.041303200656222734,0.0,0.0,0.0,4.394097671433499e-07,0.01573246418850901,0.0009101520461460891,0.0003110106959844278,0.0,0.0,0.003878297196494963,0.0,0.0,0.0,0.0,0.00015530153393661855
2018-12-13 06:00:00,0.0,0.0,0.0,0.002468025517114687,0.0,0.0,0.15901445351449814,0.038050739733911945,0.0,0.0,0.0,4.0240640190596763e-07,0.10357421962220964,0.0008937017659718756,0.0004557751771382825,0.0,0.0,0.0035516998871224534,0.0,4.9671092110228535e-05,0.0,0.0,0.00016000127483332673
2018-12-13 07:00:00,0.0,0.0,0.0,0.002414616350482068,0.0,0.0,0.15657314261176203,0.03708824587649436,0.0,0.0,0.0,3.9369814892219996e-07,0.0986978468734133,0.0008874184523025246,0.0005400157949776157,0.0,0.0,0.0034748395265690726,0.0,8.099364608398503e-05,0.0,0.0,0.00014059501204147888
2018-12-13 08:00:00,0.0,0.0,0.0,0.0024153188488898656,0.0,0.0,0.15703458436516599,0.03712358489747811,0.0,0.0,0.0,3.9381268981923133e-07,0.08949948528426169,0.0008924290195561712,0.000524415728845123,0.0,0.0,0.0034758504818847196,0.0,0.00017013614107872955,0.0,0.0,0.00011308867485654357
2018-12-13 09:00:00,0.0,0.0,0.0,0.0024133961753700466,0.0,0.0,0.1566325450424739,0.03707768051208586,0.0,0.0,0.0,3.9349920192059123e-07,0.08683712658051496,0.0008864916843252451,0.0005384051416930892,0.0,0.0,0.0034730835901828462,0.0,0.0002752392400588837,0.0,0.0,8.547333974099011e-05
2018-12-13 10:00:00,0.0,0.0,0.0,0.0024495457609591156,0.0,0.0,0.15857699780806608,0.03760816264405486,0.0,0.0,0.0,3.993933162911329e-07,0.08599071903119797,0.0008685284648086845,0.000464478409725134,0.0,0.0,0.003525105936858711,0.0,0.00045190907166068657,0.0,0.0,7.352001776734487e-05
2018-12-13 11:00:00,0.0,0.0,0.0,0.0025261037596359458,0.0,0.0,0.16406133174944895,0.03881779689305149,0.0,0.0,0.0,4.1187593795408937e-07,0.05550133545174786,0.0008953158335821256,0.00043806464487370863,0.0,0.0,0.0036352794473727772,0.0,0.0005422929669827656,0.0,0.0,7.278509689451912e-05
2018-12-13 12:00:00,0.0,0.0,0.0,0.0025433747698488576,0.0,0.0,0.16532900540939952,0.03916935701156233,0.0,0.0,0.0,4.146919400694905e-07,0.04975106829982853,0.0008998889854328219,0.0004269071621259909,0.0,0.0,0.0036601339088029017,0.0,0.0005374693724490755,0.0,0.0,7.328272972017715e-05
2018-12-13 13:00:00,0.0,0.0,0.0,0.0024690758263239505,0.0,0.0,0.15998302853075533,0.038384788738366864,0.0,0.0,0.0,4.0257765262718475e-07,0.07430020633816758,0.0008647232381685494,0.00044638862286363863,0.0,0.0,0.0035532113719406264,0.0,0.000339563574862196,0.0,0.0,7.707043549623236e-05
2018-12-13 14:00:00,0.0,0.0,0.0,0.002405151395943584,0.0,0.0,0.15684683554102158,0.03714656428193101,0.0,0.0,0.0,3.9215490786831993e-07,0.0866406796719684,0.0008513917563223178,0.0005149780757421709,0.0,0.0,0.0034612186471523745,0.0,0.00014521709240667503,0.0,0.0,7.796258321672898e-05
2018-12-13 15:00:00,0.0,0.0,0.0,0.002315099725198262,0.0,0.0,0.1538122377792358,0.03592045488642995,0.0,0.0,0.0,3.7747217117902903e-07,0.0858192658867863,0.0008517617732765927,0.0005445111468934775,0.0,0.0,0.0033316265879927667,0.0,4.659333175336208e-05,0.0,0.0,9.03302270711774e-05
2018-12-13 16:00:00,0.0,0.0,0.0,0.002403250804024372,0.0,0.0,0.13092345894088947,0.03731260652411511,0.0,0.0,0.0,3.9184502032850393e-07,0.08927952384862384,0.0008926987567237629,0.0005308131694038685,0.0,0.0,0.00345848353276311,0.0,3.224496430388899e-05,0.0,0.0,8.944186115558604e-05
2018-12-13 17:00:00,0.0,0.0,0.0,0.0024902391017337876,0.0,0.0,0.12263518568185422,0.038646306338340236,0.0,0.0,0.0,4.0602828044734356e-07,0.101401865718529,0.0009233189210549553,0.0005940923663996221,0.0,0.0,0.0035836671360172205,0.0,3.341210613935583e-05,0.0,0.0,0.0001046379276890125
2018-12-13 18:00:00,0.0,0.0,0.0,0.002633543955981051,0.0,0.0,0.12671788702274334,0.04090595703632011,0.0,0.0,0.0,4.293938373969805e-07,0.10616528686168042,0.0009146066428558424,0.0005613536308502493,0.0,0.0,0.0037898950826590117,0.0,0.0,0.0,0.0,0.00010591693775953778
2018-12-13 19:00:00,0.0,0.0,0.0,0.0028705241791438445,0.0,0.0,0.13929159001724134,0.0446257890027686,0.0,0.0,0.0,4.6803296744831755e-07,0.06267305213907451,0.0009763066091889191,0.000385369862938204,0.0,0.0,0.004130929900176434,0.0,0.0,0.0,0.0,0.00012406341963591106
2018-12-13 20:00:00,0.0,0.0,0.0,0.002944550956485347,0.0,0.0,0.14417543266132424,0.04570680004109174,0.0,0.0,0.0,4.801028787633002e-07,0.01725548513538895,0.0009879375563699492,0.0002873939943808925,0.0,0.0,0.004237460766613839,0.0,0.0,0.0,0.0,0.0001484733139946965
2018-12-13 21:00:00,0.0,0.0,0.0,0.0030716493907813804,0.0,0.0,0.14966821091652752,0.046847216430719686,0.0,0.0,0.0,5.008260128144997e-07,0.01969844138649682,0.0009935787793258716,0.0002263882459269968,0.0,0.0,0.004420366288300017,0.0,0.0,0.0,0.0,0.00016594500845511115
2018-12-13 22:00:00,0.0,0.0,0.0,0.0034624062319661385,0.0,0.0,0.15017564012259524,0.05181105337480372,0.0,0.0,0.0,5.571099661291672e-07,0.0054807865342692596,0.001085021874717774,0.00012609724917609857,0.0,0.0,0.004917136989977925,0.0,0.0,0.0,0.0,0.00021125790004795502
2018-12-13 23:00:00,0.0,0.0,0.0,0.003568745220144445,0.0,0.0,0.14442105528122154,0.05331878079586406,0.0,0.0,0.0,5.74220179701243e-07,0.0,0.0010673961267355652,5.038120640949275e-05,0.0,0.0,0.005068154327984349,0.0,0.0,0.0,0.0,0.0002811673565999082
2018-12-14 00:00:00,0.0,0.0,0.0,0.0036093652235981506,0.0,0.0,0.1347184716154464,0.05236907181647938,0.0,0.0,0.0,5.807560415360947e-07,0.0,0.0010726377366620447,5.513126399645773e-05,0.0,0.0,0.005125840835035784,0.0,0.0,0.0,0.0,0.00027367713339605213
2018-12-14 01:00:00,0.0,0.0,0.0,0.0036261148191305014,0.0,0.0,0.13486685063785833,0.050987667361195844,0.0,0.0,0.0,5.834510940442478e-07,0.0,0.0010639388032429706,1.785204243738639e-05,0.0,0.0,0.00514962777690266,0.0,0.0,0.0,0.0,0.00030072345365408476
2018-12-14 02:00:00,0.0,0.0,0.0,0.0036051385423579237,0.0,0.0,0.13291981663205163,0.04600430247860107,0.0,0.0,0.0,5.800759577779144e-07,0.0,0.0010400067870902866,1.5094041355373746e-05,0.0,0.0,0.005119838312720727,0.0,0.0,0.0,0.0,0.0003502382062572812
2018-12-14 03:00:00,0.0,0.0,0.0,0.003577326448207444,0.0,0.0,0.1342607731722909,0.051856376940497606,0.0,0.0,0.0,5.756009211149415e-07,0.0,0.0010286353220249516,3.183680236818763e-05,0.0,0.0,0.005080340960950305,0.0,0.0,0.0,0.0,0.0003390597746822443
2018-12-14 04:00:00,0.0,0.0,0.0,0.003473876214915811,0.0,0.0,0.1323387986214327,0.05190139194289839,0.0,0.0,0.0,5.589555155489894e-07,0.003493833785897347,0.0009944244259996891,0.00011935236813576031,0.0,0.0,0.004933426088846668,0.0,0.0,0.0,0.0,0.00027575084407193676
2018-12-14 05:00:00,0.0,0.0,0.0,0.003011789424783585,0.0,0.0,0.12067661243098643,0.04519660885220093,0.0,0.0,0.0,4.862039311660215e-07,0.024776223825092404,0.0009543551063614949,0.00025391837003283326,0.0,0.0,0.004291309579722775,0.0,0.0,0.0,0.0,0.00017721009840587415
2018-12-14 06:00:00,0.0,0.0,0.0,0.0026868935046544685,0.0,0.0,0.11127985103671567,0.04083347822415003,0.0,0.0,0.0,4.380923697971136e-07,0.11349558928938393,0.0009109224539921268,0.0005985604677128206,0.0,0.0,0.0038666696478680982,0.0,4.506332890893724e-05,0.0,0.0,0.00012096556513633784
2018-12-14 07:00:00,0.0,0.0,0.0,0.002669180739402807,0.0,0.0,0.1131561807695458,0.040473868145747764,0.0,0.0,0.0,4.3520434044599927e-07,0.11888091662278323,0.0009477262399083596,0.0006677392618332606,0.0,0.0,0.0038411794631399835,0.0,8.9532517287154e-05,0.0,0.0,0.00010895243402977082
2018-12-14 08:00:00,0.0,0.0,0.0,0.0025462167950154,0.0,0.0,0.10855396871855331,0.038643818959442605,0.0,0.0,0.0,4.151553263325027e-07,0.11836988259920303,0.0009080670618437488,0.0007106965321647056,0.0,0.0,0.0036642238261855257,0.0,0.00017081585810300963,0.0,0.0,8.864891283576863e-05
2018-12-14 09:00:00,0.0,0.0,0.0,0.0026144087582721715,0.0,0.0,0.1115041028055045,0.03967876535039503,0.0,0.0,0.0,4.2627388340688093e-07,0.11136803933640306,0.0009389371614709494,0.0006422763156967626,0.0,0.0,0.003762357895919489,0.0,0.00029816400936319036,0.0,0.0,8.317626243530669e-05
2018-12-14 10:00:00,0.0,0.0,0.0,0.0026261236408808668,0.0,0.0,0.11180455014643734,0.03985656160228835,0.0,0.0,0.0,4.28183970529816e-07,0.11191337225233745,0.0009214719116705149,0.0006211352518278222,0.0,0.0,0.0037792166143364686,0.0,0.00046686772501523116,0.0,0.0,8.827815303215789e-05
2018-12-14 11:00:00,0.0,0.0,0.0,0.0026930190389762385,0.0,0.0,0.11565174617859689,0.040908322230095,0.0,0.0,0.0,4.3909112536470454e-07,0.10385477723324564,0.0009377016189211182,0.0005326351502758685,0.0,0.0,0.003875484815867103,0.0,0.0005781256130975275,0.0,0.0,0.00010507582833257649
2018-12-14 12:00:00,0.0,0.0,0.0,0.0027329140616965475,0.0,0.0,0.11481429501569722,0.04143179238344346,0.0,0.0,0.0,4.4411554029647175e-07,0.10468524093632098,0.0009409513496730222,0.0005811222136620165,0.0,0.0,0.0039198310634951,0.0,0.0005664678112807855,0.0,0.0,0.00010954828398279118
2018-12-14 13:00:00,0.0,0.0,0.0,0.002760274713966631,0.0,0.0,0.11513206639953903,0.04136903129953614,0.0,0.0,0.0,4.441352196654045e-07,0.10704697346761256,0.0009408774429214997,0.0005655841005383285,0.0,0.0,0.0039200047565876705,0.0,0.00036547929822368857,0.0,0.0,0.00011609362408129343
2018-12-14 14:00:00,0.0,0.0,0.0,0.0027520784594535336,0.0,0.0,0.11530239137804493,0.041255392814917025,0.0,0.0,0.0,4.4281642147470673e-07,0.10683356729453389,0.000995135198554679,0.0005518610946649738,0.0,0.0,0.003908364843895296,0.0,0.00014575762317109236,0.0,0.0,0.00011574890009947255
2018-12-14 15:00:00,0.0,0.0,0.0,0.002645707706688758,0.0,0.0,0.11073879106537061,0.03982003911735956,0.0,0.0,0.0,4.2570109689990454e-07,0.11610510376935569,0.0009490586689734724,0.000617255209475752,0.0,0.0,0.003757302395404245,0.0,5.2546476138025154e-05,0.0,0.0,0.0001426201758880169
2018-12-14 16:00:00,0.0,0.0,0.0,0.0026593137329744537,0.0,0.0,0.11264241631188895,0.04017595959614392,0.0,0.0,0.0,4.2789034112353e-07,0.11886373204506089,0.0009495930029693914,0.0006458868047186197,0.0,0.0,0.003776624996697628,0.0,3.521113720914484e-05,0.0,0.0,0.00017013397337706858
2018-12-14 17:00:00,0.0,0.0,0.0,0.0027278199721046128,0.0,0.0,0.11591940534239144,0.04118356721882452,0.0,0.0,0.0,4.3891316918139397e-07,0.12119676004555287,0.0009608708641967057,0.0006019201917767803,0.0,0.0,0.0038739141476242926,0.0,3.6118206787203424e-05,0.0,0.0,0.00021329827785290597
2018-12-14 18:00:00,0.0,0.0,0.0,0.002891096070161298,0.0,0.0,0.12117351546105187,0.04365831230001242,0.0,0.0,0.0,4.6518470849941583e-07,0.1145480568318006,0.0009917295930411219,0.0005176945702281474,0.0,0.0,0.0041057907350453724,0.0,0.0,0.0,0.0,0.0002774439448788957
2018-12-14 19:00:00,0.0,0.0,0.0,0.0031402871183378537,0.0,0.0,0.12851140002398717,0.04729535291661415,0.0,0.0,0.0,5.052801817363905e-07,0.07948955857518464,0.0010186462758945032,0.0005071481183496126,0.0,0.0,0.004459679458225183,0.0,0.0,0.0,0.0,0.0003236803380370152
2018-12-14 20:00:00,0.0,0.0,0.0,0.003446226955860739,0.0,0.0,0.13825689289845883,0.051810894694688636,0.0,0.0,0.0,5.545066794668869e-07,0.04319452729188184,0.0010955494436248217,0.00024869583020722355,0.0,0.0,0.0048941599873736545,0.0,0.0,0.0,0.0,0.00043891462083516777
2018-12-14 21:00:00,0.0,0.0,0.0,0.003680786165957239,0.0,0.0,0.1464310012118687,0.055189613526850485,0.0,0.0,0.0,5.922478527543266e-07,0.017287326448866252,0.0011409100516781491,0.0002230301540104019,0.0,0.0,0.005227269302409333,0.0,0.0,0.0,0.0,0.0004993140461681428
2018-12-14 22:00:00,0.0,0.0,0.0,0.0038848439530300488,0.0,0.0,0.1536530448479142,0.058249250761376964,0.0,0.0,0.0,6.250812695252902e-07,0.010468246712726375,0.0011789800903653743,0.00025566472717945067,0.0,0.0,0.005517062014669727,0.0,0.0,0.0,0.0,0.0005937327398875636
2018-12-14 23:00:00,0.0,0.0,0.0,0.0037958827875944545,0.0,0.0,0.1415189322197536,0.056661566116970916,0.0,0.0,0.0,6.107671918168258e-07,0.023104229694830447,0.0010898889071323235,0.0003454854987572867,0.0,0.0,0.005390723795544437,0.0,0.0,0.0,0.0,0.0005396618877179498
2018-12-15 00:00:00,0.0,0.0,0.0,0.003841341897356913,0.0,0.0,0.137665476769092,0.05717319311671957,0.0,0.0,0.0,6.180816781605162e-07,0.00023690726370380154,0.0011084683818100409,0.00010142784480965534,0.0,0.0,0.005455282560509898,0.0,0.0,0.0,0.0,0.0006530742688253936
2018-12-15 01:00:00,0.0,0.0,0.0,0.00371642054096652,0.0,0.0,0.12936943335471632,0.04368456779235468,0.0,0.0,0.0,5.979815142961676e-07,0.0,0.001069928750547938,7.826893621513497e-05,0.0,0.0,0.005277875468102775,0.0,0.0,0.0,0.0,0.0008299729054243281
2018-12-15 02:00:00,0.0,0.0,0.0,0.0035998505824525327,0.0,0.0,0.12488923743934346,0.0379938576500459,0.0,0.0,0.0,5.792251115841358e-07,0.0,0.0010248534373515086,6.558928067259949e-05,0.0,0.0,0.005112328615270364,0.0,0.0,0.0,0.0,0.0008977683359783023
2018-12-15 03:00:00,0.0,0.0,0.0,0.0036577985242946857,0.0,0.0,0.12889745585960102,0.03853208498247535,0.0,0.0,0.0,5.885490827631629e-07,0.0,0.0010377740603930536,5.210014572238519e-05,0.0,0.0,0.0051946233979259905,0.0,0.0,0.0,0.0,0.0009490554858304405
2018-12-15 04:00:00,0.0,0.0,0.0,0.003486226430243262,0.0,0.0,0.12629873476132011,0.04465245486570843,0.0,0.0,0.0,5.646575488917883e-07,0.0,0.0009951564839728768,3.292968559109352e-05,0.0,0.0,0.004983753099262172,0.0,0.0,0.0,0.0,0.0009895252882220454
2018-12-15 05:00:00,0.0,0.0,0.0,0.0032766587236294615,0.0,0.0,0.12537507604728637,0.049718602538432514,0.0,0.0,0.0,5.342523560254828e-07,0.0,0.0009846598134336559,9.675286213724684e-05,0.0,0.0,0.004715392259176859,0.0,0.0,0.0,0.0,0.001060156590290544
2018-12-15 06:00:00,0.0,0.0,0.0,0.00318551088757029,0.0,0.0,0.12639965139643874,0.04819527523877406,0.0,0.0,0.0,5.193908918729701e-07,0.0,0.0010194516590927806,0.00014791757636344933,0.0,0.0,0.00458422272434106,0.0,6.411108945892112e-05,0.0,0.0,0.0012868982191575156
2018-12-15 07:00:00,0.0,0.0,0.0,0.002999469296590138,0.0,0.0,0.11783708419962419,0.045390715795296126,0.0,0.0,0.0,4.890571993272355e-07,0.013155347176808305,0.0009803785257723296,0.00035791716531716796,0.0,0.0,0.0043164929569208385,0.0,0.00012073369151134902,0.0,0.0,0.0014980206114768347
2018-12-15 08:00:00,0.0,0.0,0.0,0.002889615036198184,0.0,0.0,0.11404853338333194,0.04370872097193896,0.0,0.0,0.0,4.7114569178737506e-07,0.01336810707544605,0.0009617749858504356,0.0002620718082488396,0.0,0.0,0.004158403276920219,0.0,0.00022293108894187928,0.0,0.0,0.0016929333016390893
2018-12-15 09:00:00,0.0,0.0,0.0,0.002809890726414579,0.0,0.0,0.11036050498598009,0.04255039543824998,0.0,0.0,0.0,4.58146809716673e-07,0.011670986679823104,0.0009359158331254686,0.00040544561765641033,0.0,0.0,0.004043673173809138,0.0,0.0003581589766593522,0.0,0.0,0.0018098358841928072
2018-12-15 10:00:00,0.0,0.0,0.0,0.002795676800968568,0.0,0.0,0.1082778497173404,0.042382507608597714,0.0,0.0,0.0,4.5582925888260567e-07,0.019604122460645013,0.0008986118668235473,0.0005212898404382183,0.0,0.0,0.0040232181189273795,0.0,0.000506388151319901,0.0,0.0,0.002028912441873862
2018-12-15 11:00:00,0.0,0.0,0.0,0.002879202878221973,0.0,0.0,0.11189648474261094,0.0436292553348049,0.0,0.0,0.0,4.6944801119281545e-07,0.01135908725911035,0.0009045107374532062,0.000509364330705998,0.0,0.0,0.004143419290712474,0.0,0.0005794638279728654,0.0,0.0,0.0021465643162861016
2018-12-15 12:00:00,0.0,0.0,0.0,0.002909787662857837,0.0,0.0,0.11410508833731793,0.04408285883012227,0.0,0.0,0.0,4.7443479639946733e-07,0.0,0.0009115240848856905,0.00019367655490398967,0.0,0.0,0.004187433412683893,0.0,0.00048801606122231836,0.0,0.0,0.0023108469588166507
2018-12-15 13:00:00,0.0,0.0,0.0,0.0028803636603589077,0.0,0.0,0.11154044517464333,0.043338408318521954,0.0,0.0,0.0,4.6652709366951594e-07,0.0,0.0008786313541662472,0.0001473199651180824,0.0,0.0,0.004117638829992514,0.0,0.00030712447425380906,0.0,0.0,0.002500765974631872
2018-12-15 14:00:00,0.0,0.0,0.0,0.0027977992349109584,0.0,0.0,0.110671316520759,0.04237677175510385,0.0,0.0,0.0,4.561753173006073e-07,0.0,0.0008503828086986104,0.00011422684007249909,0.0,0.0,0.004026272482969135,0.0,0.0001313854871402881,0.0,0.0,0.0026451307672066995
2018-12-15 15:00:00,0.0,0.0,0.0,0.002715292625548558,0.0,0.0,0.11537263022531342,0.04113628737327463,0.0,0.0,0.0,4.4272278709913693e-07,0.003550503257997088,0.000865624950227207,0.00021853270098765834,0.0,0.0,0.00390753841270641,0.0,5.464755091654076e-05,0.0,0.0,0.0026877405134160042
2018-12-15 16:00:00,0.0,0.0,0.0,0.0026905239384630232,0.0,0.0,0.12433590526742054,0.041818351096049027,0.0,0.0,0.0,4.3868430444127643e-07,0.005186634249767037,0.0008461887919769142,0.0002652390828708286,0.0,0.0,0.003871894152744014,0.0,3.60993734857892e-05,0.0,0.0,0.0029280919218846054
2018-12-15 17:00:00,0.0,0.0,0.0,0.00276606502901296,0.0,0.0,0.11611242043818477,0.04256142634883026,0.0,0.0,0.0,4.5100112135968126e-07,0.005646963022868,0.0008585137422703115,0.00029881069534906364,0.0,0.0,0.003980604245455284,0.0,3.711292553128551e-05,0.0,0.0,0.0032012490119649457
2018-12-15 18:00:00,0.0,0.0,0.0,0.0028407103167252482,0.0,0.0,0.11381868949363862,0.03282580022478367,0.0,0.0,0.0,4.631718794978118e-07,0.0,0.0007900794119522206,0.00021191110732016945,0.0,0.0,0.004088025201236932,0.0,0.0,0.0,0.0,0.0033592568898587866
2018-12-15 19:00:00,0.0,0.0,0.0,0.002920085941417943,0.0,0.0,0.11724350947329285,0.029882249611888883,0.0,0.0,0.0,4.6984925249335013e-07,0.0,0.0007641047132267946,0.00011715931614205987,0.0,0.0,0.004146960707238325,0.0,0.0,0.0,0.0,0.0031707048094951214
2018-12-15 20:00:00,0.0,0.0,0.0,0.0031226701542140293,0.0,0.0,0.13479586511553016,0.019052119579788557,0.0,0.0,0.0,5.02445567416525e-07,0.0,0.0007966569522062744,0.00010866560695528615,0.0,0.0,0.004434660722657814,0.0,0.0,0.0,0.0,0.003063262101241003
2018-12-15 21:00:00,0.0,0.0,0.0,0.0034170471707356733,0.0,0.0,0.13463235478096125,0.01751247204652967,0.0,0.0,0.0,5.498115778486547e-07,0.0,0.0008567224046889197,0.0001312031770221453,0.0,0.0,0.004852720308957703,0.0,0.0,0.0,0.0,0.0028459941809031004
2018-12-15 22:00:00,0.0,0.0,0.0,0.0037835753395959555,0.0,0.0,0.13611571106840342,0.019315045345174017,0.0,0.0,0.0,6.087868921413346e-07,0.0,0.00095506657501516,0.0001895362454711663,0.0,0.0,0.005373245370498023,0.0,0.0,0.0,0.0,0.0026514585597300234
2018-12-15 23:00:00,0.0,0.0,0.0,0.0036069929402418287,0.0,0.0,0.12997749945446974,0.018720209097655805,0.0,0.0,0.0,5.881126595805339e-07,0.0,0.0009031283390118354,0.00013511385451702414,0.0,0.0,0.00519077146077703,0.0,0.0,0.0,0.0,0.0019681546354866643
2018-12-16 00:00:00,0.0,0.0,0.0,0.0035485574042812876,0.0,0.0,0.12368189927814371,0.018380865179140324,0.0,0.0,0.0,5.785848675839509e-07,0.0,0.0008678518474805042,8.306862555324314e-05,0.0,0.0,0.00510667772469701,0.0,0.0,0.0,0.0,0.001678526084015947
2018-12-16 01:00:00,0.0,0.0,0.0,0.0037057244307007256,0.0,0.0,0.12460963705609025,0.019232623226692006,0.0,0.0,0.0,6.042106227315897e-07,0.0,0.0008953784581850604,6.0122994935162724e-05,0.0,0.0,0.005332854523162968,0.0,0.0,0.0,0.0,0.0015593412963341212
2018-12-16 02:00:00,0.0,0.0,0.0,0.0038095357699239833,0.0,0.0,0.11284144688717951,0.019758497218777777,0.0,0.0,0.0,6.211368446057899e-07,0.0,0.0009246136598104095,9.210176514387582e-05,0.0,0.0,0.005482247922560362,0.0,0.0,0.0,0.0,0.0010999353862245261
2018-12-16 03:00:00,0.0,0.0,0.0,0.003868886495644308,0.0,0.0,0.10630389049890247,0.02009253801027699,0.0,0.0,0.0,6.308138563797789e-07,0.0,0.0009484384945105712,4.924284800433086e-05,0.0,0.0,0.00556765869500973,0.0,0.0,0.0,0.0,0.0007361991180019552
2018-12-16 04:00:00,0.0,0.0,0.0,0.00383620134353576,0.0,0.0,0.11179904271976748,0.019896800595846715,0.0,0.0,0.0,6.254846106468878e-07,0.0,0.0009424350886323981,4.9317558072867794e-05,0.0,0.0,0.005520621964534502,0.0,0.0,0.0,0.0,0.0005849047545015794
2018-12-16 05:00:00,0.0,0.0,0.0,0.0035988251254036006,0.0,0.0,0.1230953705681085,0.01865343512618748,0.0,0.0,0.0,5.867809144435032e-07,0.0,0.0009122907630675178,5.132981617758013e-05,0.0,0.0,0.005179017276374234,0.0,0.0,0.0,0.0,0.00029595886485416737
2018-12-16 06:00:00,0.0,0.0,0.0,0.003470697759642712,0.0,0.0,0.13268337257926835,0.01822050684003477,0.0,0.0,0.0,5.735371776361096e-07,0.0,0.0009467717056001402,0.00013446506727833225,0.0,0.0,0.00506212604824986,0.0,8.25937513702979e-05,0.0,0.0,0.0001646990081238929
2018-12-16 07:00:00,0.0,0.0,0.0,0.0033701384793185375,0.0,0.0,0.13363523297524696,0.01769258963667558,0.0,0.0,0.0,5.569196298643376e-07,0.0,0.0009175995244367892,0.0001984388192062531,0.0,0.0,0.004915457053259452,0.0,0.000160401394140966,0.0,0.0,8.816491386995628e-05
2018-12-16 08:00:00,0.0,0.0,0.0,0.003298369324641283,0.0,0.0,0.11463087362441338,0.017383765410867853,0.0,0.0,0.0,5.450596866294189e-07,0.02188285648329271,0.0008882631933036913,0.0002909986879351598,0.0,0.0,0.0048107793969169406,0.0,0.00033639760416222974,0.0,0.0,7.826065445851684e-05
2018-12-16 09:00:00,0.0,0.0,0.0,0.0031841387172637015,0.0,0.0,0.10718126569171682,0.01673799283496874,0.0,0.0,0.0,5.261829348370817e-07,0.02921817566321995,0.0008446637780460458,0.00046992122825857707,0.0,0.0,0.004644170324863088,0.0,0.0005520704632041579,0.0,0.0,0.0001220427863877176
2018-12-16 10:00:00,0.0,0.0,0.0,0.003110028040857812,0.0,0.0,0.10640534959617667,0.016305702834012902,0.0,0.0,0.0,5.139360521863396e-07,0.024158910391462906,0.0008198284824208586,0.0004039460783235556,0.0,0.0,0.004536077482596611,0.0,0.0009198476727931417,0.0,0.0,0.0002932753680521686
2018-12-16 11:00:00,0.0,0.0,0.0,0.003164019791342291,0.0,0.0,0.11870448790653827,0.016577915912068954,0.0,0.0,0.0,5.228582569800204e-07,0.027178497673825977,0.0008339249406170466,0.00027668447422505443,0.0,0.0,0.004614826214248262,0.0,0.0010433818607439962,0.0,0.0,0.0005274354785795767
2018-12-16 12:00:00,0.0,0.0,0.0,0.0031067438887003654,0.0,0.0,0.12878697809110232,0.01629915184322642,0.0,0.0,0.0,5.133933419045019e-07,0.008532214093417029,0.0008160210237406071,0.00016856388441377536,0.0,0.0,0.004531287439402434,0.0,0.0009716853089080757,0.0,0.0,0.0009526109618637072
2018-12-16 13:00:00,0.0,0.0,0.0,0.003123517358319694,0.0,0.0,0.1279799742600033,0.0162638900280021,0.0,0.0,0.0,5.092829765073505e-07,0.006752101755428887,0.000807409603503183,0.00015056614643626682,0.0,0.0,0.004495008731489367,0.0,0.0005448162847540534,0.0,0.0,0.001378101815243602
2018-12-16 14:00:00,0.0,0.0,0.0,0.0030883479411566235,0.0,0.0,0.12726067562226895,0.01605984129963424,0.0,0.0,0.0,5.03548676549923e-07,0.0039640749360667004,0.0008030837082544438,0.00010100304015852818,0.0,0.0,0.004444396931043208,0.0,0.00018646680999428688,0.0,0.0,0.0016907177159246655
2018-12-16 15:00:00,0.0,0.0,0.0,0.0030502668866085776,0.0,0.0,0.12483486557613098,0.015872148549450977,0.0,0.0,0.0,4.973396402027707e-07,0.010362315851369814,0.0007822139961246547,0.000169470885651806,0.0,0.0,0.00438959503527597,0.0,6.138919003667421e-05,0.0,0.0,0.001871280008047182
2018-12-16 16:00:00,0.0,0.0,0.0,0.0030017378441631873,0.0,0.0,0.12139661638743306,0.015578949288243956,0.0,0.0,0.0,4.894270812673098e-07,0.024040977750854356,0.0007783523896315171,0.00046966965338786853,0.0,0.0,0.004319757590978816,0.0,4.0275001457439675e-05,0.0,0.0,0.0017207832661158945
2018-12-16 17:00:00,0.0,0.0,0.0,0.003011376870672888,0.0,0.0,0.12202101467693874,0.016587934597300284,0.0,0.0,0.0,4.90998704392252e-07,0.030169437502112144,0.0008040411497501566,0.0005086717243480568,0.0,0.0,0.004333628974855956,0.0,4.0404330475122346e-05,0.0,0.0,0.0017805385577701104
2018-12-16 18:00:00,0.0,0.0,0.0,0.0031295733798680308,0.0,0.0,0.12392346586143284,0.017366235692571633,0.0,0.0,0.0,5.102703981625287e-07,0.024417885903323413,0.0008184111174478662,0.0004306227340014294,0.0,0.0,0.004503723864659783,0.0,0.0,0.0,0.0,0.002038285049928512
2018-12-16 19:00:00,0.0,0.0,0.0,0.003239803865867863,0.0,0.0,0.12808908759557866,0.018021814302840927,0.0,0.0,0.0,5.282432485013679e-07,0.020190160919926176,0.0008239857698392984,0.0002469321301556209,0.0,0.0,0.004662354965500571,0.0,0.0,0.0,0.0,0.0019875572956611514
2018-12-16 20:00:00,0.0,0.0,0.0,0.0035055808163745065,0.0,0.0,0.13887712718158485,0.018514531553796877,0.0,0.0,0.0,5.715776247552861e-07,0.0066792080053905125,0.0008731711282309394,0.0001334824872346835,0.0,0.0,0.005044830737557319,0.0,0.0,0.0,0.0,0.0017571000900687456
2018-12-16 21:00:00,0.0,0.0,0.0,0.0035651125810987716,0.0,0.0,0.14126476330641954,0.01850285101206155,0.0,0.0,0.0,5.812841545604604e-07,0.008300839123059591,0.000879924761851049,0.00017740135250932988,0.0,0.0,0.005130502040623328,0.0,0.0,0.0,0.0,0.0014809124530910458
2018-12-16 22:00:00,0.0,0.0,0.0,0.0038038534592414026,0.0,0.0,0.14748874040495344,0.019716138255960927,0.0,0.0,0.0,6.202103557261441e-07,0.0,0.0009357805263547803,0.00013137769248743573,0.0,0.0,0.005474070591301036,0.0,0.0,0.0,0.0,0.0013106469222295852
2018-12-16 23:00:00,0.0,0.0,0.0,0.0038380918845808305,0.0,0.0,0.14223894471003717,0.019867596610355184,0.0,0.0,0.0,6.257928594126833e-07,0.0,0.0008534721426389199,0.00017175549127574334,0.0,0.0,0.005523342614855907,0.0,0.0,0.0,0.0,0.0010413670795302293
2018-12-17 00:00:00,0.0,0.0,0.0,0.003703430210567974,0.0,0.0,0.13759003073154355,0.01924580821431977,0.0,0.0,0.0,6.038365549343167e-07,0.0,0.000816083341896574,0.00018073105489680737,0.0,0.0,0.005329552944094996,0.0,0.0,0.0,0.0,0.0007914148678709419
2018-12-17 01:00:00,0.0,0.0,0.0,0.0037494222474933735,0.0,0.0,0.14137391445683664,0.01942130758479398,0.0,0.0,0.0,6.113354604225847e-07,0.0,0.0008333301502239933,0.00018105703153576156,0.0,0.0,0.005395739420378858,0.0,0.0,0.0,0.0,0.0006211885984937545
2018-12-17 02:00:00,0.0,0.0,0.0,0.003865884229871455,0.0,0.0,0.1430470308734233,0.022997467685776967,0.0,0.0,0.0,6.303243432208424e-07,0.0,0.0008537421246052144,0.00015503169357142393,0.0,0.0,0.005563338177684196,0.0,0.0,0.0,0.0,0.0005731863499245215
2018-12-17 03:00:00,0.0,0.0,0.0,0.003793475518257385,0.0,0.0,0.14080319798870025,0.03748697350992803,0.0,0.0,0.0,6.185182541406415e-07,0.0,0.0008352812589082726,0.00018504448623536036,0.0,0.0,0.005459135846272716,0.0,0.0,0.0,0.0,0.0004258228222893372
2018-12-17 04:00:00,0.0,0.0,0.0,0.003532431672488504,0.0,0.0,0.14164973198333652,0.03715711794301903,0.0,0.0,0.0,5.75955600721094e-07,0.0,0.000784052717973515,0.0002128280051576091,0.0,0.0,0.005083471416905204,0.0,0.0,0.0,0.0,0.0003265461237199044
2018-12-17 05:00:00,0.0,0.0,0.0,0.003241904976310533,0.0,0.0,0.1359075451111959,0.03540804531290913,0.0,0.0,0.0,5.285858301673105e-07,0.006166434369781776,0.0007893678006735751,0.0003233971274621133,0.0,0.0,0.00466537864320176,0.0,0.0,0.0,0.0,0.0002140636903240197
2018-12-17 06:00:00,0.0,0.0,0.0,0.0029581562986343507,0.0,0.0,0.1349514200324732,0.043532897447070056,0.0,0.0,0.0,4.823212013628496e-07,0.03888928032135442,0.0007941023940786939,0.0006198250493857976,0.0,0.0,0.004257040018059898,0.0,5.9535386877886814e-05,0.0,0.0,0.00014205651160337598
2018-12-17 07:00:00,0.0,0.0,0.0,0.0026661501103845196,0.0,0.0,0.12587156920592948,0.04268607191122153,0.0,0.0,0.0,4.4058466491808707e-07,0.11246551845360866,0.0007348345101038762,0.0006310586512493073,0.0,0.0,0.003888667022308244,0.0,0.00012689514016089976,0.0,0.0,9.245683846364587e-05
2018-12-17 08:00:00,0.0,0.0,0.0,0.002608673207136676,0.0,0.0,0.12810626100536243,0.0420972499215905,0.0,0.0,0.0,4.3108653423919284e-07,0.11135437616663933,0.0007287611874767368,0.000564919330882602,0.0,0.0,0.0038048350815132618,0.0,0.0002305819896066252,0.0,0.0,6.030910172118093e-05
2018-12-17 09:00:00,0.0,0.0,0.0,0.002598977202943506,0.0,0.0,0.13211175758742288,0.04164630471127837,0.0,0.0,0.0,4.2948425732993203e-07,0.09919767631945711,0.0007314590729922046,0.0005286753438215483,0.0,0.0,0.003790693142690206,0.0,0.0003710941576297087,0.0,0.0,5.05978465905821e-05
2018-12-17 10:00:00,0.0,0.0,0.0,0.002599927692738224,0.0,0.0,0.1283897785094445,0.04164368070952975,0.0,0.0,0.0,4.296413269660651e-07,0.08925187033189083,0.0007359415701174853,0.0005187564775403987,0.0,0.0,0.003792079463102311,0.0,0.0005480060030319384,0.0,0.0,5.061635107641007e-05
2018-12-17 11:00:00,0.0,0.0,0.0,0.0026402943536637797,0.0,0.0,0.13620321328044607,0.04180071062525335,0.0,0.0,0.0,4.363119685434002e-07,0.08659391451355401,0.0007204732145995151,0.0005063863723971149,0.0,0.0,0.0038509555565865096,0.0,0.000619346651967167,0.0,0.0,5.94338216352742e-05
2018-12-17 12:00:00,0.0,0.0,0.0,0.002642977172088175,0.0,0.0,0.13673146334210484,0.04176151332688125,0.0,0.0,0.0,4.3675530766820965e-07,0.08526110045776959,0.0007170342830950657,0.0005272317973797474,0.0,0.0,0.0038548685348892514,0.0,0.0005750501785012381,0.0,0.0,9.808505334810845e-05
2018-12-17 13:00:00,0.0,0.0,0.0,0.002584210291583164,0.0,0.0,0.13374492681920247,0.0410281430858949,0.0,0.0,0.0,4.270440066222804e-07,0.08905645693278137,0.0007017212083337395,0.00048167008480571086,0.0,0.0,0.003769155120129267,0.0,0.00033384417648773466,0.0,0.0,0.00030186215348847125
2018-12-17 14:00:00,0.0,0.0,0.0,0.002584586813826592,0.0,0.0,0.1329413318085182,0.04116419642618857,0.0,0.0,0.0,4.24239742649767e-07,0.07771029515168526,0.0007175916764854569,0.00042924739764908467,0.0,0.0,0.0037444042613271624,0.0,0.00012218755188716103,0.0,0.0,0.0007543854223909046
2018-12-17 15:00:00,0.0,0.0,0.0,0.0025166448437466135,0.0,0.0,0.12939877379092804,0.03941417670569463,0.0,0.0,0.0,4.103336814893315e-07,0.06462537763863563,0.0007115258451551268,0.00043406352204396073,0.0,0.0,0.0036216672580888848,0.0,4.220799750502907e-05,0.0,0.0,0.0009623020372057525
2018-12-17 16:00:00,0.0,0.0,0.0,0.002457734483282873,0.0,0.0,0.12611786613503592,0.03863310281187831,0.0,0.0,0.0,4.0072847034997853e-07,0.10558413991765817,0.0007047855258371799,0.00047174257577729117,0.0,0.0,0.0035368902089220598,0.0,3.297598425814969e-05,0.0,0.0,0.0009087945563384439
2018-12-17 17:00:00,0.0,0.0,0.0,0.0024595442574877934,0.0,0.0,0.12722917003621118,0.038853190923708605,0.0,0.0,0.0,4.0102355025130614e-07,0.11549539211931595,0.0007214939006940636,0.0005251561221958476,0.0,0.0,0.0035394946288499576,0.0,3.300026641153045e-05,0.0,0.0,0.000813497612137188
2018-12-17 18:00:00,0.0,0.0,0.0,0.002683699078493837,0.0,0.0,0.13763614196085802,0.042594160071850344,0.0,0.0,0.0,4.375715252886026e-07,0.05639649700997603,0.0007680260555937274,0.0005265578246250314,0.0,0.0,0.003862072595303018,0.0,0.0,0.0,0.0,0.0007877578109461049
2018-12-17 19:00:00,0.0,0.0,0.0,0.002815440750956318,0.0,0.0,0.14114916409386255,0.04468508968835172,0.0,0.0,0.0,4.590517296175589e-07,0.0062846434408271225,0.0007887503446497407,0.00046531065845892907,0.0,0.0,0.004051660133993192,0.0,0.0,0.0,0.0,0.0009126204454671697
2018-12-17 20:00:00,0.0,0.0,0.0,0.003050943319392532,0.0,0.0,0.15221785437913335,0.04843319015026589,0.0,0.0,0.0,4.974499311543167e-07,0.004268069522769184,0.00081996071705145,0.00019656738237379078,0.0,0.0,0.0043905684799286915,0.0,0.0,0.0,0.0,0.0009376788973647933
2018-12-17 21:00:00,0.0,0.0,0.0,0.003260721169685153,0.0,0.0,0.1635730914439074,0.050470951314239024,0.0,0.0,0.0,5.316537711674909e-07,0.003359756333895739,0.0008485532797926441,0.00019965535110476624,0.0,0.0,0.004692456755409789,0.0,0.0,0.0,0.0,0.0007437848046536026
2018-12-17 22:00:00,0.0,0.0,0.0,0.003439880862539651,0.0,0.0,0.1499116571296034,0.049503344733253865,0.0,0.0,0.0,5.608653846083607e-07,0.0,0.0009027243303914456,0.00017028973790540386,0.0,0.0,0.004950282882601588,0.0,0.0,0.0,0.0,0.0005058939988771496
2018-12-17 23:00:00,0.0,0.0,0.0,0.0036043876722480113,0.0,0.0,0.14771223570281977,0.04350648024699303,0.0,0.0,0.0,5.876878760796653e-07,0.0,0.0008665055604555844,4.533841617886303e-05,0.0,0.0,0.005187022257223259,0.0,0.0,0.0,0.0,0.0003786339797143045
2018-12-18 00:00:00,0.0,0.0,0.0,0.0035913459085949533,0.0,0.0,0.13706997644242222,0.03877447834293041,0.0,0.0,0.0,5.855614437758896e-07,0.0,0.0008475598244234401,3.613949505636751e-05,0.0,0.0,0.005168254043453492,0.0,0.0,0.0,0.0,0.0005411043192041049
2018-12-18 01:00:00,0.0,0.0,0.0,0.003532863595246082,0.0,0.0,0.13491755671536027,0.042571347403070406,0.0,0.0,0.0,5.760260248239133e-07,0.0,0.0008147043645873363,4.2103822555950416e-05,0.0,0.0,0.005084092990709322,0.0,0.0,0.0,0.0,0.0007379996491942139
2018-12-18 02:00:00,0.0,0.0,0.0,0.00349895830873657,0.0,0.0,0.1439008617725407,0.037824415590247754,0.0,0.0,0.0,5.704978387272664e-07,0.0,0.0008013382122061144,4.423604802556141e-05,0.0,0.0,0.005035300382434564,0.0,0.0,0.0,0.0,0.0007372179926175435
2018-12-18 03:00:00,0.0,0.0,0.0,0.003361751722454,0.0,0.0,0.1512754535672309,0.036238688710040615,0.0,0.0,0.0,5.481265916226912e-07,0.0,0.0007650134368012096,5.210541582559576e-05,0.0,0.0,0.004837848365170993,0.0,0.0,0.0,0.0,0.0008112257563991262
2018-12-18 04:00:00,0.0,0.0,0.0,0.0030590056002790878,0.0,0.0,0.16070290924552527,0.03826032239036963,0.0,0.0,0.0,4.987644692011142e-07,0.0,0.000694647068209575,7.91738519026236e-05,0.0,0.0,0.004402170791945386,0.0,0.0,0.0,0.0,0.0008465083363344388
2018-12-18 05:00:00,0.0,0.0,0.0,0.002703567233272426,0.0,0.0,0.175315392337376,0.04158145419372771,0.0,0.0,0.0,4.408109863968936e-07,0.027141970511329553,0.0006861111321798856,0.00012052414441167649,0.0,0.0,0.003890664569978767,0.0,0.0,0.0,0.0,0.0006280557284768665
2018-12-18 06:00:00,0.0,0.0,0.0,0.002508201110998306,0.0,0.0,0.1668884273006477,0.03994470876604667,0.0,0.0,0.0,4.08956948513785e-07,0.06252753654409694,0.0007037063051180012,0.0003469948137594949,0.0,0.0,0.003609516004205531,0.0,5.0479659773138814e-05,0.0,0.0,0.00042307631957415006
2018-12-18 07:00:00,0.0,0.0,0.0,0.0024014511705140835,0.0,0.0,0.16032709179171656,0.03818769861955485,0.0,0.0,0.0,3.9155159384624e-07,0.07126084640048352,0.000690583222848051,0.00041900791952837276,0.0,0.0,0.0034558937061624417,0.0,0.00011277286373682541,0.0,0.0,0.00031137056409484673
2018-12-18 08:00:00,0.0,0.0,0.0,0.0024480556272310446,0.0,0.0,0.16905893652039738,0.03832338857978602,0.0,0.0,0.0,3.99150353101444e-07,0.05591665309593178,0.0007049208526475452,0.0004054798289252661,0.0,0.0,0.0035229615069259225,0.0,0.0002463459062881033,0.0,0.0,0.00021454785640170724
2018-12-18 09:00:00,0.0,0.0,0.0,0.002413192579187081,0.0,0.0,0.17173661866452714,0.03766316833209427,0.0,0.0,0.0,3.934660059885148e-07,0.0652286981433411,0.00068053480658504,0.0003949205842308645,0.0,0.0,0.0034727905978555623,0.0,0.0004209186198011172,0.0,0.0,0.00014775500291364972
2018-12-18 10:00:00,0.0,0.0,0.0,0.002566351770590006,0.0,0.0,0.18227857346441154,0.04043609205706537,0.0,0.0,0.0,4.1843829201387634e-07,0.05813752680276665,0.0007230000585700402,0.00022728224380487514,0.0,0.0,0.003693199778816335,0.0,0.0006714498800370018,0.0,0.0,0.00011553870361080187
2018-12-18 11:00:00,0.0,0.0,0.0,0.0026224958192623384,0.0,0.0,0.18616414470059567,0.041578355096990045,0.0,0.0,0.0,4.275924617977769e-07,0.05600965908450603,0.0007183624917759797,0.00014665467517530173,0.0,0.0,0.0037739958686255036,0.0,0.0008004957117170564,0.0,0.0,8.658198451724705e-05
2018-12-18 12:00:00,0.0,0.0,0.0,0.0026666753970925696,0.0,0.0,0.18728325320821776,0.042585953256448685,0.0,0.0,0.0,4.347958496189741e-07,0.05220141726515552,0.0007226504567208625,0.00013280849073954716,0.0,0.0,0.003837574061194677,0.0,0.000813981171765766,0.0,0.0,8.163762694809467e-05
2018-12-18 13:00:00,0.0,0.0,0.0,0.0026804350870462605,0.0,0.0,0.1878924491227177,0.04287833713148245,0.0,0.0,0.0,4.3703933830546044e-07,0.05458832984021985,0.000726075674976118,0.00013897980462322253,0.0,0.0,0.0038573754323379117,0.0,0.0005574421405029671,0.0,0.0,6.757788983832814e-05
2018-12-18 14:00:00,0.0,0.0,0.0,0.0026338560234670403,0.0,0.0,0.18668442145255437,0.041874460081572036,0.0,0.0,0.0,4.2944471934828854e-07,0.05962877083960838,0.0007114823465398367,0.00019670481493771886,0.0,0.0,0.003790344174472316,0.0,0.0002385385682107779,0.0,0.0,5.059318859277296e-05
2018-12-18 15:00:00,0.0,0.0,0.0,0.002539717252090928,0.0,0.0,0.18063151887061568,0.03989597865183587,0.0,0.0,0.0,4.1409558944399283e-07,0.07625911129127222,0.0007229383852497275,0.00022346148897917382,0.0,0.0,0.0036548704278064922,0.0,6.81519315408185e-05,0.0,0.0,5.030942467482922e-05
2018-12-18 16:00:00,0.0,0.0,0.0,0.0024499487399488643,0.0,0.0,0.17541206672946597,0.03896720360657154,0.0,0.0,0.0,3.99459021173106e-07,0.06848354080590556,0.0006916979278405959,0.00026440032611340476,0.0,0.0,0.003525685858104452,0.0,3.287152116363457e-05,0.0,0.0,5.441376337729784e-05
2018-12-18 17:00:00,0.0,0.0,0.0,0.002405345527501324,0.0,0.0,0.17308142213231117,0.03828222038245979,0.0,0.0,0.0,3.921865606130362e-07,0.05345714395601261,0.0006693330182009653,0.00033856014886079973,0.0,0.0,0.0034614980190741523,0.0,3.227306968665958e-05,0.0,0.0,8.230048017888645e-05
2018-12-18 18:00:00,0.0,0.0,0.0,0.002520058039931224,0.0,0.0,0.1656833539310755,0.04012500019648064,0.0,0.0,0.0,4.1089019599297976e-07,0.053704745388532656,0.0006718596373099805,0.0003388568115332728,0.0,0.0,0.0036265791394367642,0.0,0.0,0.0,0.0,0.0001255563486940453
2018-12-18 19:00:00,0.0,0.0,0.0,0.0026913509271478874,0.0,0.0,0.1821090075442788,0.04292530787177156,0.0,0.0,0.0,4.388191432177742e-07,0.03410516395151346,0.0006956592093953078,0.00029911685205772113,0.0,0.0,0.0038730842602199347,0.0,0.0,0.0,0.0,0.0002229458834101103
2018-12-18 20:00:00,0.0,0.0,0.0,0.002972282217260181,0.0,0.0,0.17742919632473098,0.04750667278292083,0.0,0.0,0.0,4.846244028688382e-07,0.016555905671971564,0.0007672223522126927,0.00013896694758273778,0.0,0.0,0.004277368423597422,0.0,0.0,0.0,0.0,0.00031223251966494965
2018-12-18 21:00:00,0.0,0.0,0.0,0.0031155887591611544,0.0,0.0,0.1554559343409687,0.04967051959788986,0.0,0.0,0.0,5.079902349868851e-07,0.017783497697270938,0.0007690635883667628,0.00010494942237656913,0.0,0.0,0.004483598798917299,0.0,0.0,0.0,0.0,0.0005367500170395646
2018-12-18 22:00:00,0.0,0.0,0.0,0.0032557169404134325,0.0,0.0,0.15515995388456427,0.05193761114310678,0.0,0.0,0.0,5.308378420445621e-07,0.0,0.0007992751521616034,6.691238615627071e-05,0.0,0.0,0.004685255241318362,0.0,0.0,0.0,0.0,0.000924395498459806
2018-12-18 23:00:00,0.0,0.0,0.0,0.003333754661252306,0.0,0.0,0.13197779738123705,0.05129142627798999,0.0,0.0,0.0,5.509071580876305e-07,0.0012669578148312168,0.0007980698066907104,5.200956198318923e-05,0.0,0.0,0.004862390066179938,0.0,0.0,0.0,0.0,0.0013507887987861695
2018-12-19 00:00:00,0.0,0.0,0.0,0.0033533007160088594,0.0,0.0,0.12796695666423163,0.043732193251228214,0.0,0.0,0.0,5.617280883761091e-07,0.0,0.0008012608153055129,4.1352537176597244e-05,0.0,0.0,0.004957897236796796,0.0,0.0,0.0,0.0,0.0015820579301286618
2018-12-19 01:00:00,0.0,0.0,0.0,0.003251024646980994,0.0,0.0,0.1193944375811626,0.036039167340475374,0.0,0.0,0.0,5.445953151454321e-07,0.0,0.0007536547116598695,4.436388226393093e-05,0.0,0.0,0.004806680783824686,0.0,0.0,0.0,0.0,0.0019869290602435815
2018-12-19 02:00:00,0.0,0.0,0.0,0.003067562265478038,0.0,0.0,0.1061188036973259,0.03375983527010766,0.0,0.0,0.0,5.138626187431713e-07,0.0,0.0006893087826567442,1.9955888103006647e-05,0.0,0.0,0.004535429347898514,0.0,0.0,0.0,0.0,0.0024215408605143046
2018-12-19 03:00:00,0.0,0.0,0.0,0.0030119274555945492,0.0,0.0,0.11147220922609145,0.03279560755934877,0.0,0.0,0.0,5.080225614961013e-07,0.0,0.0006842975425224606,2.51761796584473e-05,0.0,0.0,0.0044838841175866605,0.0,0.0,0.0,0.0,0.002508110024192844
2018-12-19 04:00:00,0.0,0.0,0.0,0.002994322747426395,0.0,0.0,0.1210469560091109,0.03235975789944772,0.0,0.0,0.0,5.015939026473174e-07,0.0,0.0006569999331726968,6.309499474942061e-05,0.0,0.0,0.004427143800336663,0.0,0.0,0.0,0.0,0.0030100565804470586
2018-12-19 05:00:00,0.0,0.0,0.0,0.0026482580337978934,0.0,0.0,0.13051543637128946,0.0376712471953574,0.0,0.0,0.0,4.4362288050996065e-07,0.021128332089747168,0.0006324849163720798,7.807762939026662e-05,0.0,0.0,0.0039154827735577305,0.0,0.0,0.0,0.0,0.003018218734415313
2018-12-19 06:00:00,0.0,0.0,0.0,0.002366158518120803,0.0,0.0,0.1484354868401582,0.03654905663924772,0.0,0.0,0.0,3.9636698696107447e-07,0.04207550339515334,0.0006185181085070284,0.00014371924514253317,0.0,0.0,0.0034983950955573464,0.0,5.707988540060767e-05,0.0,0.0,0.0028893321613324137
2018-12-19 07:00:00,0.0,0.0,0.0,0.0022910510367230796,0.0,0.0,0.15182989005900865,0.03575571043794265,0.0,0.0,0.0,3.837853590304598e-07,0.053798131107395876,0.0006182101929540676,0.00010257390348880638,0.0,0.0,0.0033873477407207224,0.0,0.00012632693601074906,0.0,0.0,0.0031310713557131283
2018-12-19 08:00:00,0.0,0.0,0.0,0.0022382021709058857,0.0,0.0,0.14714256000701617,0.035731999265075,0.0,0.0,0.0,3.801397767528083e-07,0.059070484953073696,0.0006139219262115292,0.00010174867284103141,0.0,0.0,0.003355171279057331,0.0,0.0002502539094993517,0.0,0.0,0.003260874184029916
2018-12-19 09:00:00,0.0,0.0,0.0,0.0022776543146567655,0.0,0.0,0.14517627056274787,0.03640279679287545,0.0,0.0,0.0,3.8154120745738725e-07,0.05778458219611772,0.0006106203012905098,0.00018464100006124028,0.0,0.0,0.003367540518840018,0.0,0.00039246328193133896,0.0,0.0,0.003300989312368252
2018-12-19 10:00:00,0.0,0.0,0.0,0.0022988888138720243,0.0,0.0,0.14222075797715017,0.03679018503603275,0.0,0.0,0.0,3.850983040800869e-07,0.049224717974742815,0.000605881819461779,0.00020615175653643998,0.0,0.0,0.003398935992702976,0.0,0.0006417179716290448,0.0,0.0,0.003442350551798448
2018-12-19 11:00:00,0.0,0.0,0.0,0.002330966817974286,0.0,0.0,0.14120088751821558,0.03766051545854018,0.0,0.0,0.0,3.9047185016179077e-07,0.044665612779662384,0.0006177261142262812,0.0001424496987764676,0.0,0.0,0.0034463637247704564,0.0,0.0006908372689822025,0.0,0.0,0.0035536365073272776
2018-12-19 12:00:00,0.0,0.0,0.0,0.0023743049561151634,0.0,0.0,0.12467965267376159,0.038691268591223835,0.0,0.0,0.0,3.977316373247595e-07,0.04698926105195554,0.0006349085902899781,0.00021821933380168293,0.0,0.0,0.0035104397064773135,0.0,0.0006545874916216855,0.0,0.0,0.00349670719112336
2018-12-19 13:00:00,0.0,0.0,0.0,0.0024600852862255527,0.0,0.0,0.11139245357163616,0.040217566131063844,0.0,0.0,0.0,4.1210112724946005e-07,0.04296405091289622,0.0006589918698656162,0.00017927685338451515,0.0,0.0,0.0036372670022207154,0.0,0.00038998617477906794,0.0,0.0,0.0034804229377737536
2018-12-19 14:00:00,0.0,0.0,0.0,0.0025032028542594483,0.0,0.0,0.11125189081834237,0.04080047709280373,0.0,0.0,0.0,4.1932396561629e-07,0.03756008870328551,0.0006745464668672451,0.00016109017727597696,0.0,0.0,0.003701016868253334,0.0,0.00015527794206181712,0.0,0.0,0.003496654294810397
2018-12-19 15:00:00,0.0,0.0,0.0,0.0024113981109749427,0.0,0.0,0.10778624187939206,0.03931251665333742,0.0,0.0,0.0,4.0394529626436766e-07,0.05516314207654421,0.0006837901378893602,0.00018692643021107476,0.0,0.0,0.0035652824019461117,0.0,4.986104575674597e-05,0.0,0.0,0.0033728762843760066
2018-12-19 16:00:00,0.0,0.0,0.0,0.002369026740430859,0.0,0.0,0.10585736414452525,0.03900103687457043,0.0,0.0,0.0,3.9684745715200424e-07,0.07209986206108694,0.0006750481504198207,0.00029494788850887053,0.0,0.0,0.0035026357982768062,0.0,3.265661530986833e-05,0.0,0.0,0.003347214137858702
2018-12-19 17:00:00,0.0,0.0,0.0,0.0023426442271030096,0.0,0.0,0.10549749086990177,0.03864824071851954,0.0,0.0,0.0,3.924279910696874e-07,0.06899827078694981,0.0006777514742481321,0.00035493216826344275,0.0,0.0,0.0034636289208728674,0.0,3.22929370220925e-05,0.0,0.0,0.0033287199437006206
2018-12-19 18:00:00,0.0,0.0,0.0,0.0024227740521232397,0.0,0.0,0.1040290651217238,0.03851980208238265,0.0,0.0,0.0,4.0585093677081105e-07,0.061119283893778915,0.0006627741307396637,0.00020006702058203026,0.0,0.0,0.003582101873852059,0.0,0.0,0.0,0.0,0.0034575200999144577
2018-12-19 19:00:00,0.0,0.0,0.0,0.0025563911038851204,0.0,0.0,0.10972862267435007,0.04068867401018786,0.0,0.0,0.0,4.282337939665074e-07,0.022146223545606438,0.0006410678209263274,0.0001356196663470701,0.0,0.0,0.003779656363539351,0.0,0.0,0.0,0.0,0.0036119425326808464
2018-12-19 20:00:00,0.0,0.0,0.0,0.0027692244302271133,0.0,0.0,0.11298536431795325,0.04391237486443518,0.0,0.0,0.0,4.638865634834362e-07,0.0015911280364659223,0.0006758739345335305,6.999793200895783e-05,0.0,0.0,0.004094333110403007,0.0,0.0,0.0,0.0,0.0038716680948292824
2018-12-19 21:00:00,0.0,0.0,0.0,0.0028146275996348193,0.0,0.0,0.11211700267064958,0.04377026179524154,0.0,0.0,0.0,4.714922743091455e-07,0.004842378809557602,0.000654576482655924,6.615183824216102e-05,0.0,0.0,0.004161462266781266,0.0,0.0,0.0,0.0,0.004155598044094475
2018-12-19 22:00:00,0.0,0.0,0.0,0.003088099482250892,0.0,0.0,0.11895860785379554,0.043379795101808574,0.0,0.0,0.0,5.173029101143884e-07,0.0032233100250373442,0.0007143582974300296,2.3200998817473227e-05,0.0,0.0,0.00456579388091028,0.0,0.0,0.0,0.0,0.004336534025763371
2018-12-19 23:00:00,0.0,0.0,0.0,0.0033270939184315887,0.0,0.0,0.12121467118011763,0.03649434862060087,0.0,0.0,0.0,5.353378708406009e-07,0.0,0.0006883244974157662,6.38396346333173e-05,0.0,0.0,0.004724973177442732,0.0,0.0,0.0,0.0,0.004002881161699078
2018-12-20 00:00:00,0.0,0.0,0.0,0.003331000190293385,0.0,0.0,0.11738811979733657,0.035568363069512464,0.0,0.0,0.0,5.359663999151286e-07,0.0,0.0006769879148584076,3.609212020168317e-05,0.0,0.0,0.004730520670306861,0.0,0.0,0.0,0.0,0.0039128669857262325
2018-12-20 01:00:00,0.0,0.0,0.0,0.0033260507083929603,0.0,0.0,0.11340547902678669,0.035270886791570435,0.0,0.0,0.0,5.351700156929524e-07,0.0,0.0006724508551653272,3.4079117715980955e-05,0.0,0.0,0.004723491662471468,0.0,0.0,0.0,0.0,0.0036509173247801455
2018-12-20 02:00:00,0.0,0.0,0.0,0.0033969746564679786,0.0,0.0,0.11510904571065705,0.03637504559666929,0.0,0.0,0.0,5.465818592672354e-07,0.0,0.0006847020921547216,6.711018169546403e-05,0.0,0.0,0.0048242143233005845,0.0,0.0,0.0,0.0,0.0034711958603467147
2018-12-20 03:00:00,0.0,0.0,0.0,0.003332981295950877,0.0,0.0,0.12667612443938733,0.03609791980139328,0.0,0.0,0.0,5.434356337172166e-07,0.0,0.0006812797901123406,7.425607750340672e-05,0.0,0.0,0.004796445259791812,0.0,0.0,0.0,0.0,0.002792983285397579
2018-12-20 04:00:00,0.0,0.0,0.0,0.0032977513780492376,0.0,0.0,0.15492566826944684,0.03910142646363662,0.0,0.0,0.0,5.376914692408237e-07,0.0034137643833302084,0.0006667029251958424,7.508825522176693e-05,0.0,0.0,0.004745746393606316,0.0,0.0,0.0,0.0,0.00205675944314006
2018-12-20 05:00:00,0.0,0.0,0.0,0.002914845527740082,0.0,0.0,0.17057082703171106,0.043596627868980685,0.0,0.0,0.0,4.752594706965834e-07,0.015147661842704274,0.0006652942601329977,7.836343943600009e-05,0.0,0.0,0.004194712113008011,0.0,0.0,0.0,0.0,0.0013770202234550334
2018-12-20 06:00:00,0.0,0.0,0.0,0.002547454387095245,0.0,0.0,0.1802997668666545,0.03877458932686047,0.0,0.0,0.0,4.1674626735883967e-07,0.04244486204246072,0.0006295513614998262,0.00023889654001826675,0.0,0.0,0.0036782657127879654,0.0,4.286761288780388e-05,0.0,0.0,0.0010264378129525083
2018-12-20 07:00:00,0.0,0.0,0.0,0.002463824767899678,0.0,0.0,0.18219342673672895,0.03801710733272372,0.0,0.0,0.0,4.0715014715559513e-07,0.04660943299685895,0.0006523826046872641,0.0002482490538101363,0.0,0.0,0.0035935689016009477,0.0,7.538495548134107e-05,0.0,0.0,0.0009308527849912117
2018-12-20 08:00:00,0.0,0.0,0.0,0.0024222696209929913,0.0,0.0,0.18056988421496692,0.03737590650514808,0.0,0.0,0.0,4.002831067724622e-07,0.03516215591143069,0.0006449241563125114,0.00028441632280521947,0.0,0.0,0.003532959362492925,0.0,0.00013999217479822835,0.0,0.0,0.0007943114688043757
2018-12-20 09:00:00,0.0,0.0,0.0,0.002417282737984144,0.0,0.0,0.18201613267001654,0.038851007677255425,0.0,0.0,0.0,3.994590180720996e-07,0.047656598284454676,0.0006555957308049282,0.0002158764284306609,0.0,0.0,0.003525685830734499,0.0,0.0002301006463591672,0.0,0.0,0.0006956137804772878
2018-12-20 10:00:00,0.0,0.0,0.0,0.0023985144268402693,0.0,0.0,0.18447581544896655,0.03896070099559557,0.0,0.0,0.0,4.004157992442978e-07,0.036496078087754576,0.0006564360295990665,0.00026838447378296825,0.0,0.0,0.0035341305263586293,0.0,0.00034597767249019355,0.0,0.0,0.000656003297297135
2018-12-20 11:00:00,0.0,0.0,0.0,0.002408048145766643,0.0,0.0,0.18234842791027978,0.039107213042583217,0.0,0.0,0.0,4.020073892889336e-07,0.03470122463336497,0.0006613138581849469,0.00024937122592981204,0.0,0.0,0.0035481781412949327,0.0,0.0003969747194435378,0.0,0.0,0.0006497306618678897
2018-12-20 12:00:00,0.0,0.0,0.0,0.002441884941776611,0.0,0.0,0.1814030364369758,0.03929672445340729,0.0,0.0,0.0,4.035245632459936e-07,0.036347147588549365,0.0006512327154943767,0.00022245295866367583,0.0,0.0,0.003561568948564679,0.0,0.00043167897513949434,0.0,0.0,0.0006328698136798211
2018-12-20 13:00:00,0.0,0.0,0.0,0.0024516772883630446,0.0,0.0,0.17432205850925936,0.039395384813540456,0.0,0.0,0.0,4.0514276085712624e-07,0.03804579501782668,0.0006519097076336342,0.0001979167540370215,0.0,0.0,0.003575851405915208,0.0,0.0003167227481498105,0.0,0.0,0.0005697787555733295
2018-12-20 14:00:00,0.0,0.0,0.0,0.002449587471591985,0.0,0.0,0.17734405253173582,0.03939544869519754,0.0,0.0,0.0,4.0479741600267453e-07,0.045325618239431625,0.0006416894904303304,0.00016890097078242535,0.0,0.0,0.0035728033398934817,0.0,0.0001498986818376944,0.0,0.0,0.000478385018120555
2018-12-20 15:00:00,0.0,0.0,0.0,0.0024249440869620735,0.0,0.0,0.1759226677426281,0.03916563992172865,0.0,0.0,0.0,4.0072506564350767e-07,0.054349241087728886,0.0006749295440437735,0.00018989008640272974,0.0,0.0,0.003536860158466771,0.0,4.946355612679149e-05,0.0,0.0,0.0005812695015775141
2018-12-20 16:00:00,0.0,0.0,0.0,0.0024184146902526166,0.0,0.0,0.1758207960430685,0.039060182644670746,0.0,0.0,0.0,3.996460746106515e-07,0.04722722382467762,0.000686470386005394,0.0002359918976035989,0.0,0.0,0.00352733682009181,0.0,3.288691380895011e-05,0.0,0.0,0.0006709268933774965
2018-12-20 17:00:00,0.0,0.0,0.0,0.0024990925918085207,0.0,0.0,0.1793305758314448,0.038961666098671216,0.0,0.0,0.0,4.1158770050352553e-07,0.04061289890519224,0.0007042667479917211,0.00018771823017806082,0.0,0.0,0.003632735419952281,0.0,3.386959134897167e-05,0.0,0.0,0.0006167250709791728
2018-12-20 18:00:00,0.0,0.0,0.0,0.002660129987277465,0.0,0.0,0.1665985590187371,0.04049883846533208,0.0,0.0,0.0,4.337286342298173e-07,0.04230315416302938,0.0007338301937665773,0.0001598750755983408,0.0,0.0,0.003828154656435582,0.0,0.0,0.0,0.0,0.0005285436927281554
2018-12-20 19:00:00,0.0,0.0,0.0,0.0027990594707792945,0.0,0.0,0.17747404336988334,0.04268033220327233,0.0,0.0,0.0,4.563807961247981e-07,0.02341795264995037,0.0007219544431350222,0.00011165258052565287,0.0,0.0,0.004028086070211358,0.0,0.0,0.0,0.0,0.0004922999460054271
2018-12-20 20:00:00,0.0,0.0,0.0,0.0029105614498767586,0.0,0.0,0.1827240902141413,0.04452842748636768,0.0,0.0,0.0,4.7456096075553525e-07,0.019276371610890103,0.0007277239866737595,8.637714315066752e-05,0.0,0.0,0.0041885469584105085,0.0,0.0,0.0,0.0,0.0004385312392404531
2018-12-20 21:00:00,0.0,0.0,0.0,0.0029193249871693593,0.0,0.0,0.1825501596748614,0.045166882325051054,0.0,0.0,0.0,4.759898371935743e-07,0.021364689845713103,0.0006794992010737685,0.00011296448098965469,0.0,0.0,0.004201158438396062,0.0,0.0,0.0,0.0,0.00048015676185219166
2018-12-20 22:00:00,0.0,0.0,0.0,0.0031141795214606176,0.0,0.0,0.17880395912467018,0.03870690130255922,0.0,0.0,0.0,5.14622089586551e-07,0.0,0.0007110137259862963,7.812467786577893e-05,0.0,0.0,0.004542132552658499,0.0,0.0,0.0,0.0,0.0004755508382476432
2018-12-20 23:00:00,0.0,0.0,0.0,0.0033851658019797715,0.0,0.0,0.17214795027460733,0.038052813318710924,0.0,0.0,0.0,5.575194023730596e-07,0.005895764668324812,0.0007108430197377766,7.676371271573746e-05,0.0,0.0,0.004920750736315779,0.0,0.0,0.0,0.0,0.000568557720464671
2018-12-21 00:00:00,0.0,0.0,0.0,0.003484966101903379,0.0,0.0,0.16675146526706097,0.03911556976217733,0.0,0.0,0.0,5.758950391718751e-07,0.0030903230941875305,0.0007303723317054213,5.391678058595984e-05,0.0,0.0,0.005082936891493815,0.0,0.0,0.0,0.0,0.0005639749056788722
2018-12-21 01:00:00,0.0,0.0,0.0,0.003489547576170046,0.0,0.0,0.1652452218959362,0.03937067684287997,0.0,0.0,0.0,5.766521335668039e-07,0.0,0.0007356379855396566,9.772069046495947e-05,0.0,0.0,0.0050896191213596256,0.0,0.0,0.0,0.0,0.0004649356245769829
2018-12-21 02:00:00,0.0,0.0,0.0,0.003505729705368186,0.0,0.0,0.16435088742049908,0.03974584216889488,0.0,0.0,0.0,5.793262508052347e-07,0.0,0.000741715021081256,0.00011430889640685664,0.0,0.0,0.005113221285363235,0.0,0.0,0.0,0.0,0.00046069316111381926
2018-12-21 03:00:00,0.0,0.0,0.0,0.003456503972650686,0.0,0.0,0.16411850485586363,0.03896225792516932,0.0,0.0,0.0,5.71191636452422e-07,0.0,0.0007290686840907387,4.8173605973236434e-05,0.0,0.0,0.005041423946300471,0.0,0.0,0.0,0.0,0.00043529832034522455
2018-12-21 04:00:00,0.0,0.0,0.0,0.003299209186913249,0.0,0.0,0.1623254097189617,0.03775559690584751,0.0,0.0,0.0,5.451984749280336e-07,0.007335436300469452,0.0006983997040561844,8.761411840461832e-05,0.0,0.0,0.004812004363473607,0.0,0.0,0.0,0.0,0.00041147485375119143
2018-12-21 05:00:00,0.0,0.0,0.0,0.0030046387958446046,0.0,0.0,0.15448030110493235,0.04474225771056138,0.0,0.0,0.0,4.965203466642612e-07,0.019016708891923282,0.0007137216756337381,0.0002499570446312819,0.0,0.0,0.0043823638263427575,0.0,0.0,0.0,0.0,0.00037839222272678473
2018-12-21 06:00:00,0.0,0.0,0.0,0.002736511710423922,0.0,0.0,0.15022912667571167,0.043192467615750546,0.0,0.0,0.0,4.522120079756727e-07,0.036377149351171166,0.0007254888832336875,0.00042307691622223506,0.0,0.0,0.003991291714235515,0.0,7.442513901409823e-05,0.0,0.0,0.0003412956536074031
2018-12-21 07:00:00,0.0,0.0,0.0,0.0026113543491159442,0.0,0.0,0.16396354098340643,0.04130667345962984,0.0,0.0,0.0,4.315295963293327e-07,0.048183131996733186,0.0007355044795553184,0.00034137645436880593,0.0,0.0,0.0038087456146660265,0.0,0.00015092010044352155,0.0,0.0,0.0003622265172349672
2018-12-21 08:00:00,0.0,0.0,0.0,0.0026519905762923874,0.0,0.0,0.16760596589655347,0.04211336104522884,0.0,0.0,0.0,4.3824478406926324e-07,0.04415636081556822,0.0007486620708989835,0.00033872347719822557,0.0,0.0,0.003868014879332175,0.0,0.00029752144382583755,0.0,0.0,0.00037270356074091887
2018-12-21 09:00:00,0.0,0.0,0.0,0.0026890099082623503,0.0,0.0,0.15754884114428977,0.04268275803538574,0.0,0.0,0.0,4.4436227531926835e-07,0.04302585204319359,0.0007210741292552312,0.0004213690046356932,0.0,0.0,0.003922008784198513,0.0,0.0004845076388641983,0.0,0.0,0.0003353712650676034
2018-12-21 10:00:00,0.0,0.0,0.0,0.002791163144390762,0.0,0.0,0.15511401657102294,0.0443904935907493,0.0,0.0,0.0,4.6124322629597223e-07,0.028953082960999688,0.0007561556579950649,0.0003865341691874786,0.0,0.0,0.004071002615793889,0.0,0.0007211592372470535,0.0,0.0,0.0003701871173298775
2018-12-21 11:00:00,0.0,0.0,0.0,0.0028462164976154995,0.0,0.0,0.15775367845078764,0.0450706095657105,0.0,0.0,0.0,4.703408622800315e-07,0.024226726668248103,0.0007512247854900735,0.00023499431577656308,0.0,0.0,0.004151299729718072,0.0,0.0007547356959958964,0.0,0.0,0.0004900427323601668
2018-12-21 12:00:00,0.0,0.0,0.0,0.0028897259364642296,0.0,0.0,0.15926094974018537,0.0457142911234025,0.0,0.0,0.0,4.7592300388277824e-07,0.01898556958303779,0.0007454310833277273,0.00023604082694932916,0.0,0.0,0.004200568557466518,0.0,0.00060703811933193,0.0,0.0,0.000625517867218214
2018-12-21 13:00:00,0.0,0.0,0.0,0.002827444832323655,0.0,0.0,0.1526473182690296,0.04382196874174749,0.0,0.0,0.0,4.6100896999360796e-07,0.03494625078241577,0.0007148671502503844,0.00027252822665564045,0.0,0.0,0.004068935034168138,0.0,0.0003414282511968332,0.0,0.0,0.0007960072523206983
2018-12-21 14:00:00,0.0,0.0,0.0,0.0027991191442372746,0.0,0.0,0.15068775309778176,0.043496747414751666,0.0,0.0,0.0,4.563905257573926e-07,0.03413864011245692,0.0007077847986444646,0.0002863284185447862,0.0,0.0,0.004028171945423141,0.0,0.00013144747047620986,0.0,0.0,0.0009997430465337714
2018-12-21 15:00:00,0.0,0.0,0.0,0.0027314462392063026,0.0,0.0,0.14726860254725277,0.04183442617813211,0.0,0.0,0.0,4.4535660004179707e-07,0.03509910225949802,0.0007461959798315172,0.00031894679697897036,0.0,0.0,0.003930784844887511,0.0,4.5810546663352874e-05,0.0,0.0,0.0009624558137469585
2018-12-21 16:00:00,0.0,0.0,0.0,0.002693624149563679,0.0,0.0,0.14511895529136673,0.04097226608093667,0.0,0.0,0.0,4.3918978738118635e-07,0.04438969899256245,0.0007475311246541853,0.00022902082290335237,0.0,0.0,0.003876355621776606,0.0,3.6140969725394225e-05,0.0,0.0,0.000994402379182435
2018-12-21 17:00:00,0.0,0.0,0.0,0.002780107118409684,0.0,0.0,0.1508382228708326,0.0423536726348448,0.0,0.0,0.0,4.5329065468508363e-07,0.032164873821791166,0.0007786548004005484,0.00017473175073534915,0.0,0.0,0.004000812013559566,0.0,3.730133144821734e-05,0.0,0.0,0.0009862773339200494
2018-12-21 18:00:00,0.0,0.0,0.0,0.0029187529250432453,0.0,0.0,0.15240145531118637,0.04021408253856403,0.0,0.0,0.0,4.7589656365963394e-07,0.01991526559032857,0.0008020344833260952,0.0002060342206946242,0.0,0.0,0.004200335192050083,0.0,0.0,0.0,0.0,0.0010442239137993838
2018-12-21 19:00:00,0.0,0.0,0.0,0.003066033307918093,0.0,0.0,0.15976482132492834,0.03032957790832356,0.0,0.0,0.0,4.999103222423604e-07,0.010700840105289856,0.0008077842212861718,0.0001868847448802585,0.0,0.0,0.004412284264539207,0.0,0.0,0.0,0.0,0.0011594912079261881
2018-12-21 20:00:00,0.0,0.0,0.0,0.003259470459817357,0.0,0.0,0.16230767492154138,0.029604008463314877,0.0,0.0,0.0,5.314498455377767e-07,0.0037763174012247235,0.0008426910665763989,0.0001501010181141118,0.0,0.0,0.004690656876897402,0.0,0.0,0.0,0.0,0.001215034729222228
2018-12-21 21:00:00,0.0,0.0,0.0,0.0034153014734998742,0.0,0.0,0.16053909175357578,0.017725334863328876,0.0,0.0,0.0,5.568577666011908e-07,0.0,0.0008500074758990792,0.00017315049553337912,0.0,0.0,0.004914911038723662,0.0,0.0,0.0,0.0,0.001162417517983997
2018-12-21 22:00:00,0.0,0.0,0.0,0.0036452089753021663,0.0,0.0,0.15304654351093486,0.018918549426862236,0.0,0.0,0.0,5.943437042180793e-07,0.0,0.000897217035344534,0.00021604790745060777,0.0,0.0,0.0052457676050505905,0.0,0.0,0.0,0.0,0.0009955976652492498
2018-12-21 23:00:00,0.0,0.0,0.0,0.00344647025248587,0.0,0.0,0.11947042153519677,0.0175941333877778,0.0,0.0,0.0,5.54545826512469e-07,0.0,0.0007928454037687474,0.00017228659597200806,0.0,0.0,0.004894505505130621,0.0,0.0,0.0,0.0,0.0009697635510472709
2018-12-22 00:00:00,0.0,0.0,0.0,0.003605311748489566,0.0,0.0,0.10214152821441418,0.01847733380890239,0.0,0.0,0.0,5.801038270848842e-07,0.0,0.0008357823353282509,0.00019001201457396956,0.0,0.0,0.00512008429144758,0.0,0.0,0.0,0.0,0.001234435421834148
2018-12-22 01:00:00,0.0,0.0,0.0,0.003582232934458361,0.0,0.0,0.09756731366630106,0.018371028978810783,0.0,0.0,0.0,5.763903872277925e-07,0.0,0.0008382386121365703,0.00015586007172743938,0.0,0.0,0.005087308908504367,0.0,0.0,0.0,0.0,0.0012859502273838163
2018-12-22 02:00:00,0.0,0.0,0.0,0.003605569269682315,0.0,0.0,0.0826964238824194,0.01847865361295076,0.0,0.0,0.0,5.801452628995629e-07,0.0,0.0008430948471115096,0.00016613015373289844,0.0,0.0,0.00512045001022745,0.0,0.0,0.0,0.0,0.0014630599703563533
2018-12-22 03:00:00,0.0,0.0,0.0,0.0036458286686590403,0.0,0.0,0.07619299081878174,0.01867279502063279,0.0,0.0,0.0,5.866231025572069e-07,0.0,0.0008822006735500838,0.00012894202707448501,0.0,0.0,0.005177624404749703,0.0,0.0,0.0,0.0,0.0014340425843193166
2018-12-22 04:00:00,0.0,0.0,0.0,0.0035460274791979576,0.0,0.0,0.07844693216175204,0.01824537154573079,0.0,0.0,0.0,5.724478896902532e-07,0.0,0.0008674433798239132,0.00019888184250404486,0.0,0.0,0.005052511827760281,0.0,0.0,0.0,0.0,0.0012729393253089795
2018-12-22 05:00:00,0.0,0.0,0.0,0.0034738844507024177,0.0,0.0,0.0937027295224855,0.017768923476956702,0.0,0.0,0.0,5.589568407079945e-07,0.0,0.000925517645050755,0.00017840773004268332,0.0,0.0,0.004933437784900872,0.0,0.0,0.0,0.0,0.0012943857621351585
2018-12-22 06:00:00,0.0,0.0,0.0,0.0034696894439117587,0.0,0.0,0.09732360948854164,0.017724267063791408,0.0,0.0,0.0,5.582818534492844e-07,0.0,0.0009838713966421333,0.0002564479596283762,0.0,0.0,0.004927480245062504,0.0,9.188213452803015e-05,0.0,0.0,0.0013277638363701889
2018-12-22 07:00:00,0.0,0.0,0.0,0.0033985991886072925,0.0,0.0,0.09684893812281208,0.017406562889718674,0.0,0.0,0.0,5.468432506189356e-07,0.009114998652783009,0.0009975158375071969,0.0002579150083550229,0.0,0.0,0.004826521402984037,0.0,0.00019124908004522365,0.0,0.0,0.0015300698401690062
2018-12-22 08:00:00,0.0,0.0,0.0,0.0032395168915946696,0.0,0.0,0.09484401742344861,0.015805545939610696,0.0,0.0,0.0,5.264416524378304e-07,0.008247198224256349,0.0010059137284062897,0.00022550789264277776,0.0,0.0,0.004646453805615442,0.0,0.00040071864013874783,0.0,0.0,0.001569893056803904
2018-12-22 09:00:00,0.0,0.0,0.0,0.0032020264086398058,0.0,0.0,0.0923484176908132,0.01636766376887208,0.0,0.0,0.0,5.152141905223636e-07,0.00586866228281664,0.001002128842514843,0.0001940206278944721,0.0,0.0,0.004547358525249715,0.0,0.0006783524024196333,0.0,0.0,0.0020125098114966815
2018-12-22 10:00:00,0.0,0.0,0.0,0.003105279444057721,0.0,0.0,0.08882950000940064,0.015925033267752995,0.0,0.0,0.0,4.996473579352993e-07,0.008460904038706255,0.0009793547168819917,0.000274659060098109,0.0,0.0,0.004409963301713361,0.0,0.0009662266816093789,0.0,0.0,0.0020547149202135954
2018-12-22 11:00:00,0.0,0.0,0.0,0.003145516311438528,0.0,0.0,0.08970690584169753,0.016120868025392417,0.0,0.0,0.0,5.061215722018719e-07,0.007610517138257654,0.0010060618571612553,0.00028344611720063984,0.0,0.0,0.0044671056979845945,0.0,0.0010620442142982736,0.0,0.0,0.002517358124957
2018-12-22 12:00:00,0.0,0.0,0.0,0.003121514930255249,0.0,0.0,0.08981172871922391,0.015935245637253886,0.0,0.0,0.0,5.02259688944321e-07,0.003228300629704226,0.0010549847518666437,0.00019965008924076043,0.0,0.0,0.004433020131092623,0.0,0.0009402802039069107,0.0,0.0,0.0029234454830792136
2018-12-22 13:00:00,0.0,0.0,0.0,0.0029827598856810127,0.0,0.0,0.08444980175554924,0.015306679580178064,0.0,0.0,0.0,4.799336494780889e-07,0.0,0.0010553397757140153,0.0001834958140643866,0.0,0.0,0.004235967123296199,0.0,0.0005924067906751352,0.0,0.0,0.0036857876528640534
2018-12-22 14:00:00,0.0,0.0,0.0,0.002947480656765394,0.0,0.0,0.08278315817854208,0.015125636561784433,0.0,0.0,0.0,4.742571318457016e-07,0.0,0.0010829610484936797,0.00018393002413144948,0.0,0.0,0.0041858653184076436,0.0,0.00024391665540385405,0.0,0.0,0.004040285280431134
2018-12-22 15:00:00,0.0,0.0,0.0,0.0028549523452442017,0.0,0.0,0.07973392424995727,0.014612630036236326,0.0,0.0,0.0,4.593690912623503e-07,0.0,0.001079912485908367,0.000189928988052625,0.0,0.0,0.004054461215965655,0.0,7.560305315426213e-05,0.0,0.0,0.004610228253251211
2018-12-22 16:00:00,0.0,0.0,0.0,0.002804578439346294,0.0,0.0,0.07785049977847824,0.014364174259582346,0.0,0.0,0.0,4.51263801724259e-07,0.0,0.0010793107979918531,0.0002630499245224089,0.0,0.0,0.003982922702161741,0.0,3.713454152367976e-05,0.0,0.0,0.004829590802579666
2018-12-22 17:00:00,0.0,0.0,0.0,0.0028145618438615784,0.0,0.0,0.07857741877809148,0.014434126223933141,0.0,0.0,0.0,4.528701568942604e-07,0.0,0.001107608249708132,0.00027280952415847064,0.0,0.0,0.003997100636332147,0.0,3.726672864468142e-05,0.0,0.0,0.004858453564225186
2018-12-22 18:00:00,0.0,0.0,0.0,0.0028242025780142723,0.0,0.0,0.07671558619886441,0.014455242129926842,0.0,0.0,0.0,4.544213755316581e-07,0.0,0.0011026437267301608,0.00019572663987800238,0.0,0.0,0.004010791927109958,0.0,0.0,0.0,0.0,0.004831597490579151
2018-12-22 19:00:00,0.0,0.0,0.0,0.0028485360925596917,0.0,0.0,0.07546923579548137,0.014598835252175486,0.0,0.0,0.0,4.5833669989164925e-07,0.0,0.0010946357350143066,0.00022042657144468055,0.0,0.0,0.004045349173270962,0.0,0.0,0.0,0.0,0.004643739714239855
2018-12-22 20:00:00,0.0,0.0,0.0,0.0030140086808863277,0.0,0.0,0.0713844470595497,0.015426735179367537,0.0,0.0,0.0,4.849616600788336e-07,0.0,0.0011917800837165772,0.0001961349143891968,0.0,0.0,0.0042803451068435085,0.0,0.0,0.0,0.0,0.0044778520889134565
2018-12-22 21:00:00,0.0,0.0,0.0,0.003002584569648613,0.0,0.0,0.07121106511903572,0.015388338444269078,0.0,0.0,0.0,4.831234915340973e-07,0.0,0.0012003492971886577,0.00018395735046137306,0.0,0.0,0.004264121152696832,0.0,0.0,0.0,0.0,0.004240325664876827
2018-12-22 22:00:00,0.0,0.0,0.0,0.0032266746396593378,0.0,0.0,0.06734875584004867,0.016450332038078483,0.0,0.0,0.0,5.174779235515451e-07,0.0,0.0012525492081799266,0.00013620818627699754,0.0,0.0,0.0045673385760295684,0.0,0.0,0.0,0.0,0.0035587993688898723
2018-12-22 23:00:00,0.0,0.0,0.0,0.003533062186058029,0.0,0.0,0.06859547960541974,0.01783692133677749,0.0,0.0,0.0,5.610958486760137e-07,0.0,0.0014282242247949082,0.00016324303951689682,0.0,0.0,0.004952316993389069,0.0,0.0,0.0,0.0,0.0032617749398004023
2018-12-23 00:00:00,0.0,0.0,0.0,0.003469694044256991,0.0,0.0,0.047385619619412817,0.01752845238551297,0.0,0.0,0.0,5.510321703622883e-07,0.0,0.0014261928686538285,0.00013812320980419038,0.0,0.0,0.004863493443461433,0.0,0.0,0.0,0.0,0.003462942511460706
2018-12-23 01:00:00,0.0,0.0,0.0,0.003462711487323312,0.0,0.0,0.04378497125062955,0.017516029010265374,0.0,0.0,0.0,5.499232502521099e-07,0.0,0.001468249214889442,0.0001499974928795612,0.0,0.0,0.004853705946514333,0.0,0.0,0.0,0.0,0.003399285047647786
2018-12-23 02:00:00,0.0,0.0,0.0,0.0033842352660708066,0.0,0.0,0.04123853130075453,0.017107891531658884,0.0,0.0,0.0,5.374602140399762e-07,0.0,0.0014359537658555277,0.00013500234152527955,0.0,0.0,0.004743705300157365,0.0,0.0,0.0,0.0,0.003957410690033353
2018-12-23 03:00:00,0.0,0.0,0.0,0.003292722635912385,0.0,0.0,0.0400052434851658,0.016809256143560845,0.0,0.0,0.0,5.298074440919129e-07,0.0,0.0014214411079232095,0.0001323180296071563,0.0,0.0,0.004676160792833493,0.0,0.0,0.0,0.0,0.003641641421125889
2018-12-23 04:00:00,0.0,0.0,0.0,0.0032864098481785995,0.0,0.0,0.03990859810316815,0.01683196415025144,0.0,0.0,0.0,5.287917004948502e-07,0.0,0.001412747913049328,9.19610397298026e-05,0.0,0.0,0.004667195685911868,0.0,0.0,0.0,0.0,0.004127197932226104
2018-12-23 05:00:00,0.0,0.0,0.0,0.0032059953550727565,0.0,0.0,0.04067666711646438,0.01644154209164507,0.0,0.0,0.0,5.158528040947444e-07,0.0,0.0014719154366544507,7.59507001876148e-05,0.0,0.0,0.004552995025420181,0.0,0.0,0.0,0.0,0.003997723029266573
2018-12-23 06:00:00,0.0,0.0,0.0,0.002939774220727714,0.0,0.0,0.05719130225519103,0.015046777628046393,0.0,0.0,0.0,4.730171466930956e-07,0.0,0.0013904686431726633,0.00011052716505656562,0.0,0.0,0.004174921021533426,0.0,7.78492527349685e-05,0.0,0.0,0.0038712494164732133
2018-12-23 07:00:00,0.0,0.0,0.0,0.002838057427545578,0.0,0.0,0.07323388871475327,0.014497691681444316,0.0,0.0,0.0,4.5665065604815234e-07,0.0,0.0013382350449369128,0.00013560285505729794,0.0,0.0,0.004030467894791623,0.0,0.00015031130513054058,0.0,0.0,0.003809594908337191
2018-12-23 08:00:00,0.0,0.0,0.0,0.0028137720331653125,0.0,0.0,0.07630133585678305,0.01442066837652276,0.0,0.0,0.0,4.5274307434508323e-07,0.0,0.0013247397953613789,0.00014610483159580942,0.0,0.0,0.003995978986493998,0.0,0.00027942203257141056,0.0,0.0,0.003827000381226497
2018-12-23 09:00:00,0.0,0.0,0.0,0.0028553198174892237,0.0,0.0,0.07662511846798124,0.01462405719693755,0.0,0.0,0.0,4.5942821848089785e-07,0.0,0.001356865030888055,0.00014087311412448394,0.0,0.0,0.0040549830817571695,0.0,0.00043477350985858526,0.0,0.0,0.003565521660558095
2018-12-23 10:00:00,0.0,0.0,0.0,0.0028071328746250325,0.0,0.0,0.07480955164004088,0.014349103093727274,0.0,0.0,0.0,4.5167481685543527e-07,0.0,0.0013510633549261152,0.00013199911100275364,0.0,0.0,0.003986550383998039,0.0,0.0006225700969705849,0.0,0.0,0.0033723188801259617
2018-12-23 11:00:00,0.0,0.0,0.0,0.0029241193200726565,0.0,0.0,0.08040569999462943,0.014986201622281026,0.0,0.0,0.0,4.70498233374036e-07,0.0,0.0014159465556222086,0.0001390381683673133,0.0,0.0,0.004152688710843037,0.0,0.0006775535331053125,0.0,0.0,0.0032495680591638106
2018-12-23 12:00:00,0.0,0.0,0.0,0.0030824568389579633,0.0,0.0,0.0839115329868274,0.015797686285748173,0.0,0.0,0.0,4.959751427467062e-07,0.0,0.0015105311869410033,0.00016193698524716497,0.0,0.0,0.004377551773941834,0.0,0.0006326145520011515,0.0,0.0,0.0021309122856794376
2018-12-23 13:00:00,0.0,0.0,0.0,0.003224010421079414,0.0,0.0,0.08948020341684029,0.016501596460859407,0.0,0.0,0.0,5.187514740197591e-07,0.0,0.001600570233071739,0.00020837622888787382,0.0,0.0,0.004578579125466099,0.0,0.00040553703122007343,0.0,0.0,0.0013101416872711156
2018-12-23 14:00:00,0.0,0.0,0.0,0.0033719132006406723,0.0,0.0,0.09756865311763846,0.017236066940919528,0.0,0.0,0.0,5.42549407304148e-07,0.0,0.0016682976324967503,0.00019033889687445046,0.0,0.0,0.004788623291164195,0.0,0.00015626254966652747,0.0,0.0,0.0013223063666673292
2018-12-23 15:00:00,0.0,0.0,0.0,0.00341556827197315,0.0,0.0,0.09025038188480425,0.017539149142578838,0.0,0.0,0.0,5.495736192775629e-07,0.0,0.0017909047906400288,0.00019136593236995203,0.0,0.0,0.004850620050547092,0.0,5.6530582298543926e-05,0.0,0.0,0.0011694684828247965
2018-12-23 16:00:00,0.0,0.0,0.0,0.0033813058446526788,0.0,0.0,0.07964583605534029,0.017317991786621672,0.0,0.0,0.0,5.440607076071227e-07,0.00048123561458390655,0.0018657080239665343,0.0002625784111497981,0.0,0.0,0.004801962256672844,0.0,4.477080780874252e-05,0.0,0.0,0.001237857474203254
2018-12-23 17:00:00,0.0,0.0,0.0,0.0033671977573489224,0.0,0.0,0.07811469487091377,0.01726824824332561,0.0,0.0,0.0,5.417906804891668e-07,0.0,0.0018775379709611549,0.0002959127104529925,0.0,0.0,0.004781926653311611,0.0,4.458400705949225e-05,0.0,0.0,0.0011708585664202146
2018-12-23 18:00:00,0.0,0.0,0.0,0.003348861375385978,0.0,0.0,0.09152272322888587,0.01714062667374263,0.0,0.0,0.0,5.388403100098176e-07,0.0,0.0017330052443233195,0.00024328999082297477,0.0,0.0,0.0047558862363380194,0.0,0.0,0.0,0.0,0.0014422126294401012
2018-12-23 19:00:00,0.0,0.0,0.0,0.0033172552942737294,0.0,0.0,0.0906992060830938,0.016967765138406064,0.0,0.0,0.0,5.337548111982232e-07,0.0,0.00170826187787162,0.00017657528894587753,0.0,0.0,0.004711000853129524,0.0,0.0,0.0,0.0,0.0016172473348191802
2018-12-23 20:00:00,0.0,0.0,0.0,0.003419069308441918,0.0,0.0,0.09436990695692356,0.017408307227563025,0.0,0.0,0.0,5.465412786401703e-07,0.0,0.0017366103165765904,0.00019188227557909992,0.0,0.0,0.004823856152536194,0.0,0.0,0.0,0.0,0.0011006395156771597
2018-12-23 21:00:00,0.0,0.0,0.0,0.0034732332428609263,0.0,0.0,0.09927788703303077,0.017812037832881666,0.0,0.0,0.0,5.588520597105578e-07,0.0,0.0017802880762224822,0.00020278108621655226,0.0,0.0,0.004932512971938143,0.0,0.0,0.0,0.0,0.0007468584295752942
2018-12-23 22:00:00,0.0,0.0,0.0,0.0036018164446283557,0.0,0.0,0.10151309260078155,0.018338770463226572,0.0,0.0,0.0,5.757535713633851e-07,0.0,0.0018117361297626772,0.00016795921044522564,0.0,0.0,0.005081688275176913,0.0,0.0,0.0,0.0,0.000962337256314442
2018-12-23 23:00:00,0.0,0.0,0.0,0.0035526830006247603,0.0,0.0,0.08639786840188614,0.017959423811460616,0.0,0.0,0.0,5.642118871212126e-07,0.0,0.001740492194017435,0.0001430499231974402,0.0,0.0,0.004979819620935904,0.0,0.0,0.0,0.0,0.001339790063906469
2018-12-24 00:00:00,0.0,0.0,0.0,0.0036411911391087833,0.0,0.0,0.06677623353934499,0.01838281821835668,0.0,0.0,0.0,5.782681211930041e-07,0.0,0.0018391780755423798,0.00016937326956091223,0.0,0.0,0.005103882073048222,0.0,0.0,0.0,0.0,0.0009580244017420583
2018-12-24 01:00:00,0.0,0.0,0.0,0.003738311359929488,0.0,0.0,0.05533102875004421,0.018922477495825728,0.0,0.0,0.0,5.936920650284778e-07,0.0,0.0019233863991612499,0.00015743337409780493,0.0,0.0,0.005240016138808526,0.0,0.0,0.0,0.0,0.0007038043103478244
2018-12-24 02:00:00,0.0,0.0,0.0,0.0038754879485081092,0.0,0.0,0.06686358605064362,0.019552893888005008,0.0,0.0,0.0,6.154774767573551e-07,0.0,0.0020134148122293995,0.00018035227905065845,0.0,0.0,0.0054322974842639865,0.0,0.0,0.0,0.0,0.00046678209750936826
2018-12-24 03:00:00,0.0,0.0,0.0,0.003835287222992348,0.0,0.0,0.07247993471059046,0.01940069292708059,0.0,0.0,0.0,6.090930829899121e-07,0.0,0.0020416552525074124,0.00018166721824686857,0.0,0.0,0.005375947857330189,0.0,0.0,0.0,0.0,0.00032515203466037634
2018-12-24 04:00:00,0.0,0.0,0.0,0.003644026929922988,0.0,0.0,0.06780319865756404,0.01838510990938455,0.0,0.0,0.0,5.787184813536156e-07,0.0,0.001953205570929556,0.00017071593480904776,0.0,0.0,0.005107857020076977,0.0,0.0,0.0,0.0,0.0009907295366547062
2018-12-24 05:00:00,0.0,0.0,0.0,0.0033365206369329534,0.0,0.0,0.06757087101219927,0.016866685872008787,0.0,0.0,0.0,5.298825154543094e-07,0.0,0.0018008025096404863,0.00018374720036393793,0.0,0.0,0.004676823384054921,0.0,0.0,0.0,0.0,0.002762343285791551
2018-12-24 06:00:00,0.0,0.0,0.0,0.0029101005267116366,0.0,0.0,0.0731803084046654,0.014826666582238298,0.0,0.0,0.0,4.667073523248023e-07,0.0,0.001638857349003381,0.00020620558711904627,0.0,0.0,0.004119229820201917,0.0,4.800674097969737e-05,0.0,0.0,0.003656377875878337
2018-12-24 07:00:00,0.0,0.0,0.0,0.002771121841945427,0.0,0.0,0.09002239036692697,0.014174291820470693,0.0,0.0,0.0,4.4588055013676125e-07,0.0,0.0015668847017525917,0.0002637598701856365,0.0,0.0,0.003935409307829273,0.0,8.255599477705774e-05,0.0,0.0,0.004391138353498619
2018-12-24 08:00:00,0.0,0.0,0.0,0.002730784016300287,0.0,0.0,0.09558399685957303,0.013986223680531353,0.0,0.0,0.0,4.393900914287641e-07,0.0008766256413591316,0.0015251935818813502,0.00025268128318843596,0.0,0.0,0.003878123535656212,0.0,0.0001988659902057408,0.0,0.0,0.004582807759122399
2018-12-24 09:00:00,0.0,0.0,0.0,0.002739022811926014,0.0,0.0,0.0963156380678732,0.014028418823845399,0.0,0.0,0.0,4.4071573459264765e-07,0.00920418585462174,0.0014789830201016598,0.00022445724074612666,0.0,0.0,0.003889823863119268,0.0,0.00035359876566081464,0.0,0.0,0.004703721258666819
2018-12-24 10:00:00,0.0,0.0,0.0,0.002756163996600023,0.0,0.0,0.09360656425314193,0.014134638807219229,0.0,0.0,0.0,4.434737947893358e-07,0.005417600673940872,0.0014658693594651253,0.00028877853349288307,0.0,0.0,0.003914166920393847,0.0,0.0005291557660352782,0.0,0.0,0.004613971693419808
2018-12-24 11:00:00,0.0,0.0,0.0,0.0027178584512373787,0.0,0.0,0.09387802865591988,0.013829159821345298,0.0,0.0,0.0,4.373103351460045e-07,0.005342306116494967,0.0014060114024574187,0.00028390732376114275,0.0,0.0,0.0038597672915215934,0.0,0.0006297604148623669,0.0,0.0,0.004659325746897217
2018-12-24 12:00:00,0.0,0.0,0.0,0.0027640479534871967,0.0,0.0,0.09357238616815831,0.01403646177344616,0.0,0.0,0.0,4.447423434979843e-07,0.005918273264595144,0.001377819095705109,0.00030553866063362056,0.0,0.0,0.003925363323542447,0.0,0.0006496125492888424,0.0,0.0,0.004684477357902108
2018-12-24 13:00:00,0.0,0.0,0.0,0.002852157290006587,0.0,0.0,0.09331264206782461,0.014541112463975717,0.0,0.0,0.0,4.5891935976799804e-07,0.0021559175990452906,0.0013856025974081385,0.0002969760518268607,0.0,0.0,0.004050491817640577,0.0,0.0004909387356812639,0.0,0.0,0.004778048902099222
2018-12-24 14:00:00,0.0,0.0,0.0,0.0028617192046983156,0.0,0.0,0.09695414867984745,0.014561160176523726,0.0,0.0,0.0,4.604578961537225e-07,0.008367480534232804,0.0013461542303706278,0.0002584749158974522,0.0,0.0,0.00406407117294315,0.0,0.00022734674661640286,0.0,0.0,0.004939855878527279
2018-12-24 15:00:00,0.0,0.0,0.0,0.0029456881897579747,0.0,0.0,0.10322543086831508,0.01496872049195603,0.0,0.0,0.0,4.724147235456005e-07,0.010999080059482356,0.0013930863693293553,0.0002444314533272891,0.0,0.0,0.004169603943537589,0.0,6.803134259057448e-05,0.0,0.0,0.004619407780366187
2018-12-24 16:00:00,0.0,0.0,0.0,0.002866816143534701,0.0,0.0,0.1012269400588606,0.014625432233207588,0.0,0.0,0.0,4.612780065718142e-07,0.029014200724500356,0.001352276249046896,0.0002415643659794818,0.0,0.0,0.004071309591779352,0.0,3.795861140102703e-05,0.0,0.0,0.004194638200649698
2018-12-24 17:00:00,0.0,0.0,0.0,0.0028677691520546085,0.0,0.0,0.09966228191887465,0.014553656458662072,0.0,0.0,0.0,4.599184583999677e-07,0.030049671711179417,0.0013119151375097595,0.00021739860013002485,0.0,0.0,0.004059310013577777,0.0,3.784673405157429e-05,0.0,0.0,0.003940143411716882
2018-12-24 18:00:00,0.0,0.0,0.0,0.002927864702992332,0.0,0.0,0.09924559087987778,0.01466560450407423,0.0,0.0,0.0,4.6498268182677405e-07,0.03481333493250861,0.0012835697696970795,0.00019954597519028944,0.0,0.0,0.004104007617015891,0.0,0.0,0.0,0.0,0.0032337284093901675
2018-12-24 19:00:00,0.0,0.0,0.0,0.003211522409510367,0.0,0.0,0.10413489015026689,0.016065245263596067,0.0,0.0,0.0,5.10031184567624e-07,0.0039850314060904295,0.0013986259302744078,0.00021414337657215977,0.0,0.0,0.0045016125292188045,0.0,0.0,0.0,0.0,0.0033761460394451394
2018-12-24 20:00:00,0.0,0.0,0.0,0.003424780237266769,0.0,0.0,0.0867406079706103,0.017211146661640774,0.0,0.0,0.0,5.438992784619148e-07,0.0,0.0015114271810925054,0.00023056804184979832,0.0,0.0,0.00480053745857297,0.0,0.0,0.0,0.0,0.0030777061782499195
2018-12-24 21:00:00,0.0,0.0,0.0,0.0033889753551154277,0.0,0.0,0.0797100318403025,0.017020026775133375,0.0,0.0,0.0,5.38213001323423e-07,0.0,0.0014808134210593567,0.0001997257950859556,0.0,0.0,0.004750349514804501,0.0,0.0,0.0,0.0,0.003756880003743954
2018-12-24 22:00:00,0.0,0.0,0.0,0.0035149558369797964,0.0,0.0,0.06706490045399528,0.01765272278197782,0.0,0.0,0.0,5.582203268857193e-07,0.0,0.0015089147965568837,0.00020992402238123722,0.0,0.0,0.004926937202288248,0.0,0.0,0.0,0.0,0.004165759578524973
2018-12-24 23:00:00,0.0,0.0,0.0,0.003458924096337936,0.0,0.0,0.06383417658445117,0.017337080784764557,0.0,0.0,0.0,5.493217637094746e-07,0.0,0.00145281288759864,0.00023437511903030164,0.0,0.0,0.004848397135134928,0.0,0.0,0.0,0.0,0.004643372186693729
2018-12-25 00:00:00,0.0,0.0,0.0,0.003455675656191183,0.0,0.0,0.05577734864105084,0.017583362709137,0.0,0.0,0.0,5.560269993740253e-07,0.0,0.0014908212318809045,0.00018292543778870062,0.0,0.0,0.004907578561275557,0.0,0.0,0.0,0.0,0.004851533478273293
2018-12-25 01:00:00,0.0,0.0,0.0,0.0036603303445734837,0.0,0.0,0.03523835684455002,0.018491168616087728,0.0,0.0,0.0,5.83201184238886e-07,0.0,0.001607427089168083,0.00019400060997427156,0.0,0.0,0.005147422035087197,0.0,0.0,0.0,0.0,0.004906134022016945
2018-12-25 02:00:00,0.0,0.0,0.0,0.003578949347957485,0.0,0.0,0.03000285871239035,0.018008961330372757,0.0,0.0,0.0,5.702347333633921e-07,0.0,0.0015904518867612789,0.0001919242273522352,0.0,0.0,0.005032978174619909,0.0,0.0,0.0,0.0,0.004792856040397351
2018-12-25 03:00:00,0.0,0.0,0.0,0.0036915155138609107,0.0,0.0,0.031162977459181344,0.018502893067175723,0.0,0.0,0.0,5.862602810457404e-07,0.0,0.0016710829379484628,0.0003052525560914482,0.0,0.0,0.005174422087104612,0.0,0.0,0.0,0.0,0.003986503717997161
2018-12-25 04:00:00,0.0,0.0,0.0,0.003762307332764104,0.0,0.0,0.03678609307813165,0.018894965241712323,0.0,0.0,0.0,5.975029350424775e-07,0.0,0.0017782427909032196,0.0003891564130219343,0.0,0.0,0.005273651455081961,0.0,0.0,0.0,0.0,0.003431622032183153
2018-12-25 05:00:00,0.0,0.0,0.0,0.0036493886498973937,0.0,0.0,0.03669485071712212,0.018315827012320502,0.0,0.0,0.0,5.795699916472284e-07,0.0,0.0017070599043956323,0.00022409121695248952,0.0,0.0,0.005115372578973116,0.0,0.0,0.0,0.0,0.004194925096781101
2018-12-25 06:00:00,0.0,0.0,0.0,0.003309680333602161,0.0,0.0,0.034673634009745935,0.016697848816000123,0.0,0.0,0.0,5.273320461008409e-07,0.0,0.0016182091404184271,0.0002167875499188992,0.0,0.0,0.004654312555022584,0.0,6.509130697346817e-05,0.0,0.0,0.004907903783962136
2018-12-25 07:00:00,0.0,0.0,0.0,0.003192731469024341,0.0,0.0,0.035296283057922956,0.016224088188242412,0.0,0.0,0.0,5.137186111052125e-07,0.0,0.0016332097689387274,0.00023429842137708866,0.0,0.0,0.004534158314661814,0.0,0.00012682186133265524,0.0,0.0,0.004531551495792314
2018-12-25 08:00:00,0.0,0.0,0.0,0.0031416686859096366,0.0,0.0,0.03876739619931623,0.015975112759000834,0.0,0.0,0.0,5.055024794714209e-07,0.0,0.0016612892592314853,0.00023352560949926402,0.0,0.0,0.0044616414917233475,0.0,0.0002599865469838414,0.0,0.0,0.004137114674088547
2018-12-25 09:00:00,0.0,0.0,0.0,0.003098880213931869,0.0,0.0,0.039693748900887324,0.015830056665966086,0.0,0.0,0.0,4.986177055375673e-07,0.0,0.0016442474064947924,0.0002128067697837757,0.0,0.0,0.004400875433609178,0.0,0.00038979733869588524,0.0,0.0,0.004392838132855815
2018-12-25 10:00:00,0.0,0.0,0.0,0.003006111355837149,0.0,0.0,0.0474811551816983,0.015205416423807723,0.0,0.0,0.0,4.836909603989291e-07,0.0,0.0016104362578132087,0.0001820230318594174,0.0,0.0,0.00426912971889663,0.0,0.000527389425653793,0.0,0.0,0.004651317116916819
2018-12-25 11:00:00,0.0,0.0,0.0,0.0030007996563206044,0.0,0.0,0.04916979919850865,0.015258805962543004,0.0,0.0,0.0,4.828362944413559e-07,0.0,0.0016139204683189154,0.00017867094954360726,0.0,0.0,0.0042615863076321415,0.0,0.0005562570296839223,0.0,0.0,0.004675095242708124
2018-12-25 12:00:00,0.0,0.0,0.0,0.003009055552351313,0.0,0.0,0.04305976849114907,0.015290726175473416,0.0,0.0,0.0,4.841646891038802e-07,0.0,0.0016284489581864933,0.00015681467972960723,0.0,0.0,0.004273310920239182,0.0,0.0005079849734454734,0.0,0.0,0.004844816929256441
2018-12-25 13:00:00,0.0,0.0,0.0,0.003029367255132013,0.0,0.0,0.03784736175743164,0.01541419639043289,0.0,0.0,0.0,4.874328937251951e-07,0.0,0.0016620814261311951,0.00015526005301828152,0.0,0.0,0.004302156589516904,0.0,0.0003309149214800599,0.0,0.0,0.004863164169645439
2018-12-25 14:00:00,0.0,0.0,0.0,0.00300324028856369,0.0,0.0,0.039717132628803546,0.015261175505946824,0.0,0.0,0.0,4.816446410030233e-07,0.0,0.0016508745672230624,0.00014516611824616594,0.0,0.0,0.004251068593792677,0.0,0.0001387210429559275,0.0,0.0,0.004890528571618209
2018-12-25 15:00:00,0.0,0.0,0.0,0.002961915368621123,0.0,0.0,0.04505148994220292,0.015080885103551106,0.0,0.0,0.0,4.765797136845355e-07,0.0,0.001640506593165577,0.00014725392546917636,0.0,0.0,0.0042063647776999094,0.0,5.882668552033256e-05,0.0,0.0,0.004746108120829815
2018-12-25 16:00:00,0.0,0.0,0.0,0.00287672262465257,0.0,0.0,0.05151869595835752,0.014627883551492209,0.0,0.0,0.0,4.628719845715885e-07,0.0,0.0016241436395635323,0.0001311557703724617,0.0,0.0,0.004085378283169596,0.0,3.808978000350363e-05,0.0,0.0,0.004715251491543118
2018-12-25 17:00:00,0.0,0.0,0.0,0.0028620157394430223,0.0,0.0,0.05323535638420011,0.014543533085496519,0.0,0.0,0.0,4.605056093481058e-07,0.0,0.001615480527509259,0.0001540291950266178,0.0,0.0,0.004064492296827618,0.0,3.789505075940902e-05,0.0,0.0,0.00465045598643077
2018-12-25 18:00:00,0.0,0.0,0.0,0.0029322194622611844,0.0,0.0,0.05401327624240737,0.014939488871613773,0.0,0.0,0.0,4.7180156684733845e-07,0.0,0.0016101733085350308,0.00016755475454030222,0.0,0.0,0.004164192129596034,0.0,0.0,0.0,0.0,0.004623834021669263
2018-12-25 19:00:00,0.0,0.0,0.0,0.002977939213965518,0.0,0.0,0.0531747400704297,0.015212251926660977,0.0,0.0,0.0,4.791579911421767e-07,0.0,0.0016470521536531089,0.00022116736438830973,0.0,0.0,0.004229121045273939,0.0,0.0,0.0,0.0,0.004226689601160801
2018-12-25 20:00:00,0.0,0.0,0.0,0.0030498216522039084,0.0,0.0,0.04895508273667734,0.015508078559433754,0.0,0.0,0.0,4.907240582207734e-07,0.0,0.0016404137026803994,0.00018434890378085935,0.0,0.0,0.004331204906124397,0.0,0.0,0.0,0.0,0.004260062366495423
2018-12-25 21:00:00,0.0,0.0,0.0,0.003107197383528708,0.0,0.0,0.04771382511420281,0.015789440752451048,0.0,0.0,0.0,4.99955959272674e-07,0.0,0.001651655364914517,0.0001768997231014336,0.0,0.0,0.0044126870638849566,0.0,0.0,0.0,0.0,0.004262899662241885
2018-12-25 22:00:00,0.0,0.0,0.0,0.0032232330914030373,0.0,0.0,0.04049763293688589,0.016379084314962603,0.0,0.0,0.0,5.18626399698416e-07,0.0,0.001707751865226829,0.00019828945822785278,0.0,0.0,0.004577475200551156,0.0,0.0,0.0,0.0,0.004213973103068825
2018-12-25 23:00:00,0.0,0.0,0.0,0.0032458773075512387,0.0,0.0,0.03955428103691492,0.016515854983605815,0.0,0.0,0.0,5.222699116511374e-07,0.0,0.0016237139730214847,0.00010264117088609802,0.0,0.0,0.0046096333892129615,0.0,0.0,0.0,0.0,0.003985924927811689
2018-12-26 00:00:00,0.0,0.0,0.0,0.003252378312497362,0.0,0.0,0.035633305147547166,0.016538061607228514,0.0,0.0,0.0,5.233159398762207e-07,0.0,0.0016098377011080785,8.772423301757323e-05,0.0,0.0,0.00461886579285107,0.0,0.0,0.0,0.0,0.00399198150503795
2018-12-26 01:00:00,0.0,0.0,0.0,0.0032719249959282538,0.0,0.0,0.03143933588788647,0.01660463897179627,0.0,0.0,0.0,5.264610509390373e-07,0.0,0.0016185072539676177,6.580997615330555e-05,0.0,0.0,0.004646625019726898,0.0,0.0,0.0,0.0,0.004147771526149824
2018-12-26 02:00:00,0.0,0.0,0.0,0.003361379760546937,0.0,0.0,0.029456589013679556,0.017137274056905856,0.0,0.0,0.0,5.408545500110706e-07,0.0,0.0016781588700150976,5.8556949211305104e-05,0.0,0.0,0.004773664223843198,0.0,0.0,0.0,0.0,0.003964482944420613
2018-12-26 03:00:00,0.0,0.0,0.0,0.0033273472080340267,0.0,0.0,0.02809486661689908,0.0169303947010413,0.0,0.0,0.0,5.353786257816395e-07,0.0,0.0016603780725689314,4.7393335979589404e-05,0.0,0.0,0.00472533288672867,0.0,0.0,0.0,0.0,0.004005156940367782
2018-12-26 04:00:00,0.0,0.0,0.0,0.0032740727864186176,0.0,0.0,0.027916587116203,0.016637429779778088,0.0,0.0,0.0,5.268066358898418e-07,0.0,0.0016075410104888332,3.8712851358898206e-05,0.0,0.0,0.0046496752048754185,0.0,0.0,0.0,0.0,0.004340563611577607
2018-12-26 05:00:00,0.0,0.0,0.0,0.0031366974068189903,0.0,0.0,0.03703090316172708,0.01597080514115623,0.0,0.0,0.0,5.047025880259171e-07,0.0,0.0015398718179158084,3.656056596760426e-05,0.0,0.0,0.004454581528603351,0.0,0.0,0.0,0.0,0.00432381119036843
2018-12-26 06:00:00,0.0,0.0,0.0,0.003006722568577557,0.0,0.0,0.04300813339987693,0.015278870955310248,0.0,0.0,0.0,4.837893060829112e-07,0.0,0.0015467111642283636,0.0001088058667434401,0.0,0.0,0.00426999773280755,0.0,5.971660259521199e-05,0.0,0.0,0.004310289459832372
2018-12-26 07:00:00,0.0,0.0,0.0,0.0029572394380558715,0.0,0.0,0.04551876829173403,0.015047191585802026,0.0,0.0,0.0,4.758273445677116e-07,0.015951407595224815,0.001518860143951738,0.00012667612927835578,0.0,0.0,0.0041997242538547586,0.0,0.0001468345418254003,0.0,0.0,0.004053662216531585
2018-12-26 08:00:00,0.0,0.0,0.0,0.0028225798541869755,0.0,0.0,0.056076171094718685,0.014352573727507943,0.0,0.0,0.0,4.5416027514195905e-07,0.03884597360862183,0.0014582935934773146,0.00020648164521873465,0.0,0.0,0.004008487415501223,0.0,0.0003270128102414001,0.0,0.0,0.003131711361415384
2018-12-26 09:00:00,0.0,0.0,0.0,0.0031115396050263896,0.0,0.0,0.06532918944622829,0.015821907408844843,0.0,0.0,0.0,5.006546337520476e-07,0.012340525112225213,0.0016610919745218952,0.00024084388406003904,0.0,0.0,0.004418853670722654,0.0,0.0006591826852515263,0.0,0.0,0.002342710353008734
2018-12-26 10:00:00,0.0,0.0,0.0,0.002902284298889063,0.0,0.0,0.07025894757007038,0.014777269093592608,0.0,0.0,0.0,4.669849229485537e-07,0.05410628613399192,0.0015154064278741755,0.0002575591740518709,0.0,0.0,0.00412167970059243,0.0,0.0010759905547162137,0.0,0.0,0.0018292762393097414
2018-12-26 11:00:00,0.0,0.0,0.0,0.0028038586021061824,0.0,0.0,0.07810844529416805,0.014238629267252298,0.0,0.0,0.0,4.5114797808208944e-07,0.04296015812265941,0.001441375163817389,0.000132376062149711,0.0,0.0,0.003981900425143106,0.0,0.001225125342706888,0.0,0.0,0.0024731389610655142
2018-12-26 12:00:00,0.0,0.0,0.0,0.0028609949513592504,0.0,0.0,0.08115278966730029,0.014519216768896212,0.0,0.0,0.0,4.60341361950003e-07,0.021680271061016967,0.0014829367730297904,8.944713347477396e-05,0.0,0.0,0.004063042624400591,0.0,0.0012500906492337947,0.0,0.0,0.003170944143387627
2018-12-26 13:00:00,0.0,0.0,0.0,0.002993724142444408,0.0,0.0,0.08941126467555431,0.015262860710358251,0.0,0.0,0.0,4.816978262686957e-07,0.001746903679740283,0.0015607673462209827,7.73464999180476e-05,0.0,0.0,0.0042515380150076245,0.0,0.0008720571270907463,0.0,0.0,0.0033677082234990106
2018-12-26 14:00:00,0.0,0.0,0.0,0.0029343823482437807,0.0,0.0,0.09084438305562618,0.014930888859323265,0.0,0.0,0.0,4.721495807012243e-07,0.010143729677991885,0.0015239679641119964,8.044362557641909e-05,0.0,0.0,0.004167263752611248,0.0,0.0003593924170789618,0.0,0.0,0.0035112825966333583
2018-12-26 15:00:00,0.0,0.0,0.0,0.002933885438647261,0.0,0.0,0.08966574397643463,0.014947976925117437,0.0,0.0,0.0,4.720696266837175e-07,0.016563120583118447,0.0015623169730320915,6.462794239594363e-05,0.0,0.0,0.004166558066335858,0.0,9.711663713759455e-05,0.0,0.0,0.0036740566437440158
2018-12-26 16:00:00,0.0,0.0,0.0,0.0027145549540157233,0.0,0.0,0.08245733701237781,0.013776050806978976,0.0,0.0,0.0,4.3677879404367153e-07,0.039806105339947086,0.0014833282911792271,0.00011879344623322844,0.0,0.0,0.003855075829198391,0.0,3.594256885241667e-05,0.0,0.0,0.0035071312298253416
2018-12-26 17:00:00,0.0,0.0,0.0,0.0026976672936037693,0.0,0.0,0.08293209767976184,0.013699365742324722,0.0,0.0,0.0,4.340615265453507e-07,0.04455393385571253,0.0014978791667556264,0.00015710317489247045,0.0,0.0,0.003831092814461656,0.0,3.5718964649372276e-05,0.0,0.0,0.003079412116608956
2018-12-26 18:00:00,0.0,0.0,0.0,0.002628572601755305,0.0,0.0,0.0788458760437514,0.013392425648068475,0.0,0.0,0.0,4.2294401494892996e-07,0.04698340836538681,0.0014231990224131514,0.0001769703312053614,0.0,0.0,0.003732967972274585,0.0,0.0,0.0,0.0,0.0029133420501302174
2018-12-26 19:00:00,0.0,0.0,0.0,0.002667921083200798,0.0,0.0,0.0791626407271832,0.013575065704221281,0.0,0.0,0.0,4.292752856597283e-07,0.040569365789871775,0.0014372362074380554,0.00016502540908289244,0.0,0.0,0.0037888487270597406,0.0,0.0,0.0,0.0,0.00305493902301421
2018-12-26 20:00:00,0.0,0.0,0.0,0.0030215047289641494,0.0,0.0,0.08553454901346833,0.015364087919636862,0.0,0.0,0.0,4.861677932737725e-07,0.014754732785777066,0.0016217640233961454,0.00013120895208024245,0.0,0.0,0.0042909906212091585,0.0,0.0,0.0,0.0,0.0026382653572454514
2018-12-26 21:00:00,0.0,0.0,0.0,0.0030642206573862785,0.0,0.0,0.08356577692603953,0.01549981171934252,0.0,0.0,0.0,4.898184052568085e-07,0.025523646580244627,0.0016017077327680855,0.00020719391026497745,0.0,0.0,0.004323211475814515,0.0,0.0,0.0,0.0,0.0022992176831786943
2018-12-26 22:00:00,0.0,0.0,0.0,0.0032216897668711293,0.0,0.0,0.08847969031403356,0.016137367244964135,0.0,0.0,0.0,5.116458920668698e-07,0.01861043278992684,0.0015834438670485151,0.00016645140855850427,0.0,0.0,0.004515864182312899,0.0,0.0,0.0,0.0,0.0022547502729047533
2018-12-26 23:00:00,0.0,0.0,0.0,0.0034129360856855963,0.0,0.0,0.09559298247019134,0.017275062329455883,0.0,0.0,0.0,5.455608775119601e-07,0.010417989507543576,0.0016124787096822078,0.00010671916835471497,0.0,0.0,0.004815202983600744,0.0,0.0,0.0,0.0,0.001968358051892783
2018-12-27 00:00:00,0.0,0.0,0.0,0.0034102174623539365,0.0,0.0,0.09487590831799256,0.01730645716150885,0.0,0.0,0.0,5.487126604050302e-07,0.010138430282086507,0.001590353028588961,6.328213932466469e-05,0.0,0.0,0.004843021097061491,0.0,0.0,0.0,0.0,0.002010031519414554
2018-12-27 01:00:00,0.0,0.0,0.0,0.00345647124202025,0.0,0.0,0.09591101465804736,0.017587410853578355,0.0,0.0,0.0,5.56155011156754e-07,0.0,0.0016101369571705343,4.741448435189674e-05,0.0,0.0,0.004908708412669854,0.0,0.0,0.0,0.0,0.0021355756940872918
2018-12-27 02:00:00,0.0,0.0,0.0,0.0035824669759671204,0.0,0.0,0.09322320007709547,0.018144869345959835,0.0,0.0,0.0,5.745381170848919e-07,0.0,0.0016356747372157073,4.6352332265710015e-05,0.0,0.0,0.005070960491515222,0.0,0.0,0.0,0.0,0.0021046347346774935
2018-12-27 03:00:00,0.0,0.0,0.0,0.0035270058610340467,0.0,0.0,0.09532823493397373,0.01798168322136229,0.0,0.0,0.0,5.675042106951904e-07,0.0,0.0016033322305180457,7.606074156083513e-05,0.0,0.0,0.005008878167745009,0.0,0.0,0.0,0.0,0.0021269225334834066
2018-12-27 04:00:00,0.0,0.0,0.0,0.00345723851191856,0.0,0.0,0.09421186148112128,0.017568199220429664,0.0,0.0,0.0,5.562784668342283e-07,0.002170454127259789,0.0015611368783549683,7.82658156985027e-05,0.0,0.0,0.0049097980511887095,0.0,0.0,0.0,0.0,0.0020684662015118126
2018-12-27 05:00:00,0.0,0.0,0.0,0.0034255626820524684,0.0,0.0,0.09802615756323901,0.017418689104376016,0.0,0.0,0.0,5.511817452707997e-07,0.0033694041362800483,0.001616458917244764,5.837776261418106e-05,0.0,0.0,0.0048648136142717385,0.0,0.0,0.0,0.0,0.002132712664188543
2018-12-27 06:00:00,0.0,0.0,0.0,0.003171046812665194,0.0,0.0,0.09361030597545585,0.016135098262144355,0.0,0.0,0.0,5.102294947622966e-07,0.024992603779065082,0.0015752065644884477,0.00015638343847466018,0.0,0.0,0.004503362845050504,0.0,9.447037663288313e-05,0.0,0.0,0.0017939227518679014
2018-12-27 07:00:00,0.0,0.0,0.0,0.002841197076060403,0.0,0.0,0.08686172900626388,0.014447240685873492,0.0,0.0,0.0,4.571558334769599e-07,0.05863756622758522,0.0014039725797514197,0.00017711832692930696,0.0,0.0,0.004034926667336926,0.0,0.00020690668559936238,0.0,0.0,0.0014659434828085413
2018-12-27 08:00:00,0.0,0.0,0.0,0.002899474237997306,0.0,0.0,0.09255934974102668,0.01496962256242707,0.0,0.0,0.0,4.727532140330478e-07,0.051991514157409664,0.0014648435346253674,0.0002026952168197809,0.0,0.0,0.004172591511877367,0.0,0.00041820625372843845,0.0,0.0,0.001334948956524183
2018-12-27 09:00:00,0.0,0.0,0.0,0.0030772990238982084,0.0,0.0,0.09869268719213657,0.01566837396839458,0.0,0.0,0.0,4.951452371894923e-07,0.0433345627393723,0.0015469073873171301,0.0001425665093248254,0.0,0.0,0.004370226901723307,0.0,0.0007334198830204694,0.0,0.0,0.0010864598254315826
2018-12-27 10:00:00,0.0,0.0,0.0,0.0031920074860581267,0.0,0.0,0.10242317817717682,0.016241751536225615,0.0,0.0,0.0,5.136021204051721e-07,0.03529361340675633,0.001580981286319779,0.0001323002411831498,0.0,0.0,0.004533130150089321,0.0,0.0011411379291601724,0.0,0.0,0.0009038357407676076
2018-12-27 11:00:00,0.0,0.0,0.0,0.0031093950715275626,0.0,0.0,0.09883515422396374,0.015811004229286517,0.0,0.0,0.0,5.003095728594625e-07,0.053089640372246755,0.0014976270040600824,0.0001326705017438941,0.0,0.0,0.004415808110991396,0.0,0.0012865788354461088,0.0,0.0,0.0006649374916376763
2018-12-27 12:00:00,0.0,0.0,0.0,0.0030962290335668457,0.0,0.0,0.09871729702884247,0.015733704315238205,0.0,0.0,0.0,4.981911238760268e-07,0.06403320265467005,0.0014649885064566715,0.00012383565856067955,0.0,0.0,0.004397110359216808,0.0,0.0012503839586096995,0.0,0.0,0.0004456942850433003
2018-12-27 13:00:00,0.0,0.0,0.0,0.0031342428569866372,0.0,0.0,0.0996059413500257,0.015937353063044984,0.0,0.0,0.0,5.043076447170299e-07,0.07080169996893891,0.0014788154547643632,0.0001864844137848968,0.0,0.0,0.00445109569910623,0.0,0.0008299904890176324,0.0,0.0,0.0003546204079089025
2018-12-27 14:00:00,0.0,0.0,0.0,0.0032188178312155427,0.0,0.0,0.10259325570761085,0.01629208148957544,0.0,0.0,0.0,5.179159731081455e-07,0.07690647794315221,0.001524250619900237,0.00019781465962502746,0.0,0.0,0.004571204867801676,0.0,0.0003622645183443352,0.0,0.0,0.0003451220332692572
2018-12-27 15:00:00,0.0,0.0,0.0,0.003206265691977497,0.0,0.0,0.10205696984777105,0.015982013261534173,0.0,0.0,0.0,5.158963019900673e-07,0.08225991340987691,0.0015211732044103131,0.00019845987017238077,0.0,0.0,0.004553378944436322,0.0,0.00010613289042331087,0.0,0.0,0.0005375064208033867
2018-12-27 16:00:00,0.0,0.0,0.0,0.0030845773261573045,0.0,0.0,0.09762198716736163,0.015365130309585886,0.0,0.0,0.0,4.963163345285646e-07,0.08523028620157243,0.0015038573825378906,0.00048166726025307936,0.0,0.0,0.004380563184315462,0.0,4.084191876904256e-05,0.0,0.0,0.000741855649717637
2018-12-27 17:00:00,0.0,0.0,0.0,0.003045982425097497,0.0,0.0,0.09635739045866813,0.015834782557977992,0.0,0.0,0.0,4.90106316817853e-07,0.07896172745268747,0.0015218891096290153,0.0005483772633519787,0.0,0.0,0.004325752626884726,0.0,4.0330895816037975e-05,0.0,0.0,0.0007397908626277111
2018-12-27 18:00:00,0.0,0.0,0.0,0.0031613434597830346,0.0,0.0,0.09858063815688609,0.016392221510936347,0.0,0.0,0.0,5.086682006121155e-07,0.07469838209648232,0.001553384241837254,0.00047356782051094645,0.0,0.0,0.004489582626269943,0.0,0.0,0.0,0.0,0.0006610649026062969
2018-12-27 19:00:00,0.0,0.0,0.0,0.0031322746080752178,0.0,0.0,0.09743973959486148,0.016272907087371877,0.0,0.0,0.0,5.039909484627744e-07,0.05739831331342658,0.0015307433782745527,0.00035817056073272045,0.0,0.0,0.004448300489971475,0.0,0.0,0.0,0.0,0.0007050844543553013
2018-12-27 20:00:00,0.0,0.0,0.0,0.0031662596315052923,0.0,0.0,0.09848414111105598,0.016417712880944776,0.0,0.0,0.0,5.094592251419312e-07,0.045593712258982594,0.001520636825265809,0.00019884806439921543,0.0,0.0,0.004496564328648311,0.0,0.0,0.0,0.0,0.001085982434304316
2018-12-27 21:00:00,0.0,0.0,0.0,0.0032058830803267705,0.0,0.0,0.09404203948839898,0.016612450317065264,0.0,0.0,0.0,5.158347388026492e-07,0.04359903998237563,0.0014730282025974314,0.0002827479563402443,0.0,0.0,0.004552835578414389,0.0,0.0,0.0,0.0,0.0013749406709208638
2018-12-27 22:00:00,0.0,0.0,0.0,0.0035131837139075954,0.0,0.0,0.10220363779010011,0.018028664550987075,0.0,0.0,0.0,5.652801920787854e-07,0.01109455143973024,0.0015597016795741868,0.00010414593987321089,0.0,0.0,0.004989248642390962,0.0,0.0,0.0,0.0,0.0015004925329716102
2018-12-27 23:00:00,0.0,0.0,0.0,0.0036903230802171456,0.0,0.0,0.10813017799985422,0.019040175532010744,0.0,0.0,0.0,6.01699464727099e-07,0.00048491029762748745,0.0015377938998996376,7.631659074646533e-05,0.0,0.0,0.005310690662054265,0.0,0.0,0.0,0.0,0.0016702665249430234
2018-12-28 00:00:00,0.0,0.0,0.0,0.0037366066301944803,0.0,0.0,0.10980803205080543,0.01927897492617143,0.0,0.0,0.0,6.092459008091652e-07,0.0,0.0015328554327804765,4.9869445593274416e-05,0.0,0.0,0.005377296650562158,0.0,0.0,0.0,0.0,0.0017585045026093937
2018-12-28 01:00:00,0.0,0.0,0.0,0.0038099998721288887,0.0,0.0,0.10734705858962866,0.019360780736596344,0.0,0.0,0.0,6.130386666120739e-07,0.0,0.0015475074312750793,4.641240195593036e-05,0.0,0.0,0.005410772176324843,0.0,0.0,0.0,0.0,0.0016972292770497258
2018-12-28 02:00:00,0.0,0.0,0.0,0.003880899439936781,0.0,0.0,0.10591389473723585,0.0197599853918759,0.0,0.0,0.0,6.244465873393879e-07,0.0,0.001558956462554052,5.4543045082614334e-05,0.0,0.0,0.005511460213512113,0.0,0.0,0.0,0.0,0.0018046781467695088
2018-12-28 03:00:00,0.0,0.0,0.0,0.003874736314058922,0.0,0.0,0.10794824002189535,0.019793374116711775,0.0,0.0,0.0,6.23454924715469e-07,0.0,0.0015392682721389191,5.217381999451291e-05,0.0,0.0,0.005502707648908881,0.0,0.0,0.0,0.0,0.00226546323506293
2018-12-28 04:00:00,0.0,0.0,0.0,0.0037275963830392072,0.0,0.0,0.11256592298170515,0.01894204164532588,0.0,0.0,0.0,5.997797357010096e-07,0.0004126270714166831,0.0014796181478177706,5.6388207575468495e-05,0.0,0.0,0.005293746842738834,0.0,0.0,0.0,0.0,0.002307506245236088
2018-12-28 05:00:00,0.0,0.0,0.0,0.0034952502700162646,0.0,0.0,0.11443724557610371,0.01778472847901582,0.0,0.0,0.0,5.623946553596565e-07,0.00046428894196307393,0.001458823933753086,8.625947486250109e-05,0.0,0.0,0.004963780458010505,0.0,0.0,0.0,0.0,0.0022175093606663005
2018-12-28 06:00:00,0.0,0.0,0.0,0.003208370290772132,0.0,0.0,0.11973847901379128,0.016303557954384033,0.0,0.0,0.0,5.162349372872112e-07,0.008751941003327218,0.0014170273937154593,0.00017361449425752802,0.0,0.0,0.004556367790888429,0.0,9.55823006259093e-05,0.0,0.0,0.0024897371227562805
2018-12-28 07:00:00,0.0,0.0,0.0,0.00312072969242359,0.0,0.0,0.12199781995918246,0.015889503943723484,0.0,0.0,0.0,5.02133342180686e-07,0.023046438959933642,0.0013738729470304657,0.00024753009689791134,0.0,0.0,0.004431904975409176,0.0,0.0002066030044331648,0.0,0.0,0.0021703109571639258
2018-12-28 08:00:00,0.0,0.0,0.0,0.0029872731350883124,0.0,0.0,0.11742723598670372,0.01520001072768868,0.0,0.0,0.0,4.806598427829703e-07,0.03574144049885839,0.0013343156926918147,0.0003072737591860611,0.0,0.0,0.004242376615458253,0.0,0.00046475414860015627,0.0,0.0,0.0019111571595829806
2018-12-28 09:00:00,0.0,0.0,0.0,0.0029849615227662144,0.0,0.0,0.11837496155419314,0.015108415238829909,0.0,0.0,0.0,4.802878984829115e-07,0.03258894724450989,0.0013128930496729308,0.0003093596435821405,0.0,0.0,0.004239093778698504,0.0,0.0008003394788992211,0.0,0.0,0.002077659226269771
2018-12-28 10:00:00,0.0,0.0,0.0,0.0030349599417594407,0.0,0.0,0.1208550484412394,0.015483239502053913,0.0,0.0,0.0,4.883327712233384e-07,0.03456982384161509,0.0013088953063993753,0.00020988586521927862,0.0,0.0,0.004310099044690185,0.0,0.0013261033691059512,0.0,0.0,0.002155608360489677
2018-12-28 11:00:00,0.0,0.0,0.0,0.0030483324131722433,0.0,0.0,0.12431047574554298,0.015561650952581064,0.0,0.0,0.0,4.90484435874086e-07,0.02479188986143862,0.0012983105845937354,0.00020202419565234,0.0,0.0,0.004329089962978238,0.0,0.0015741184395081603,0.0,0.0,0.0023763802060492467
2018-12-28 12:00:00,0.0,0.0,0.0,0.0030133727603035023,0.0,0.0,0.12201312757384385,0.015443628253814116,0.0,0.0,0.0,4.848593388401853e-07,0.030597525638684626,0.0013003851003246588,0.00016642274244501505,0.0,0.0,0.004279442004084617,0.0,0.0015261413971848499,0.0,0.0,0.002193827388161752
2018-12-28 13:00:00,0.0,0.0,0.0,0.003046863678989024,0.0,0.0,0.12314114581040929,0.015808805257573184,0.0,0.0,0.0,4.902481128096483e-07,0.023903033780077253,0.001334842036148456,0.00016660567925021996,0.0,0.0,0.004327004139797215,0.0,0.0010085641055450542,0.0,0.0,0.0021171359601399094
2018-12-28 14:00:00,0.0,0.0,0.0,0.003007154976602346,0.0,0.0,0.1253991163081377,0.01567314769437351,0.0,0.0,0.0,4.838588816335269e-07,0.024157407128710104,0.0013466408619574137,0.0002199839646965136,0.0,0.0,0.004270611817161323,0.0,0.0004280305330870659,0.0,0.0,0.002289057231494586
2018-12-28 15:00:00,0.0,0.0,0.0,0.002934047117359704,0.0,0.0,0.12345447394042144,0.015203833310133839,0.0,0.0,0.0,4.720956411996289e-07,0.038208631512168946,0.0012993111540187303,0.0002128456771311704,0.0,0.0,0.0041667876743957406,0.0,0.00011654638677614149,0.0,0.0,0.0025983998918928226
2018-12-28 16:00:00,0.0,0.0,0.0,0.0028864075237935646,0.0,0.0,0.12152587500540606,0.014995569459296868,0.0,0.0,0.0,4.644303094678962e-07,0.04113025685896386,0.0012964395229676789,0.00025973317182453496,0.0,0.0,0.004099132294865488,0.0,3.821801470867655e-05,0.0,0.0,0.0026690595526960414
2018-12-28 17:00:00,0.0,0.0,0.0,0.002889843489152133,0.0,0.0,0.12158283616899804,0.014965114382216175,0.0,0.0,0.0,4.649831650302679e-07,0.03192977580640572,0.0013143321235174548,0.000319748099315217,0.0,0.0,0.004104011881843156,0.0,3.8263509245927365e-05,0.0,0.0,0.002685931787650524
2018-12-28 18:00:00,0.0,0.0,0.0,0.0030048618225914855,0.0,0.0,0.12419111863889534,0.015600922796886603,0.0,0.0,0.0,4.834899073226778e-07,0.014046228867735037,0.0013353719375496734,0.00030680702173150633,0.0,0.0,0.004267355193976435,0.0,0.0,0.0,0.0,0.002903194817828603
2018-12-28 19:00:00,0.0,0.0,0.0,0.002955809374430455,0.0,0.0,0.12231923925850832,0.015326484650007476,0.0,0.0,0.0,4.7559724369434705e-07,0.009787772868644469,0.0012964373110726404,0.0003595090949504482,0.0,0.0,0.004197693348675108,0.0,0.0,0.0,0.0,0.002971364822459476
2018-12-28 20:00:00,0.0,0.0,0.0,0.0030837814225947316,0.0,0.0,0.12062203028762278,0.01590756988947857,0.0,0.0,0.0,4.961882716217072e-07,0.006363922693396598,0.0013075930722720771,0.0001036141346327434,0.0,0.0,0.004379432881691855,0.0,0.0,0.0,0.0,0.0029410822957069804
2018-12-28 21:00:00,0.0,0.0,0.0,0.003226732133547567,0.0,0.0,0.10873320738793257,0.01650473905372723,0.0,0.0,0.0,5.191894044760259e-07,0.004990368065129633,0.0012967183658850782,8.146567656200124e-05,0.0,0.0,0.004582444366040611,0.0,0.0,0.0,0.0,0.0032914993537991495
2018-12-28 22:00:00,0.0,0.0,0.0,0.003350060649499302,0.0,0.0,0.10194444212449857,0.01705716690692785,0.0,0.0,0.0,5.390332762638884e-07,0.0023574553523344035,0.0012949429829328017,0.0001315913944117605,0.0,0.0,0.004757589385740104,0.0,0.0,0.0,0.0,0.0036891793782416046
2018-12-28 23:00:00,0.0,0.0,0.0,0.0032880914628000742,0.0,0.0,0.09813727797535658,0.017053979788229843,0.0,0.0,0.0,5.361164402505737e-07,0.0,0.0012234248769313236,0.0001511386350614448,0.0,0.0,0.0047318449490458174,0.0,0.0,0.0,0.0,0.003611977374025836
2018-12-29 00:00:00,0.0,0.0,0.0,0.003312215213101235,0.0,0.0,0.09219663851898238,0.01719031958003626,0.0,0.0,0.0,5.400497673137869e-07,0.0,0.0012022999372277156,7.598251249440483e-05,0.0,0.0,0.004766561089793734,0.0,0.0,0.0,0.0,0.0036941480711823946
2018-12-29 01:00:00,0.0,0.0,0.0,0.0033620681799496717,0.0,0.0,0.0891776968683269,0.01724246118489049,0.0,0.0,0.0,5.427506825305959e-07,0.0,0.0012011506161115175,4.4497491224577045e-05,0.0,0.0,0.004790399776815689,0.0,0.0,0.0,0.0,0.0036406887943165114
2018-12-29 02:00:00,0.0,0.0,0.0,0.0033997792635350253,0.0,0.0,0.08562419204740519,0.017423971755711247,0.0,0.0,0.0,5.470331276752295e-07,0.0,0.001199609687076501,3.948392451123114e-05,0.0,0.0,0.004828197286658382,0.0,0.0,0.0,0.0,0.0038990049507106536
2018-12-29 03:00:00,0.0,0.0,0.0,0.003388474974505486,0.0,0.0,0.0886433940828935,0.01733205389528614,0.0,0.0,0.0,5.452142388284448e-07,0.0,0.0011954316851603322,2.8373822972907528e-05,0.0,0.0,0.004812143498047625,0.0,0.0,0.0,0.0,0.003912135014677926
2018-12-29 04:00:00,0.0,0.0,0.0,0.003377662608697463,0.0,0.0,0.0907451555254477,0.017355792233512583,0.0,0.0,0.0,5.434745016787508e-07,0.0,0.0011935988340198767,3.197858834735257e-05,0.0,0.0,0.004796788314310675,0.0,0.0,0.0,0.0,0.003689562706767403
2018-12-29 05:00:00,0.0,0.0,0.0,0.003241794655132586,0.0,0.0,0.09016397210795497,0.01658178387119665,0.0,0.0,0.0,5.216130024965518e-07,0.0,0.0012359755857390495,4.1400416184092936e-05,0.0,0.0,0.004603835409461295,0.0,0.0,0.0,0.0,0.0031532352121250965
2018-12-29 06:00:00,0.0,0.0,0.0,0.0033021105226492833,0.0,0.0,0.09765302318636719,0.016934456584130078,0.0,0.0,0.0,5.313179789372272e-07,0.0,0.0013441701906431822,8.871825693568365e-05,0.0,0.0,0.004689493002296827,0.0,8.74444148887354e-05,0.0,0.0,0.0027346168756562073
2018-12-29 07:00:00,0.0,0.0,0.0,0.003265790129307737,0.0,0.0,0.09908274957881366,0.016737275048216878,0.0,0.0,0.0,5.254739353014761e-07,0.009378533341621215,0.0013395132273867827,0.00023120852821614536,0.0,0.0,0.0046379125875143454,0.0,0.00017296520213236577,0.0,0.0,0.0026639123136626675
2018-12-29 08:00:00,0.0,0.0,0.0,0.0031058591022932896,0.0,0.0,0.09901805187789563,0.01582417281267534,0.0,0.0,0.0,4.997406264192231e-07,0.010422164393167494,0.0012787310437085114,0.00023204004355514043,0.0,0.0,0.004410786503487129,0.0,0.00030842778057856273,0.0,0.0,0.003037571688136883
2018-12-29 09:00:00,0.0,0.0,0.0,0.003093069325595974,0.0,0.0,0.0995738796926856,0.015862415218005934,0.0,0.0,0.0,4.976827188297389e-07,0.025229101118928187,0.0012612806959320282,0.00012514095176779566,0.0,0.0,0.004392623099230484,0.0,0.0005324066626350331,0.0,0.0,0.0030690373826646857
2018-12-29 10:00:00,0.0,0.0,0.0,0.0032677474722951298,0.0,0.0,0.10601690564817204,0.016681758638034252,0.0,0.0,0.0,5.257888767648266e-07,0.00277493985886675,0.001321143908268961,0.00015056468183747095,0.0,0.0,0.004640692308598637,0.0,0.000865344341926319,0.0,0.0,0.0030642706061431778
2018-12-29 11:00:00,0.0,0.0,0.0,0.0031967611740163857,0.0,0.0,0.10340345977683084,0.016404873627248323,0.0,0.0,0.0,5.143670008842345e-07,0.008973034656853068,0.0012593539910460624,0.00016135073101089878,0.0,0.0,0.00453988110111366,0.0,0.0010158554360316769,0.0,0.0,0.002588668383192984
2018-12-29 12:00:00,0.0,0.0,0.0,0.0031016739676441533,0.0,0.0,0.09925481682398453,0.015875434747801946,0.0,0.0,0.0,4.990672276131845e-07,0.010329643192157522,0.0012265740316736167,0.00021201976887672862,0.0,0.0,0.004404842983572764,0.0,0.0008829682355333823,0.0,0.0,0.0023665175038554698
2018-12-29 13:00:00,0.0,0.0,0.0,0.0031270592069745965,0.0,0.0,0.09761275782901085,0.01605763768765706,0.0,0.0,0.0,5.031517771651687e-07,0.008881232655002735,0.0012388406232140274,0.00017099085424344436,0.0,0.0,0.0044408938369240435,0.0,0.0005486084059891623,0.0,0.0,0.0029193759792487937
2018-12-29 14:00:00,0.0,0.0,0.0,0.003044487524044308,0.0,0.0,0.09291663844213247,0.01560309082372776,0.0,0.0,0.0,4.898657834375062e-07,0.006889451495074511,0.0011898396613458872,0.0001263140357498685,0.0,0.0,0.004323629642817423,0.0,0.00023178883823132598,0.0,0.0,0.003435633997900154
2018-12-29 15:00:00,0.0,0.0,0.0,0.0029748650963367517,0.0,0.0,0.09011177128496276,0.015206492839413208,0.0,0.0,0.0,4.786633577995528e-07,0.0026955828725476636,0.001161009314929704,9.463451639871543e-05,0.0,0.0,0.0042247553364312285,0.0,6.89311938366646e-05,0.0,0.0,0.003520954988220528
2018-12-29 16:00:00,0.0,0.0,0.0,0.0028975164430438886,0.0,0.0,0.09153768404869132,0.01486923435737568,0.0,0.0,0.0,4.6621776282046405e-07,0.009287748509796115,0.0011038246683556694,0.00014801477806566043,0.0,0.0,0.0041149086290402995,0.0,3.836510441649036e-05,0.0,0.0,0.0034345568617495333
2018-12-29 17:00:00,0.0,0.0,0.0,0.0029974326117225493,0.0,0.0,0.09580990485001435,0.015361934501140116,0.0,0.0,0.0,4.822945284045866e-07,0.01232405341310185,0.0011272331164173374,0.00018547055439422692,0.0,0.0,0.004256804598488035,0.0,3.9688062998297595e-05,0.0,0.0,0.003263567864771764
2018-12-29 18:00:00,0.0,0.0,0.0,0.003146067399018062,0.0,0.0,0.09129457882328479,0.016081620452097295,0.0,0.0,0.0,5.062102435945969e-07,0.007950155102010751,0.0011709558989844188,0.0001258289758315693,0.0,0.0,0.004467888325134761,0.0,0.0,0.0,0.0,0.0032278520696905977
2018-12-29 19:00:00,0.0,0.0,0.0,0.003265651682068504,0.0,0.0,0.07508512659940013,0.016769318408741563,0.0,0.0,0.0,5.254516587886718e-07,0.0,0.0012213496542978581,8.780742335434132e-05,0.0,0.0,0.0046377159716363735,0.0,0.0,0.0,0.0,0.0031222746568272007
2018-12-29 20:00:00,0.0,0.0,0.0,0.0033875105183679838,0.0,0.0,0.06754634108954415,0.017383745278344145,0.0,0.0,0.0,5.450590553837248e-07,0.0,0.0012275536720832906,7.084309916867932e-05,0.0,0.0,0.0048107738254467795,0.0,0.0,0.0,0.0,0.0031846029432638727
2018-12-29 21:00:00,0.0,0.0,0.0,0.003362001209839533,0.0,0.0,0.061576469041555414,0.017410192921264157,0.0,0.0,0.0,5.409545427823268e-07,0.0,0.0012013084117253948,6.924861192817271e-05,0.0,0.0,0.0047745467751960135,0.0,0.0,0.0,0.0,0.0025691253161744297
2018-12-29 22:00:00,0.0,0.0,0.0,0.0037665443917514916,0.0,0.0,0.06534378162949554,0.0193288398458844,0.0,0.0,0.0,6.060465693308052e-07,0.0,0.0013292330411297487,9.081513036165215e-05,0.0,0.0,0.005349058866081746,0.0,0.0,0.0,0.0,0.0022914545462448034
2018-12-29 23:00:00,0.0,0.0,0.0,0.003864182184391347,0.0,0.0,0.06793799184399607,0.020130266152039805,0.0,0.0,0.0,6.258743327115109e-07,0.0,0.0013050711559285189,9.419548568199488e-05,0.0,0.0,0.00552406171053848,0.0,0.0,0.0,0.0,0.001914798027059653
2018-12-30 00:00:00,0.0,0.0,0.0,0.0038178818426983945,0.0,0.0,0.06300877559151133,0.019918189081698012,0.0,0.0,0.0,6.224976543267214e-07,0.0,0.0012813304250923474,0.00012005972417918771,0.0,0.0,0.005494258635385344,0.0,0.0,0.0,0.0,0.0017027909730789165
2018-12-30 01:00:00,0.0,0.0,0.0,0.003659646435085102,0.0,0.0,0.055828703906288676,0.01910506113632409,0.0,0.0,0.0,5.966977018585515e-07,0.0,0.0012192107081098783,8.208006545679795e-05,0.0,0.0,0.005266544344969121,0.0,0.0,0.0,0.0,0.002185809212808391
2018-12-30 02:00:00,0.0,0.0,0.0,0.003671756852137023,0.0,0.0,0.04998458855586106,0.01915584354260568,0.0,0.0,0.0,5.986722800457097e-07,0.0,0.0012152930026638291,7.593263758049677e-05,0.0,0.0,0.005283972271292427,0.0,0.0,0.0,0.0,0.0023737755878963235
2018-12-30 03:00:00,0.0,0.0,0.0,0.0035666176482356915,0.0,0.0,0.04867759134051328,0.018619407483239783,0.0,0.0,0.0,5.815295526112482e-07,0.0,0.001184987043784917,3.801976218107767e-05,0.0,0.0,0.005132667961009174,0.0,0.0,0.0,0.0,0.002911692477713275
2018-12-30 04:00:00,0.0,0.0,0.0,0.0036009825363716042,0.0,0.0,0.04853393628478992,0.018811006205516696,0.0,0.0,0.0,5.87132675792422e-07,0.0,0.0011992081244660627,5.2972801727689066e-05,0.0,0.0,0.005182121975348535,0.0,0.0,0.0,0.0,0.0029159696990753597
2018-12-30 05:00:00,0.0,0.0,0.0,0.0036227721839542856,0.0,0.0,0.05200605208657254,0.018851195781256287,0.0,0.0,0.0,5.906854322861217e-07,0.0,0.0013365162200638795,9.901748170371045e-05,0.0,0.0,0.005213479142575202,0.0,0.0,0.0,0.0,0.0021376893040627593
2018-12-30 06:00:00,0.0,0.0,0.0,0.003460550565038654,0.0,0.0,0.053415699371341385,0.018124304608065064,0.0,0.0,0.0,5.642355363970725e-07,0.0,0.001377237132790519,7.997556652834106e-05,0.0,0.0,0.0049800283530286454,0.0,4.6430996404794144e-05,0.0,0.0,0.002035735345056654
2018-12-30 07:00:00,0.0,0.0,0.0,0.0034154749908682845,0.0,0.0,0.05466629628196339,0.017818800967356056,0.0,0.0,0.0,5.568860582454246e-07,0.0,0.0013540280008415904,0.00010318196348788233,0.0,0.0,0.0049151607450632125,0.0,9.165241428564317e-05,0.0,0.0,0.002035871674761762
2018-12-30 08:00:00,0.0,0.0,0.0,0.003206277493035319,0.0,0.0,0.060258173717758476,0.017008490831809126,0.0,0.0,0.0,5.298413954267699e-07,0.0,0.0012715268675129187,6.83109663963853e-05,0.0,0.0,0.004676460452460197,0.0,0.00018530297179412324,0.0,0.0,0.0021944880206464404
2018-12-30 09:00:00,0.0,0.0,0.0,0.0032959637688091035,0.0,0.0,0.06496283912010845,0.01732194765914954,0.0,0.0,0.0,5.410067147221565e-07,0.0,0.0012968186945613962,6.82649176154526e-05,0.0,0.0,0.0047750072526435055,0.0,0.0003338962083100231,0.0,0.0,0.002537504900058555
2018-12-30 10:00:00,0.0,0.0,0.0,0.003328412281991865,0.0,0.0,0.06393693095129105,0.017398415448739563,0.0,0.0,0.0,5.426906655413392e-07,0.005792286831694097,0.0012758840613533598,9.970025694659635e-05,0.0,0.0,0.004789870057773053,0.0,0.0005024032528022016,0.0,0.0,0.003324608261591268
2018-12-30 11:00:00,0.0,0.0,0.0,0.0032686372222095264,0.0,0.0,0.06221245983909357,0.017041662927438073,0.0,0.0,0.0,5.329444669854805e-07,0.006327276188330498,0.0012356657774819087,0.00013986109539329807,0.0,0.0,0.004703848632301783,0.0,0.0005701286669240711,0.0,0.0,0.0038025115039200677
2018-12-30 12:00:00,0.0,0.0,0.0,0.0031840329565556926,0.0,0.0,0.06158773303628498,0.016578989616633334,0.0,0.0,0.0,5.19149918310207e-07,0.0,0.0012061160580070821,0.0001221892212195606,0.0,0.0,0.004582095855157043,0.0,0.0005233309829623653,0.0,0.0,0.00408252492149345
2018-12-30 13:00:00,0.0,0.0,0.0,0.003096456821465939,0.0,0.0,0.05892897876754788,0.01618592819478115,0.0,0.0,0.0,5.048708125351993e-07,0.0,0.0011553654562236732,4.1061825761506013e-05,0.0,0.0,0.004456066303616371,0.0,0.00036352634136569675,0.0,0.0,0.004503689949014816
2018-12-30 14:00:00,0.0,0.0,0.0,0.003134526924157623,0.0,0.0,0.06153613861626693,0.016395547729086808,0.0,0.0,0.0,5.110780632050632e-07,0.0,0.0011393094867493548,5.640236263319402e-05,0.0,0.0,0.0045108524387252455,0.0,0.00018925498276919507,0.0,0.0,0.005153640005532534
2018-12-30 15:00:00,0.0,0.0,0.0,0.0031018153689932612,0.0,0.0,0.07067310199463352,0.016203429915350752,0.0,0.0,0.0,5.057445125091091e-07,0.019524077993272923,0.0011192968492020794,5.9450906357804484e-05,0.0,0.0,0.004463777711993615,0.0,6.242664665894831e-05,0.0,0.0,0.005073790044967922
2018-12-30 16:00:00,0.0,0.0,0.0,0.0029379669380273574,0.0,0.0,0.07924986708498567,0.015387322540867793,0.0,0.0,0.0,4.790293683156207e-07,0.0399750354320539,0.0010785954720385698,0.00012383301238107073,0.0,0.0,0.004227985800714219,0.0,3.9419372661421744e-05,0.0,0.0,0.004759921940760863
2018-12-30 17:00:00,0.0,0.0,0.0,0.002719622185444308,0.0,0.0,0.07857267803238226,0.014234548793575033,0.0,0.0,0.0,4.4342871279050576e-07,0.0575654161040789,0.0009971271920312017,0.0001677992171503875,0.0,0.0,0.0039137690198400845,0.0,3.648979130387381e-05,0.0,0.0,0.004561262000323044
2018-12-30 18:00:00,0.0,0.0,0.0,0.002809524587978288,0.0,0.0,0.0800988494396977,0.01534279607912522,0.0,0.0,0.0,4.580871116099373e-07,0.04378300564462643,0.0009996649334169376,0.00015891061362552245,0.0,0.0,0.004043146269271957,0.0,0.0,0.0,0.0,0.004570378520686748
2018-12-30 19:00:00,0.0,0.0,0.0,0.003034682974979023,0.0,0.0,0.0873342323403898,0.01676324333525544,0.0,0.0,0.0,4.931548664302501e-07,0.024728152863415596,0.0010936174599634042,0.00011349156703879457,0.0,0.0,0.004352659587765452,0.0,0.0,0.0,0.0,0.004564396909043776
2018-12-30 20:00:00,0.0,0.0,0.0,0.0031284424929113467,0.0,0.0,0.08872002058528677,0.016336669184753443,0.0,0.0,0.0,5.033743513894913e-07,0.018448087434597485,0.001120169567430305,4.870689047887695e-05,0.0,0.0,0.004442858310758602,0.0,0.0,0.0,0.0,0.00459782728780699
2018-12-30 21:00:00,0.0,0.0,0.0,0.0031411428741512392,0.0,0.0,0.08871799606418619,0.0163084795131647,0.0,0.0,0.0,5.054178750225823e-07,0.013371913597427504,0.0010967219774974998,8.485612630123788e-05,0.0,0.0,0.004460894760036259,0.0,0.0,0.0,0.0,0.004582999559244642
2018-12-30 22:00:00,0.0,0.0,0.0,0.003134710561054759,0.0,0.0,0.08961399603255674,0.01639650826558392,0.0,0.0,0.0,5.11108004817304e-07,0.010995787070038603,0.0010991295649288408,7.257885351772165e-05,0.0,0.0,0.004511116707932475,0.0,0.0,0.0,0.0,0.004452072512772691
2018-12-30 23:00:00,0.0,0.0,0.0,0.003265025314598872,0.0,0.0,0.09180081350970336,0.016940747863280477,0.0,0.0,0.0,5.253508746702257e-07,0.01241228677407466,0.0010539549022518223,6.649552700867468e-05,0.0,0.0,0.004636826435733332,0.0,0.0,0.0,0.0,0.004636094713774473
2018-12-31 00:00:00,0.0,0.0,0.0,0.003499745748616307,0.0,0.0,0.09589410682988961,0.01820540823099806,0.0,0.0,0.0,5.631179892964667e-07,0.0,0.0011334384775461659,6.472258965734122e-05,0.0,0.0,0.004970164712956629,0.0,0.0,0.0,0.0,0.004654259061775641
2018-12-31 01:00:00,0.0,0.0,0.0,0.0036700450793575794,0.0,0.0,0.08011419918660838,0.019066751819551222,0.0,0.0,0.0,5.905195846104905e-07,0.0,0.001195667249019551,7.358593658138038e-05,0.0,0.0,0.005212015345856191,0.0,0.0,0.0,0.0,0.005050313309469998
2018-12-31 02:00:00,0.0,0.0,0.0,0.0037516215076802274,0.0,0.0,0.07747804356121953,0.019415308665495436,0.0,0.0,0.0,6.036454393412804e-07,0.0,0.0012072030969353077,0.00010600480416180421,0.0,0.0,0.005327866128907664,0.0,0.0,0.0,0.0,0.005244797597361182
2018-12-31 03:00:00,0.0,0.0,0.0,0.003771192048269543,0.0,0.0,0.07444926126328048,0.01951658969438236,0.0,0.0,0.0,6.067943890815458e-07,0.0,0.0012210339081321839,0.00014337297705875647,0.0,0.0,0.005355659236532398,0.0,0.0,0.0,0.0,0.005207372388734594
2018-12-31 04:00:00,0.0,0.0,0.0,0.0036405971959964645,0.0,0.0,0.08226255947450359,0.018901593198824524,0.0,0.0,0.0,5.857813453044197e-07,0.0,0.0011860732727594335,8.624650865432199e-05,0.0,0.0,0.005170194927669943,0.0,0.0,0.0,0.0,0.005193101677178125
2018-12-31 05:00:00,0.0,0.0,0.0,0.003450316508683783,0.0,0.0,0.0877764213838098,0.017925209949053177,0.0,0.0,0.0,5.551646989140839e-07,0.0,0.0011875106220093235,5.98884941501035e-05,0.0,0.0,0.004899967766736172,0.0,0.0,0.0,0.0,0.004893062861609047
2018-12-31 06:00:00,0.0,0.0,0.0,0.0031638679774462215,0.0,0.0,0.1078372747457098,0.01639473376543782,0.0,0.0,0.0,5.090744019228819e-07,0.006028873836028637,0.001197602416720493,8.427185657105715e-05,0.0,0.0,0.004493167820597779,0.0,6.283767203778171e-05,0.0,0.0,0.004434358551216977
2018-12-31 07:00:00,0.0,0.0,0.0,0.002944389080454682,0.0,0.0,0.104680779168496,0.015316485553775955,0.0,0.0,0.0,4.737596893567628e-07,0.038217593398882574,0.0011274804527321722,0.0001796485453039835,0.0,0.0,0.004181474815613836,0.0,0.00011695719082347952,0.0,0.0,0.004065698644620039
2018-12-31 08:00:00,0.0,0.0,0.0,0.0029649499021214064,0.0,0.0,0.10834278600778512,0.015578865250948905,0.0,0.0,0.0,4.834288842114443e-07,0.022791358573932736,0.001165181386074906,0.000209484904493647,0.0,0.0,0.004266816594748756,0.0,0.0002784698647250636,0.0,0.0,0.004194951885861938
2018-12-31 09:00:00,0.0,0.0,0.0,0.003117181230032001,0.0,0.0,0.11421019281048551,0.016142387583492557,0.0,0.0,0.0,5.015623855596697e-07,0.026037018715445177,0.0012322275361285203,0.00016428589998040752,0.0,0.0,0.004426865625744732,0.0,0.0005056018059412455,0.0,0.0,0.004200888614585425
2018-12-31 10:00:00,0.0,0.0,0.0,0.0031753177049289494,0.0,0.0,0.11729133851980995,0.016519019751077713,0.0,0.0,0.0,5.12602885890158e-07,0.020997937246460617,0.0012425739117327235,0.00033848546689742114,0.0,0.0,0.004524310754827776,0.0,0.0007487329964061143,0.0,0.0,0.004191451175409765
2018-12-31 11:00:00,0.0,0.0,0.0,0.003258499129981762,0.0,0.0,0.12046237169650345,0.016939567596805854,0.0,0.0,0.0,5.243007949720597e-07,0.010970440194811856,0.0012839940735631166,0.00031337139073820303,0.0,0.0,0.004627558273179802,0.0,0.0008197504913545352,0.0,0.0,0.004161635877242162
2018-12-31 12:00:00,0.0,0.0,0.0,0.003327131676917857,0.0,0.0,0.12240733949609081,0.017318605147510775,0.0,0.0,0.0,5.353439462770449e-07,0.006339979183386485,0.0013182423779955416,0.00023639134628165195,0.0,0.0,0.004725026800165508,0.0,0.0007819497081211843,0.0,0.0,0.00421381440101541
2018-12-31 13:00:00,0.0,0.0,0.0,0.0034040243265238386,0.0,0.0,0.123769550228654,0.017548149984945253,0.0,0.0,0.0,5.477161691034939e-07,9.151080683922058e-05,0.0013564589492039445,0.00014996842425477088,0.0,0.0,0.004834225913817832,0.0,0.0005408593930304012,0.0,0.0,0.003788934941124036
2018-12-31 14:00:00,0.0,0.0,0.0,0.003479536222471856,0.0,0.0,0.12626175100311843,0.018088646550114742,0.0,0.0,0.0,5.598662251557154e-07,0.0015791888394550229,0.001390632346810897,0.00012042530994204608,0.0,0.0,0.004941464149851884,0.0,0.0002533929495003012,0.0,0.0,0.0028650610146507692
2018-12-31 15:00:00,0.0,0.0,0.0,0.0035746403683449453,0.0,0.0,0.13484692327188946,0.018642805619229763,0.0,0.0,0.0,5.751687240355228e-07,0.005302320850201278,0.0014468679865044425,0.0003018841131818297,0.0,0.0,0.005076526324028736,0.0,9.466137892828387e-05,0.0,0.0,0.0022848174828778633
2018-12-31 16:00:00,0.0,0.0,0.0,0.003248430701817039,0.0,0.0,0.12319179661634261,0.01680034611894885,0.0,0.0,0.0,5.226807592806851e-07,0.05485737204322138,0.0013301694001323792,0.0004594123132267256,0.0,0.0,0.004613259592654501,0.0,4.3011449810452745e-05,0.0,0.0,0.0018242302657636073
2018-12-31 17:00:00,0.0,0.0,0.0,0.003283991693249231,0.0,0.0,0.12545051881025515,0.017039155871683524,0.0,0.0,0.0,5.284026132183896e-07,0.051209884206108794,0.00135711727251899,0.0003554822640847773,0.0,0.0,0.004663761542644414,0.0,4.348230171975778e-05,0.0,0.0,0.001597139755148414
2018-12-31 18:00:00,0.0,0.0,0.0,0.0036449072069819613,0.0,0.0,0.1342975929893257,0.018911784145269728,0.0,0.0,0.0,5.864748370304853e-07,0.009101215242458558,0.0014656859324674012,0.00016242127512200363,0.0,0.0,0.005176315790741508,0.0,0.0,0.0,0.0,0.0015416379802763876
2018-12-31 19:00:00,0.0,0.0,0.0,0.0037231075990007963,0.0,0.0,0.1327880341564512,0.019292637461745667,0.0,0.0,0.0,5.990574789361873e-07,0.0,0.0014841814620958204,0.00013794166609470396,0.0,0.0,0.005287372095075918,0.0,0.0,0.0,0.0,0.001210809013046015
2018-12-31 20:00:00,0.0,0.0,0.0,0.0037205859174974463,0.0,0.0,0.12678986586975444,0.019341762613735814,0.0,0.0,0.0,5.986517339707497e-07,0.0,0.001460931407263499,0.00010027461354302049,0.0,0.0,0.005283790928521113,0.0,0.0,0.0,0.0,0.0011262374150444834
2018-12-31 21:00:00,0.0,0.0,0.0,0.00375741355286547,0.0,0.0,0.11979029242814891,0.019369913448439486,0.0,0.0,0.0,6.045773941382588e-07,0.0,0.0014349762537736311,9.968609583742749e-05,0.0,0.0,0.005336091703181715,0.0,0.0,0.0,0.0,0.0009504178527696795
2018-12-31 22:00:00,0.0,0.0,0.0,0.0037955087507069,0.0,0.0,0.11122308107106185,0.019743944621766915,0.0,0.0,0.0,6.107070083306038e-07,0.0,0.0014538197179962719,0.00013543358328686704,0.0,0.0,0.005390192606974352,0.0,0.0,0.0,0.0,0.0007194782810296894
2018-12-31 23:00:00,0.0,0.0,0.0,0.003765904853992862,0.0,0.0,0.09772478542716348,0.019602536215162492,0.0,0.0,0.0,6.059436660793728e-07,0.0,0.0014098640761575027,9.785134722865251e-05,0.0,0.0,0.00534815062638982,0.0,0.0,0.0,0.0,0.0005532465790086307
